timestamp,tipPressure,tipUpperRange,tipLowerRange,fingerPressure,fingerUpperRange,fingerLowerRange,angle,writtingSpeed,accX,accY,accZ,gyroX,gyroY,gyroZ
2581,0,170,30,30,170,30,49,8,-0.804150402545929,-0.16627930104732513,-0.6531054973602295,-5.0643510818481445,-2.6735877990722656,0.8291602730751038
2582,0,170,30,30,170,30,49,17,-0.765576183795929,-0.21510742604732513,-0.7016894817352295,7.210457801818848,2.593587875366211,-7.4761834144592285
2584,0,170,30,29,170,30,49,17,-0.786572277545929,-0.17287109792232513,-0.6929004192352295,11.470000267028809,0.5935877561569214,-5.292977333068848
2585,0,170,30,30,170,30,49,5,-0.810742199420929,-0.13063476979732513,-0.6528613567352295,-1.2170226573944092,2.914198398590088,1.3635114431381226
2586,0,170,30,30,170,30,49,4,-0.781933605670929,-0.14381836354732513,-0.6855762004852295,-3.4154961109161377,-0.24610692262649536,1.1039694547653198
2587,0,170,30,29,170,30,49,14,-0.809765636920929,-0.16554687917232513,-0.6704394817352295,5.744809150695801,3.0821373462677,-5.4761834144592285
2588,0,170,30,27,170,30,49,10,-0.794873058795929,-0.17189453542232513,-0.6440722942352295,-4.926946640014648,-2.9178626537323,2.1726717948913574
2589,0,170,30,27,170,30,49,11,-0.786816418170929,-0.17482422292232513,-0.6640918254852295,4.920381546020508,3.631755828857422,-3.2166411876678467
2590,0,170,30,26,170,30,49,10,-0.772900402545929,-0.16872070729732513,-0.6616504192352295,-6.560534477233887,1.158473253250122,2.584885358810425
2591,0,170,30,26,170,30,49,12,-0.781445324420929,-0.18410156667232513,-0.6677539348602295,5.485267162322998,6.486717700958252,-0.6517557501792908
2592,0,170,30,26,170,30,49,7,-0.777294933795929,-0.15407226979732513,-0.6699512004852295,1.1341221332550049,-5.421679496765137,0.9207633137702942
2593,0,170,30,26,170,30,49,8,-0.777294933795929,-0.19850586354732513,-0.6682422161102295,-3.049083948135376,0.4714503586292267,5.256641387939453
2594,0,170,30,26,170,30,49,4,-0.788769543170929,-0.14064453542232513,-0.6804492473602295,-3.125419855117798,0.349312961101532,1.2108396291732788
2595,0,170,30,26,170,30,49,5,-0.794384777545929,-0.15773437917232513,-0.6645801067352295,-1.8277099132537842,1.3111450672149658,2.3406107425689697
2596,0,170,30,27,170,30,49,10,-0.793164074420929,-0.14235351979732513,-0.6596972942352295,-8.71320629119873,-1.6048853397369385,0.2795419991016388
2597,0,170,30,26,170,30,49,3,-0.795117199420929,-0.13747070729732513,-0.6855762004852295,0.950916051864624,2.1355724334716797,0.5390839576721191
2598,0,170,30,26,170,30,49,1,-0.791210949420929,-0.14699219167232513,-0.6645801067352295,0.309694766998291,0.9447327852249146,-0.17847329378128052
2599,0,170,30,26,170,30,49,20,-0.795117199420929,-0.12379883229732513,-0.6880176067352295,-11.155954360961914,0.8378625512123108,8.065801620483398
2600,0,170,30,26,170,30,49,3,-0.775341808795929,-0.15919922292232513,-0.6919238567352295,0.32496190071105957,-1.6354198455810547,-1.1403053998947144
2601,0,170,30,26,170,30,49,3,-0.787304699420929,-0.14967773854732513,-0.6848437786102295,-1.9651143550872803,0.8073282241821289,0.6612213253974915
2608,0,170,30,26,170,30,49,7,-0.804638683795929,-0.10792969167232513,-0.6609179973602295,-2.5758016109466553,-0.49038165807724,4.035267353057861
2609,0,170,30,27,170,30,49,8,-0.779003918170929,-0.15797851979732513,-0.6853320598602295,-2.6674044132232666,-1.696488618850708,4.401679515838623
2610,0,170,30,27,170,30,48,1,-0.796093761920929,-0.14381836354732513,-0.6726367473602295,0.6913740634918213,-0.47511452436447144,0.21847328543663025
2611,0,170,30,28,170,30,48,11,-0.798779308795929,-0.11793945729732513,-0.6704394817352295,-4.468931198120117,-3.5285496711730957,3.607786178588867
2612,1,170,30,30,170,30,48,1,-0.799267590045929,-0.14650391042232513,-0.6628711223602295,-0.8200762271881104,0.16610682010650635,0.09633587300777435
2613,9,170,30,33,170,30,48,13,-0.802197277545929,-0.12819336354732513,-0.6638476848602295,-8.484198570251465,-0.15450388193130493,4.478015422821045
2614,19,170,30,39,170,30,48,42,-0.811718761920929,-0.12965820729732513,-0.6189258098602295,15.668473243713379,-7.207939147949219,-20.05633544921875
2615,32,170,30,55,170,30,48,55,-0.762890636920929,-0.18019531667232513,-0.6719043254852295,4.569236755371094,-16.917863845825195,-33.75099182128906
2616,47,170,30,78,170,30,48,8,-0.781445324420929,-0.23537109792232513,-0.6211230754852295,2.553969383239746,-1.9254961013793945,-4.453282356262207
2617,60,170,30,93,170,30,48,11,-0.801220715045929,-0.12770508229732513,-0.6011035442352295,-6.8811445236206055,-1.9254961013793945,-2.346412181854248
2618,71,170,30,102,170,30,47,16,-0.808544933795929,-0.23927734792232513,-0.6030566692352295,-1.4460303783416748,-6.71938943862915,-8.224274635314941
2619,87,170,30,108,170,30,48,11,-0.816113293170929,-0.21950195729732513,-0.6199023723602295,2.7524428367614746,-1.5438168048858643,-7.4761834144592285
2620,86,170,30,105,170,30,49,78,-0.971630871295929,-0.26369139552116394,-0.6172168254852295,62.0806884765625,4.257709980010986,-12.14793872833252
2621,24,170,30,72,170,30,65,221,-0.43256837129592896,-0.27809569239616394,-1.2898242473602295,91.51580047607422,127.12793731689453,2.798625946044922
2622,9,170,30,64,170,30,57,103,-0.48383790254592896,-0.19069336354732513,-0.7868945598602295,-16.530000686645508,-32.18503952026367,54.32534408569336
2623,3,170,30,57,170,30,49,53,-0.663769543170929,-0.6472363471984863,-0.8354785442352295,1.9585496187210083,-44.76519012451172,6.661221504211426
2624,0,170,30,66,170,30,42,76,-0.777783215045929,-0.26173827052116394,-0.4822070300579071,-10.07198429107666,-61.559085845947266,-4.667022705078125
2625,0,170,30,92,170,30,40,56,-0.703564465045929,-0.38771483302116394,-0.7458789348602295,14.96618366241455,-16.612520217895508,-24.758625030517578
2626,0,170,30,105,170,30,41,21,-0.835400402545929,-0.18605469167232513,-0.5666797161102295,-6.270458221435547,0.7767938375473022,14.447481155395508
2627,0,170,30,119,170,30,41,61,-0.769238293170929,-0.43190428614616394,-0.5857226848602295,-9.278091430664062,-14.872060775756836,37.18030548095703
2628,0,170,30,134,170,30,43,22,-0.797802746295929,-0.30250975489616394,-0.6096484661102295,11.179924011230469,0.7615267038345337,-10.575419425964355
2629,0,170,30,143,170,30,43,36,-0.786816418170929,-0.22609375417232513,-0.6601855754852295,-11.00328254699707,-9.02473258972168,16.081069946289062
2630,14,170,30,167,170,30,45,45,-0.814404308795929,-0.33009764552116394,-0.6482226848602295,-25.781909942626953,-8.200304985046387,11.378779411315918
2631,56,170,30,227,170,30,44,43,-0.886669933795929,-0.42702147364616394,-0.5061328411102295,-5.78190803527832,-18.459848403930664,-19.03343391418457
2632,96,170,30,286,170,30,45,61,-0.892041027545929,-0.40919920802116394,-0.5876758098602295,-27.430763244628906,-9.406412124633789,-24.63648796081543
2633,118,170,30,315,170,30,46,20,-0.842480480670929,-0.30055662989616394,-0.5368945598602295,18.584503173828125,1.0210686922073364,0.4016793966293335
2634,116,170,30,289,170,30,46,27,-0.825634777545929,-0.24562500417232513,-0.5058887004852295,17.821144104003906,-0.7651908993721008,-9.369312286376953
2635,44,170,30,236,170,30,59,347,-0.672558605670929,0.055644530802965164,-0.4714648425579071,8.12648868560791,269.6470031738281,-69.81206512451172
2636,15,170,30,151,170,30,62,95,-0.29829102754592896,-0.34328123927116394,-1.0185840129852295,21.057785034179688,3.84549617767334,70.12686920166016
2637,6,170,30,99,170,30,52,186,-0.09638671576976776,-0.41408202052116394,0.2909863293170929,-43.766639709472656,-27.894962310791016,114.9054946899414
2638,1,170,30,92,170,30,47,85,-0.769238293170929,-0.24953125417232513,-0.6831347942352295,-57.98038101196289,9.921832084655762,17.500917434692383
2639,0,170,30,90,170,30,43,71,-0.721630871295929,-0.34450194239616394,-0.7942187786102295,-17.96511459350586,-49.055267333984375,4.081068515777588
2640,0,170,30,96,170,30,41,25,-0.860546886920929,-0.19606445729732513,-0.5171191692352295,-0.6368701457977295,-3.8644275665283203,20.813894271850586
2641,0,170,30,101,170,30,42,50,-0.749707043170929,-0.27614256739616394,-0.7036426067352295,-14.804808616638184,-15.543816566467285,20.493282318115234
2642,0,170,30,116,170,30,43,24,-0.768750011920929,-0.31325194239616394,-0.6379687786102295,8.401297569274902,8.211908340454102,-8.239541053771973
2643,0,170,30,132,170,30,42,26,-0.822460949420929,-0.29030272364616394,-0.5295703411102295,7.821145057678223,-11.238472938537598,7.745190620422363
2644,0,170,30,150,170,30,43,34,-0.768261730670929,-0.33131834864616394,-0.6174609661102295,14.859313011169434,-11.070534706115723,8.752824783325195
2645,0,170,30,169,170,30,43,23,-0.859814465045929,-0.31007811427116394,-0.5439746379852295,4.950916290283203,-12.9941987991333,5.256641387939453
2646,1,170,30,189,170,30,44,19,-0.820507824420929,-0.33815428614616394,-0.4546191394329071,-10.010915756225586,-9.849160194396973,0.08106870204210281
2647,25,170,30,217,170,30,45,48,-0.818310558795929,-0.25587889552116394,-0.5620410442352295,-12.759007453918457,-17.360610961914062,-18.865495681762695
2648,65,170,30,276,170,30,45,56,-0.808300793170929,-0.28615233302116394,-0.4099414050579071,-38.194122314453125,-9.345343589782715,-8.60595417022705
2649,101,170,30,315,170,30,46,14,-0.859082043170929,-0.18312500417232513,-0.5014941692352295,-8.621603012084961,1.7233587503433228,-4.636488437652588
2650,61,170,30,321,170,30,51,213,-1.3083007335662842,-0.0017285160720348358,0.5080273151397705,-15.171221733093262,141.12794494628906,-56.789161682128906
2651,20,170,30,218,170,30,67,179,-0.525585949420929,-0.5490918159484863,-0.9690234661102295,-30.3467960357666,99.05160522460938,50.218475341796875
2652,7,170,30,114,170,30,59,108,-0.30463868379592896,-0.24586914479732513,-0.8332812786102295,39.62267303466797,-40.780460357666016,28.478015899658203
2653,3,170,30,61,170,30,50,151,-0.23066405951976776,-0.5175976753234863,-0.7986133098602295,-50.988014221191406,-34.994197845458984,65.11923217773438
2655,0,170,30,41,170,30,46,50,-0.740917980670929,-0.28932616114616394,-0.9306933879852295,-5.247556686401367,-15.879694938659668,29.409313201904297
2656,0,170,30,32,170,30,43,51,-0.829052746295929,-0.06569336354732513,-0.6018359661102295,-9.888778686523438,-28.734657287597656,12.676488876342773
2657,0,170,30,39,170,30,42,41,-0.698925793170929,-0.30739256739616394,-0.8345019817352295,-30.392595291137695,-2.3987786769866943,9.042901039123535
2658,0,170,30,48,170,30,41,28,-0.822460949420929,-0.12453125417232513,-0.6177051067352295,-5.217022895812988,-9.8949613571167,13.836793899536133
2659,0,170,30,50,170,30,41,29,-0.724316418170929,-0.31227537989616394,-0.7373340129852295,1.4394657611846924,-21.498016357421875,6.7222900390625
2660,0,170,30,52,170,30,41,24,-0.808300793170929,-0.14894531667232513,-0.6196582317352295,-7.018548965454102,-11.910228729248047,5.623053550720215
2661,0,170,30,53,170,30,41,36,-0.831982433795929,-0.15260742604732513,-0.6565234661102295,-5.568167686462402,-25.86442756652832,5.516183376312256
2662,30,170,30,80,170,30,41,83,-0.831494152545929,-0.23122070729732513,-0.6408984661102295,24.767709732055664,-23.299543380737305,-35.399845123291016
2663,72,170,30,140,170,30,42,72,-0.808789074420929,-0.22438476979732513,-0.5283496379852295,20.462366104125977,-19.162137985229492,-33.002899169921875
2664,96,170,30,189,170,30,43,44,-0.867382824420929,-0.45558592677116394,-0.6960742473602295,20.981449127197266,-10.856793403625488,-12.651755332946777
2665,76,170,30,194,170,30,45,36,-1.2587401866912842,-0.22291992604732513,-0.3598925769329071,9.363129615783691,20.761526107788086,-6.224274635314941
2666,20,170,30,140,170,30,64,230,-0.27485352754592896,-0.9035840034484863,-1.1291797161102295,80.0348892211914,129.87603759765625,20.997098922729492
2667,8,170,30,104,170,30,52,143,-0.17524413764476776,-0.19582031667232513,-0.9717090129852295,-40.071983337402344,-94.59725189208984,-8.651755332946777
2668,3,170,30,85,170,30,41,111,-0.773144543170929,-0.18434570729732513,-0.7734668254852295,-54.43839645385742,-25.406414031982422,31.394046783447266
2669,0,170,30,79,170,30,42,38,-0.687207043170929,-0.35915037989616394,-0.7512500286102295,24.63030433654785,-8.15450382232666,5.592519283294678
2670,0,170,30,73,170,30,41,62,-0.873242199420929,-0.22536133229732513,-0.4314257800579071,10.111221313476562,-24.017099380493164,28.416946411132812
2671,0,170,30,69,170,30,43,9,-0.721142590045929,-0.22389648854732513,-0.7556445598602295,-1.0948855876922607,-3.375877857208252,4.615419864654541
2672,0,170,30,70,170,30,42,21,-0.852978527545929,-0.14040039479732513,-0.5595996379852295,-8.514732360839844,-6.337709903717041,6.951297760009766
2673,0,170,30,73,170,30,43,23,-0.754101574420929,-0.18410156667232513,-0.7292773723602295,-9.262824058532715,-6.093435287475586,7.790992259979248
2674,2,170,30,76,170,30,42,20,-0.783642590045929,-0.08205078542232513,-0.6479785442352295,-6.087251663208008,-6.368244171142578,-8.483816146850586
2675,38,170,30,99,170,30,42,125,-0.841992199420929,-0.23170898854732513,-0.5444629192352295,41.973819732666016,-32.06290054321289,-51.888397216796875
2676,85,170,30,153,170,30,43,55,-0.794140636920929,-0.11183594167232513,-0.5657031536102295,14.32496166229248,-12.490381240844727,-28.8349609375
2677,103,170,30,203,170,30,44,15,-0.878125011920929,-0.35475584864616394,-0.5595996379852295,-5.018548965454102,-5.727022647857666,-4.361679553985596
2678,113,170,30,241,170,30,45,19,-0.815136730670929,-0.27003905177116394,-0.5554492473602295,-10.560534477233887,-4.078167915344238,-4.9723663330078125
2679,120,170,30,255,170,30,46,13,-0.831005871295929,-0.24489258229732513,-0.5630176067352295,8.431832313537598,-1.803358793258667,-3.0792367458343506
2680,80,170,30,212,170,30,50,238,-1.7484862804412842,-0.20656250417232513,0.4938671886920929,-58.026180267333984,143.12794494628906,37.6077880859375
2681,22,170,30,110,170,30,69,106,0.511767566204071,-1.8462109565734863,-1.2690722942352295,-91.99565124511719,-8.82625961303711,5.180305480957031
2682,9,170,30,58,170,30,53,381,-0.39912110567092896,0.055400390177965164,-0.3972460925579071,-283.33917236328125,-59.1316032409668,39.48564910888672
2683,4,170,30,42,170,30,44,177,-0.39497071504592896,-0.10988281667232513,-1.1667773723602295,-49.99564743041992,-93.94076538085938,33.88259506225586
2684,0,170,30,40,170,30,35,196,-0.787792980670929,0.23386718332767487,-0.6709277629852295,38.72190856933594,-75.04000091552734,-82.43801879882812
2685,0,170,30,61,170,30,30,138,-0.49921876192092896,-0.22169922292232513,-0.7466113567352295,14.889847755432129,-86.16976928710938,-37.61358642578125
2686,0,170,30,87,170,30,27,72,-0.729931652545929,-0.24074219167232513,-0.6921679973602295,30.93564796447754,-27.803359985351562,-13.3845796585083
2687,0,170,30,90,170,30,28,24,-0.790478527545929,-0.11549805104732513,-0.7514941692352295,-12.178854942321777,-2.414045810699463,10.23374080657959
2688,0,170,30,81,170,30,30,47,-0.760693371295929,-0.17531250417232513,-0.7214648723602295,-25.06435203552246,-9.482748031616211,13.1650390625
2689,0,170,30,72,170,30,33,20,-0.744824230670929,-0.08571289479732513,-0.7763965129852295,-5.629236221313477,-12.887328147888184,-1.7662595510482788
2690,0,170,30,65,170,30,34,7,-0.811718761920929,-0.028583984822034836,-0.6430957317352295,1.27152681350708,-4.1392364501953125,-2.1479389667510986
2691,0,170,30,61,170,30,36,30,-0.745800793170929,-0.032978516072034836,-0.7302539348602295,-11.659770965576172,-9.299541473388672,10.03526782989502
2692,0,170,30,60,170,30,38,11,-0.805126965045929,-0.019062500447034836,-0.6816699504852295,-3.4154961109161377,5.540152549743652,2.966564893722534
2693,0,170,30,60,170,30,40,32,-0.755810558795929,-0.026142578572034836,-0.7497851848602295,-10.209388732910156,12.608855247497559,-9.995266914367676
2694,0,170,30,61,170,30,41,2,-0.761914074420929,-0.020771484822034836,-0.7309863567352295,-0.728473424911499,-0.9941985011100769,-0.9876335859298706
2695,5,170,30,62,170,30,41,72,-0.768750011920929,0.07346679270267487,-0.6057422161102295,42.05015563964844,-11.803359031677246,-18.911296844482422
2696,46,170,30,87,170,30,41,40,-0.886425793170929,-0.16969726979732513,-0.6035449504852295,6.782977104187012,-19.299543380737305,-14.34641170501709
2697,96,170,30,149,170,30,42,24,-0.874951183795929,-0.21339844167232513,-0.7202441692352295,-22.438398361206055,0.8989312648773193,1.653587818145752
2698,135,170,30,202,170,30,43,25,-0.738476574420929,-0.10915039479732513,-0.3474414050579071,11.897480964660645,-12.810992240905762,0.8902289867401123
2699,151,170,30,236,170,30,44,10,-0.844921886920929,-0.14381836354732513,-0.5102832317352295,-4.392595291137695,-3.6812214851379395,-2.270076274871826
2700,154,170,30,255,170,30,46,5,-0.843945324420929,-0.12453125417232513,-0.6089160442352295,2.7524428367614746,1.692824363708496,-1.048702359199524
2701,144,170,30,253,170,30,47,44,-0.862744152545929,-0.31715819239616394,-0.5027148723602295,-21.232290267944336,7.570687294006348,15.85206127166748
2702,42,170,30,135,170,30,64,431,-0.33198243379592896,-0.6196484565734863,-1.2163379192352295,123.6837387084961,200.22718811035156,-107.12503814697266
2703,16,170,30,68,170,30,56,112,-0.40131837129592896,-0.33937498927116394,-0.7685840129852295,-26.743741989135742,-44.41404724121094,41.22610855102539
2704,7,170,30,48,170,30,49,98,-0.525341808795929,-0.14748047292232513,-0.9131152629852295,-31.140687942504883,-30.017099380493164,36.85969543457031
2705,2,170,30,42,170,30,45,45,-0.857373058795929,-0.0007519535720348358,-0.6750781536102295,-2.1788547039031982,-27.08580207824707,16.53908348083496
2706,0,170,30,39,170,30,43,64,-0.675244152545929,-0.21535156667232513,-0.7715137004852295,-12.45366382598877,-33.39114761352539,18.768091201782227
2707,0,170,30,40,170,30,43,11,-0.842480480670929,-0.019306641072034836,-0.6596972942352295,-1.9956486225128174,5.937099456787109,-3.140305280685425
2708,0,170,30,41,170,30,43,26,-0.757275402545929,-0.10524414479732513,-0.7368457317352295,-3.720839738845825,-22.36824607849121,0.4474809169769287
2709,0,170,30,45,170,30,43,11,-0.774609386920929,-0.06642578542232513,-0.6716601848602295,-5.8887786865234375,3.5096182823181152,1.7757251262664795
2710,0,170,30,49,170,30,42,28,-0.771435558795929,-0.09523437917232513,-0.7314746379852295,5.225725173950195,-20.520917892456055,2.936030626296997
2711,19,170,30,57,170,30,43,13,-0.805859386920929,-0.033466797322034836,-0.5547168254852295,-4.697938919067383,-5.330076217651367,-3.9036641120910645
2712,61,170,30,112,170,30,42,58,-0.776562511920929,-0.040058594197034836,-0.5530078411102295,23.347862243652344,-25.330078125,-9.354044914245605
2713,109,170,30,169,170,30,42,49,-0.826855480670929,0.019267577677965164,-0.5075976848602295,-8.270458221435547,-22.185039520263672,19.30244255065918
2714,138,170,30,199,170,30,43,55,-0.878369152545929,0.012187499552965164,-0.5310351848602295,-29.094884872436523,-6.933129787445068,19.913129806518555
2715,129,170,30,197,170,30,46,25,-0.888378918170929,0.11863280832767487,-0.4978320300579071,2.874580144882202,10.669923782348633,-11.796792984008789
2716,40,170,30,151,170,30,65,267,-0.642773449420929,-0.41676756739616394,-1.3764941692352295,39.50053405761719,201.6775665283203,-26.667022705078125
2717,15,170,30,97,170,30,61,161,0.10747070610523224,-0.7275586128234863,-1.1045215129852295,59.973819732666016,-32.35297775268555,-69.3082504272461
2718,6,170,30,63,170,30,51,72,-0.33930665254592896,-0.051533203572034836,-1.4616992473602295,48.53870391845703,-1.192671775817871,-22.285343170166016
2719,1,170,30,55,170,30,42,241,-0.721386730670929,-0.32619139552116394,-0.4365527331829071,-57.736106872558594,-146.20030212402344,37.18030548095703
2720,0,170,30,58,170,30,42,38,-0.605908215045929,-0.30910155177116394,-0.8843066692352295,-5.995648384094238,-28.12397003173828,4.43221378326416
2722,0,170,30,86,170,30,39,101,-0.816113293170929,-0.017841797322034836,-0.5019824504852295,-43.033817291259766,-24.337711334228516,34.172672271728516
2723,0,170,30,114,170,30,41,34,-0.651806652545929,-0.028583984822034836,-0.8928515911102295,-16.1483211517334,-2.9331297874450684,15.287176132202148
2724,0,170,30,125,170,30,41,28,-0.810986340045929,0.038310546427965164,-0.6711719036102295,13.714275360107422,8.257709503173828,-6.117404460906982
2725,0,170,30,129,170,30,40,18,-0.770947277545929,-0.040546875447034836,-0.6474902629852295,-10.07198429107666,-2.017099142074585,6.233740329742432
2726,0,170,30,131,170,30,41,41,-0.744335949420929,-0.046650391072034836,-0.7541797161102295,-13.598702430725098,-14.047633171081543,13.882596015930176
2727,16,170,30,138,170,30,41,53,-0.833447277545929,-0.052998047322034836,-0.8533008098602295,26.35549545288086,-25.940763473510742,-1.6135878562927246
2728,66,170,30,171,170,30,41,81,-0.677929699420929,-0.17042969167232513,-0.5730273723602295,46.248626708984375,-19.406414031982422,-15.842595100402832
2729,107,170,30,206,170,30,41,19,-0.753857433795929,0.056621093302965164,-0.4206835925579071,-1.3086259365081787,-5.177404403686523,12.844428062438965
2730,125,170,30,223,170,30,43,34,-0.688427746295929,-0.26637694239616394,-0.4241015613079071,14.12648868560791,-0.8567939400672913,19.1650390625
2731,132,170,30,230,170,30,45,20,-0.851757824420929,-0.028583984822034836,-0.5827929973602295,-14.041449546813965,1.036335825920105,5.86732816696167
2732,83,170,30,205,170,30,48,259,-1.5963866710662842,0.10496093332767487,0.4289257824420929,105.5921401977539,82.79206085205078,-71.50672149658203
2733,24,170,30,128,170,30,62,108,-0.554882824420929,-0.37404295802116394,-0.7868945598602295,69.22572326660156,25.23480796813965,13.790992736816406
2734,9,170,30,72,170,30,53,147,-0.43330079317092896,-0.5544629096984863,-0.9258105754852295,99.51580047607422,1.5554198026657104,-46.331146240234375
2735,3,170,30,47,170,30,46,117,-0.894726574420929,-0.12062500417232513,-0.5451953411102295,-30.911680221557617,-42.07816696166992,44.0352668762207
2736,0,170,30,38,170,30,46,38,-0.739453136920929,-0.16920898854732513,-0.7368457317352295,-13.67503833770752,10.608855247497559,14.157404899597168
2737,0,170,30,40,170,30,45,33,-0.777294933795929,-0.15480469167232513,-0.6719043254852295,-10.178854942321777,-19.406414031982422,-4.224274635314941
2738,0,170,30,44,170,30,46,74,-0.786328136920929,-0.12819336354732513,-0.7309863567352295,-41.644500732421875,18.91419792175293,13.485649108886719
2739,0,170,30,48,170,30,46,37,-0.764599621295929,-0.13844726979732513,-0.7082812786102295,-26.820077896118164,-0.5819846987724304,10.126871109008789
2740,0,170,30,51,170,30,45,44,-0.758007824420929,-0.10475586354732513,-0.7029101848602295,-21.079618453979492,-12.704122543334961,10.600152969360352
2741,22,170,30,69,170,30,44,40,-0.772167980670929,-0.11598633229732513,-0.7104785442352295,-18.438398361206055,-13.833892822265625,-7.750992298126221
2742,61,170,30,117,170,30,44,11,-0.767529308795929,-0.13942383229732513,-0.5307910442352295,-1.3391602039337158,-8.612519264221191,-1.1250381469726562
2743,93,170,30,158,170,30,44,22,-0.818554699420929,-0.07985351979732513,-0.7060840129852295,1.6074045896530151,-15.864426612854004,-4.636488437652588
2744,109,170,30,189,170,30,45,26,-0.778027355670929,-0.051777344197034836,-0.5215137004852295,-12.392595291137695,-11.727023124694824,-2.0716030597686768
2745,122,170,30,211,170,30,45,28,-0.928906261920929,-0.10231445729732513,-0.7483203411102295,8.187557220458984,-19.45221519470215,1.332977056503296
2746,100,170,30,204,170,30,48,88,-0.943066418170929,0.034892577677965164,-0.7236621379852295,52.17229080200195,-5.238473415374756,-31.41511344909668
2747,28,170,30,125,170,30,64,224,-0.532421886920929,-0.5041699409484863,-0.9970996379852295,46.66083908081055,138.71572875976562,-38.63648986816406
2748,10,170,30,79,170,30,62,72,-0.03608398512005806,-0.5849804878234863,-1.4031054973602295,44.43183517456055,19.799694061279297,-8.193739891052246
2749,4,170,30,58,170,30,49,170,-0.43574219942092896,-0.34083983302116394,-0.6931445598602295,13.851679801940918,-101.46748352050781,55.42457962036133
2750,1,170,30,55,170,30,45,81,-0.687695324420929,-0.22609375417232513,-0.7722461223602295,40.645572662353516,-24.520917892456055,-16.37694549560547
2751,0,170,30,70,170,30,42,81,-0.737011730670929,-0.25343748927116394,-0.7444140911102295,-23.797176361083984,-25.28427505493164,32.31007766723633
2752,0,170,30,82,170,30,42,16,-0.786328136920929,-0.08498047292232513,-0.6972949504852295,6.5081682205200195,-3.452213764190674,6.874961853027344
2753,0,170,30,93,170,30,42,31,-0.836132824420929,-0.07960937917232513,-0.5935351848602295,-15.415495872497559,-8.597251892089844,7.516183376312256
2754,10,170,30,105,170,30,43,26,-0.777539074420929,-0.15895508229732513,-0.6521289348602295,5.714274883270264,-7.452213287353516,13.241374969482422
2755,41,170,30,132,170,30,43,94,-0.803662121295929,-0.17018555104732513,-0.6267383098602295,52.9509162902832,-24.062902450561523,-17.170839309692383
2756,75,170,30,168,170,30,43,24,-0.826123058795929,-0.09303711354732513,-0.6199023723602295,2.2486259937286377,-16.32244300842285,-6.392213821411133
2757,103,170,30,202,170,30,43,40,-0.848583996295929,-0.10695312917232513,-0.6416308879852295,5.56160306930542,-23.299543380737305,11.867328643798828
2758,121,170,30,232,170,30,44,39,-0.955517590045929,-0.17897461354732513,-0.6692187786102295,20.721908569335938,-16.062902450561523,-2.605954170227051
2759,132,170,30,251,170,30,46,34,-0.856396496295929,-0.14430664479732513,-0.5373828411102295,-22.071985244750977,-1.2079389095306396,11.058168411254883
2760,142,170,30,265,170,30,48,49,-0.875195324420929,-0.17213867604732513,-0.5581347942352295,-22.92694664001465,-0.5209160447120667,26.218473434448242
2761,55,170,30,210,170,30,62,542,-0.32319337129592896,0.24460937082767487,-0.6972949504852295,-65.40023040771484,376.57830810546875,-100.98764038085938
2762,17,170,30,121,170,30,71,133,0.27568358182907104,0.23459960520267487,-0.7795703411102295,-11.613968849182129,30.608854293823242,-90.88076782226562
2763,7,170,30,64,170,30,56,161,-0.39375001192092896,-0.13576172292232513,-0.6767871379852295,23.118854522705078,-85.22320556640625,-53.33877944946289
2764,2,170,30,42,170,30,49,64,-0.644482433795929,-0.30861327052116394,-1.1499316692352295,19.97381591796875,3.448549747467041,-40.682289123535156
2766,0,170,30,23,170,30,40,38,-0.611767590045929,0.06296874582767487,-0.4973437488079071,-19.58343505859375,-2.3835113048553467,-16.605953216552734
2767,0,170,30,17,170,30,37,106,-0.47871094942092896,0.15452148020267487,-0.4077441394329071,-53.11015319824219,-14.490381240844727,39.24137496948242
2768,0,170,30,24,170,30,33,136,-0.655712902545929,-0.23878906667232513,-0.9719531536102295,-70.1788558959961,-55.940765380859375,10.844428062438965
2769,0,170,30,50,170,30,32,44,-0.779248058795929,-0.14821289479732513,-0.6911914348602295,6.401297569274902,-23.238473892211914,-15.079236030578613
2770,0,170,30,85,170,30,32,41,-0.764599621295929,-0.13625000417232513,-0.7344043254852295,-9.67503833770752,-27.055267333984375,-5.231908321380615
2771,0,170,30,120,170,30,34,12,-0.757763683795929,-0.15065430104732513,-0.7212207317352295,-3.934580087661743,-6.71938943862915,-2.1937403678894043
2772,0,170,30,139,170,30,35,27,-0.803417980670929,-0.06862305104732513,-0.6667773723602295,-2.2704579830169678,-15.77282428741455,-9.537251472473145
2773,12,170,30,145,170,30,36,12,-0.807812511920929,-0.22462891042232513,-0.6853320598602295,7.454732894897461,-3.1468701362609863,-1.7357251644134521
2774,48,170,30,150,170,30,39,25,-0.779003918170929,0.007304687052965164,-0.6291797161102295,12.645572662353516,3.7080917358398438,8.936031341552734
2775,78,170,30,156,170,30,41,37,-0.767529308795929,-0.022968750447034836,-0.7253711223602295,-6.988015174865723,10.960000038146973,19.119237899780273
2776,95,170,30,170,170,30,43,14,-0.802441418170929,-0.09547851979732513,-0.6445605754852295,9.729541778564453,-2.7041220664978027,1.5925190448760986
2777,105,170,30,188,170,30,42,13,-0.753125011920929,-0.14967773854732513,-0.6604297161102295,5.011984825134277,-6.826259613037109,-1.5525190830230713
2778,111,170,30,213,170,30,42,54,-0.673535168170929,-0.24196289479732513,-0.4934374988079071,25.83641242980957,-10.017099380493164,-18.43801498413086
2779,114,170,30,239,170,30,43,19,-0.805126965045929,-0.24635742604732513,-0.6125781536102295,-10.331526756286621,-1.1621372699737549,-7.613587856292725
2780,113,170,30,264,170,30,44,67,-0.880322277545929,-0.47365233302116394,-0.4783007800579071,23.45473289489746,-11.02473258972168,-32.75862503051758
2781,108,170,30,267,170,30,45,10,-0.795849621295929,-0.26320311427116394,-0.6157519817352295,-9.308625221252441,0.8073282241821289,0.05053435266017914
2782,105,170,30,254,170,30,46,10,-0.789501965045929,-0.27614256739616394,-0.5793750286102295,8.630305290222168,-1.0705342292785645,-0.8196946978569031
2783,102,170,30,229,170,30,48,13,-0.810498058795929,-0.14552734792232513,-0.6863086223602295,-3.186488389968872,6.013435363769531,3.8520610332489014
2784,103,170,30,202,170,30,48,15,-0.813183605670929,-0.22267578542232513,-0.6452929973602295,-3.5376336574554443,7.448549747467041,4.4169464111328125
2785,37,170,30,143,170,30,62,471,-0.587841808795929,-0.10500000417232513,-0.8161914348602295,110.72190856933594,252.868408203125,-107.91893768310547
2786,13,170,30,94,170,30,58,109,-0.41328126192092896,-0.30788084864616394,-0.8257129192352295,3.2257251739501953,-46.16977310180664,59.91313171386719
2787,6,170,30,74,170,30,48,124,-0.533154308795929,-0.33327147364616394,-0.8330371379852295,-20.560535430908203,-61.60488510131836,42.050533294677734
2788,2,170,30,67,170,30,43,56,-0.855419933795929,-0.10573242604732513,-0.5012500286102295,-18.697938919067383,-14.200304985046387,23.30244255065918
2789,0,170,30,70,170,30,41,62,-0.701123058795929,-0.29469725489616394,-0.6699512004852295,21.805877685546875,-33.162139892578125,7.470381736755371
2790,0,170,30,82,170,30,40,27,-0.730175793170929,-0.34791991114616394,-0.7009570598602295,-7.415495872497559,-15.528550148010254,-4.193740367889404
2791,0,170,30,94,170,30,40,16,-0.771435558795929,-0.32643553614616394,-0.6372363567352295,-6.972747802734375,-2.1697709560394287,-7.1861066818237305
2792,0,170,30,106,170,30,41,20,-0.766796886920929,-0.27345702052116394,-0.6350390911102295,-6.6674041748046875,-12.765191078186035,-1.1861069202423096
2793,0,170,30,119,170,30,40,53,-0.788769543170929,-0.31691405177116394,-0.5898730754852295,-18.40786361694336,-23.00946617126465,11.821527481079102
2794,13,170,30,133,170,30,43,17,-0.825634777545929,-0.17970703542232513,-0.5312793254852295,0.6455726623535156,9.082137107849121,8.203207015991211
2795,35,170,30,147,170,30,45,40,-0.780712902545929,-0.22023437917232513,-0.7304980754852295,15.821145057678223,7.066870212554932,17.974199295043945
2796,51,170,30,168,170,30,47,33,-0.846142590045929,-0.10744141042232513,-0.7871387004852295,-2.6826717853546143,-7.238472938537598,24.035266876220703
2797,56,170,30,202,170,30,46,61,-0.824658215045929,-0.18190430104732513,-0.5766894817352295,31.744808197021484,-17.00946617126465,-13.063968658447266
2798,56,170,30,238,170,30,46,49,-0.771191418170929,-0.21291016042232513,-0.4490039050579071,25.01198387145996,-11.162137031555176,-13.552518844604492
2799,57,170,30,264,170,30,47,36,-0.860302746295929,-0.44264647364616394,-0.5359179973602295,7.195190906524658,3.0668702125549316,-25.766258239746094
2800,58,170,30,272,170,30,48,21,-0.734570324420929,-0.36574217677116394,-0.4326464831829071,-7.217022895812988,5.662290096282959,-8.712823867797852
2801,60,170,30,254,170,30,50,46,-0.789990246295929,-0.38551756739616394,-0.6013476848602295,-21.873512268066406,14.532519340515137,9.806260108947754
2802,62,170,30,226,170,30,51,36,-0.766308605670929,-0.26735350489616394,-0.5156543254852295,26.187557220458984,10.410381317138672,0.31007635593414307
2803,31,170,30,169,170,30,59,435,-1.2128417491912842,0.32517579197883606,0.5060741901397705,-64.82007598876953,281.9676208496094,-88.62122344970703
2804,10,170,30,111,170,30,65,157,-0.09809570014476776,-0.5815625190734863,-1.1924121379852295,-13.537632942199707,-34.276641845703125,109.6535873413086
2805,3,170,30,73,170,30,52,102,-0.766552746295929,-0.38502928614616394,-0.7554004192352295,35.408931732177734,-52.49038314819336,14.416947364807129
2806,1,170,30,56,170,30,47,68,-0.646679699420929,-0.43996092677116394,-0.8122851848602295,13.561603546142578,-28.093435287475586,-26.590686798095703
2807,0,170,30,55,170,30,43,62,-0.754345715045929,-0.21583984792232513,-0.7060840129852295,4.477633476257324,-37.71175765991211,-20.163206100463867
2808,0,170,30,72,170,30,41,64,-0.709912121295929,-0.42018553614616394,-0.7417285442352295,-7.87351131439209,-35.482749938964844,21.394046783447266
2809,0,170,30,95,170,30,41,56,-0.790234386920929,-0.27394530177116394,-0.5781543254852295,24.782976150512695,9.17374038696289,-22.605953216552734
2810,0,170,30,115,170,30,40,45,-0.809765636920929,-0.26295897364616394,-0.5935351848602295,-7.369694709777832,-27.52855110168457,10.874961853027344
2811,0,170,30,126,170,30,41,23,-0.799511730670929,-0.24367187917232513,-0.6377246379852295,2.309694766998291,-11.177404403686523,9.729924201965332
2812,15,170,30,139,170,30,43,17,-0.844189465045929,-0.24489258229732513,-0.5322558879852295,-1.9345800876617432,8.547785758972168,7.394045829772949
2813,31,170,30,150,170,30,46,31,-0.819042980670929,-0.29298827052116394,-0.5622851848602295,1.5463359355926514,10.669923782348633,19.516183853149414
2814,43,170,30,177,170,30,48,56,-0.911816418170929,-0.007099609822034836,-0.5700976848602295,18.93564796447754,2.0287022590637207,35.42457962036133
2815,49,170,30,228,170,30,47,44,-0.841015636920929,-0.11452148854732513,-0.6858203411102295,10.981450080871582,-24.215574264526367,-9.521984100341797
2816,52,170,30,282,170,30,46,54,-0.916943371295929,-0.33375975489616394,-0.4148242175579071,18.340229034423828,-13.269007682800293,-23.2777099609375
2817,56,170,30,316,170,30,47,19,-0.833935558795929,-0.30983397364616394,-0.6343066692352295,-2.3467938899993896,-6.810992240905762,-10.804427146911621
2818,59,170,30,297,170,30,48,18,-0.789746105670929,-0.18336914479732513,-0.5271289348602295,-1.9498474597930908,6.242442607879639,-10.590686798095703
2819,60,170,30,251,170,30,50,21,-0.869824230670929,-0.23292969167232513,-0.5078418254852295,-7.018548965454102,12.97526741027832,-1.2471755743026733
2820,52,170,30,188,170,30,53,123,-0.903515636920929,-0.38014647364616394,-0.5220019817352295,-51.58343505859375,29.75389289855957,42.4780158996582
2821,15,170,30,132,170,30,69,301,-0.32929688692092896,-0.7768750190734863,-1.0635058879852295,123.1951904296875,124.50198364257812,-54.10213851928711
2822,5,170,30,99,170,30,59,57,-0.46650391817092896,-0.42873045802116394,-0.9367969036102295,-4.606335639953613,-44.398780822753906,8.126871109008789
2823,2,170,30,82,170,30,49,71,-0.615917980670929,-0.41676756739616394,-0.9040820598602295,5.83641242980957,-39.65068817138672,25.974199295043945
2824,0,170,30,70,170,30,43,79,-0.785595715045929,-0.29323241114616394,-0.6404101848602295,17.500534057617188,-53.60488510131836,-8.086870193481445
2825,0,170,30,96,170,30,40,83,-0.744580090045929,-0.28175780177116394,-0.6907031536102295,-21.400230407714844,-41.513282775878906,20.874961853027344
2826,0,170,30,112,170,30,39,21,-0.870556652545929,-0.24464844167232513,-0.5029590129852295,6.1112213134765625,-8.627786636352539,-6.621221542358398
2827,0,170,30,116,170,30,42,35,-0.808056652545929,-0.31618162989616394,-0.5517871379852295,-12.45366382598877,9.433282852172852,13.36351203918457
2828,0,170,30,117,170,30,43,42,-0.831738293170929,-0.19044922292232513,-0.6770312786102295,10.90511417388916,-15.02473258972168,-16.346412658691406
2829,0,170,30,134,170,30,43,17,-0.862500011920929,-0.20363281667232513,-0.5617969036102295,-1.1712214946746826,-12.261374473571777,-3.5830533504486084
2830,14,170,30,159,170,30,45,13,-0.844677746295929,-0.24513672292232513,-0.5676562786102295,-10.65213680267334,1.5554198026657104,-1.4609160423278809
2831,39,170,30,167,170,30,48,59,-0.769970715045929,-0.19313476979732513,-0.6052539348602295,-14.591069221496582,19.219541549682617,25.28717613220215
2832,63,170,30,184,170,30,50,50,-0.741406261920929,-0.24293945729732513,-0.3928515613079071,10.172289848327637,11.601221084594727,28.92076301574707
2833,75,170,30,193,170,30,51,53,-0.834667980670929,-0.35841795802116394,-0.6845996379852295,-13.446030616760254,-2.948396921157837,37.30244445800781
2834,78,170,30,204,170,30,50,91,-0.668408215045929,-0.30885741114616394,-0.3838183581829071,48.03488540649414,-14.093435287475586,-29.369312286376953
2836,84,170,30,231,170,30,49,61,-1.2057616710662842,-0.30617186427116394,-0.7002246379852295,-26.117786407470703,11.311144828796387,-23.85786247253418
2837,86,170,30,201,170,30,51,21,-0.828076183795929,-0.37111327052116394,-0.4941699206829071,6.386030673980713,14.440916061401367,0.21847328543663025
2838,40,170,30,162,170,30,60,405,-1.0290038585662842,0.23166991770267487,0.3901074230670929,-29.0185489654541,271.69281005859375,-104.74336242675781
2839,13,170,30,106,170,30,65,175,-0.11152343451976776,-0.8491406440734863,-1.3164355754852295,7.103588104248047,-59.52854919433594,109.1344985961914
2840,5,170,30,88,170,30,52,180,-0.584423840045929,-0.7060742378234863,-0.8020312786102295,6.859313011169434,-123.87969207763672,49.74518966674805
2841,1,170,30,89,170,30,48,46,-0.720898449420929,-0.30348631739616394,-0.6074512004852295,5.424198627471924,20.318777084350586,-20.65175437927246
2842,0,170,30,97,170,30,45,87,-0.699658215045929,-0.5017285346984863,-0.6748340129852295,-13.93458080291748,-60.612518310546875,12.890229225158691
2843,0,170,30,115,170,30,44,36,-0.779736340045929,-0.31544920802116394,-0.6247851848602295,-8.239923477172852,17.23480796813965,11.45511531829834
2844,0,170,30,127,170,30,42,53,-0.846630871295929,-0.23903320729732513,-0.5276172161102295,-7.934579849243164,-35.894962310791016,10.081068992614746
2845,0,170,30,136,170,30,43,35,-0.765332043170929,-0.36964842677116394,-0.6345508098602295,2.3249619007110596,-12.017099380493164,-20.865495681762695
2846,2,170,30,149,170,30,42,31,-1.5551269054412842,0.12913085520267487,0.1735546886920929,-24.468931198120117,-6.429312705993652,0.2795419991016388
2847,29,170,30,153,170,30,45,25,-0.831005871295929,-0.31105467677116394,-0.4990527331829071,7.989084243774414,12.379847526550293,4.8138933181762695
2848,51,170,30,169,170,30,48,72,-0.911328136920929,-0.24440430104732513,-0.4328906238079071,3.9432826042175293,8.196640968322754,60.69175720214844
2849,71,170,30,244,170,30,49,52,-0.780957043170929,-0.28761717677116394,-0.3511035144329071,12.599771499633789,1.4332823753356934,38.79862594604492
2850,83,170,30,322,170,30,49,72,-0.787792980670929,-0.027363281697034836,-0.5725390911102295,19.546335220336914,-16.551450729370117,-36.80442810058594
2851,86,170,30,360,170,30,48,64,-0.793408215045929,-0.43434569239616394,-0.5019824504852295,16.080686569213867,-19.711755752563477,-28.45328140258789
2853,85,170,30,369,170,30,49,36,-0.798291027545929,-0.37013670802116394,-0.4028613269329071,-14.545266151428223,13.46381664276123,-8.651755332946777
2854,80,170,30,291,170,30,52,45,-0.945263683795929,-0.43019530177116394,-0.5361621379852295,30.340229034423828,10.700458526611328,-4.376946449279785
2855,31,170,30,188,170,30,65,431,-1.0495116710662842,0.34910157322883606,0.3937695324420929,29.042518615722656,356.3798522949219,-46.17847442626953
2856,11,170,30,111,170,30,84,320,0.44072264432907104,-0.8552441596984863,-1.4846484661102295,-108.51473236083984,166.62413024902344,44.890228271484375
2857,4,170,30,67,170,30,68,148,0.16069336235523224,-0.09254883229732513,-1.0229785442352295,50.99671936035156,-87.83389282226562,9.928397178649902
2858,2,170,30,46,170,30,51,117,-0.47602540254592896,-0.39821287989616394,-0.7917773723602295,22.065418243408203,-54.12397003173828,-41.20137405395508
2859,0,170,30,48,170,30,40,136,-0.660107433795929,-0.09010742604732513,-0.6628711223602295,-18.530000686645508,-88.71939086914062,28.951297760009766
2860,0,170,30,77,170,30,32,110,-1.0238769054412842,-0.6113476753234863,-1.3244922161102295,-30.774274826049805,-39.31481170654297,-40.77389144897461
2861,0,170,30,105,170,30,28,56,-0.904003918170929,-0.5154004096984863,-0.5281054973602295,1.8211450576782227,-45.620155334472656,9.012367248535156
2862,0,170,30,126,170,30,29,67,-0.745556652545929,0.10740233957767487,-0.6770312786102295,-40.30099105834961,-8.780458450317383,18.829160690307617
2863,0,170,30,150,170,30,32,18,-0.664746105670929,-0.30006834864616394,-0.8122851848602295,-1.7208397388458252,-9.11633586883545,7.989465713500977
2864,0,170,30,169,170,30,33,9,-0.768505871295929,-0.10500000417232513,-0.6845996379852295,-5.797175407409668,-2.8262596130371094,1.0123664140701294
2865,0,170,30,177,170,30,34,23,-0.697705090045929,-0.24611328542232513,-0.7722461223602295,-11.140686988830566,-12.24610710144043,0.31007635593414307
2866,0,170,30,170,170,30,36,16,-0.725537121295929,-0.15456055104732513,-0.7429492473602295,-4.468931198120117,0.7767938375473022,11.439847946166992
2867,0,170,30,144,170,30,38,17,-0.749951183795929,-0.19679687917232513,-0.7073047161102295,-4.438396453857422,4.70045804977417,8.264275550842285
2868,0,170,30,117,170,30,39,14,-0.745556652545929,-0.12599609792232513,-0.7180469036102295,-7.949847221374512,-0.27664119005203247,6.187938690185547
2869,0,170,30,97,170,30,40,22,-0.749218761920929,-0.15944336354732513,-0.7046191692352295,-16.453664779663086,1.9981679916381836,4.218473434448242
2870,0,170,30,81,170,30,42,14,-0.722607433795929,-0.20167969167232513,-0.7544238567352295,-3.8582441806793213,-2.6125190258026123,-8.483816146850586
2871,0,170,30,75,170,30,41,12,-0.779736340045929,-0.13405273854732513,-0.6660449504852295,-0.4689311981201172,-7.269007682800293,4.645954132080078
2872,0,170,30,73,170,30,41,38,-0.795605480670929,-0.21461914479732513,-0.6284472942352295,18.67610740661621,-12.597251892089844,-6.728091716766357
2873,0,170,30,75,170,30,42,20,-0.759960949420929,-0.22365234792232513,-0.6626269817352295,9.317328453063965,-11.223206520080566,0.43221375346183777
2874,0,170,30,85,170,30,43,33,-0.763623058795929,-0.31276366114616394,-0.6545703411102295,-5.186488151550293,-0.9025954604148865,27.729923248291016
2875,16,170,30,116,170,30,43,57,-0.717724621295929,-0.06789062917232513,-0.7929980754852295,8.99671745300293,-13.31480884552002,-35.53725051879883
2876,59,170,30,200,170,30,43,56,-0.732617199420929,-0.15211914479732513,-0.4900195300579071,-2.407862424850464,-12.505648612976074,-41.99526596069336
2877,27,170,30,244,170,30,50,224,-0.815869152545929,-0.12624023854732513,-0.7312304973602295,93.83641052246094,95.9981689453125,-35.0334358215332
2878,10,170,30,179,170,30,52,100,-0.530468761920929,-0.36183592677116394,-0.9411914348602295,-59.01854705810547,4.196640968322754,37.714656829833984
2879,3,170,30,131,170,30,47,53,-0.746044933795929,-0.22951172292232513,-0.7060840129852295,-12.209388732910156,-28.337711334228516,13.134504318237305
2880,1,170,30,95,170,30,44,50,-0.748242199420929,-0.30470702052116394,-0.6689746379852295,6.080687046051025,-25.84916114807129,18.493282318115234
2881,7,170,30,71,170,30,42,29,-0.807568371295929,-0.13844726979732513,-0.6948535442352295,-21.720840454101562,-7.971297264099121,0.2795419991016388
2882,67,170,30,140,170,30,40,144,-0.872509777545929,-0.37697264552116394,-0.5989062786102295,66.43183135986328,-53.00946807861328,-25.552518844604492
2883,133,170,30,225,170,30,39,68,-0.873974621295929,-0.22169922292232513,-0.3530566394329071,36.752445220947266,-19.421680450439453,-12.590686798095703
2884,124,170,30,261,170,30,42,28,-0.855419933795929,-0.31764647364616394,-0.4470507800579071,1.4089312553405762,15.189007759094238,11.531451225280762
2885,34,170,30,187,170,30,57,257,-0.542675793170929,-0.23268555104732513,-0.7317187786102295,99.28679656982422,84.4867172241211,-73.99526977539062
2886,11,170,30,109,170,30,58,80,-0.568066418170929,-0.38673827052116394,-0.7058398723602295,-11.278091430664062,42.70045852661133,-26.972366333007812
2887,4,170,30,70,170,30,57,52,-0.517285168170929,-0.5693554878234863,-0.7234179973602295,7.83641242980957,30.761526107788086,-14.376946449279785
2888,1,170,30,39,170,30,52,135,-0.36884766817092896,-0.41676756739616394,-0.8843066692352295,-62.423126220703125,7.692824363708496,65.48564910888672
2889,0,170,30,22,170,30,46,54,-0.32929688692092896,-0.22047851979732513,-1.1155078411102295,5.424198627471924,-18.780458450317383,-30.743358612060547
2890,0,170,30,17,170,30,36,144,-0.698681652545929,-0.39308592677116394,-0.6897265911102295,-31.675039291381836,-86.99420166015625,26.096336364746094
2891,0,170,30,23,170,30,35,83,-0.673779308795929,-0.15749023854732513,-1.0222461223602295,45.088321685791016,-35.940765380859375,-2.392213821411133
2892,0,170,30,35,170,30,33,75,-0.749951183795929,-0.14308594167232513,-0.7158496379852295,-16.759008407592773,-13.95603084564209,44.66122055053711
2893,0,170,30,41,170,30,34,49,-0.691357433795929,-0.21828125417232513,-0.8030078411102295,17.699007034301758,-21.604887008666992,10.43221378326416
2894,0,170,30,44,170,30,35,16,-0.726269543170929,-0.16359375417232513,-0.7563769817352295,2.065419912338257,-3.6048855781555176,11.1650390625
2895,0,170,30,46,170,30,37,10,-0.757275402545929,-0.17555664479732513,-0.7187793254852295,8.355496406555176,0.9599999785423279,1.348244309425354
2896,0,170,30,49,170,30,38,22,-0.732861340045929,-0.21217773854732513,-0.7541797161102295,-0.37732815742492676,-6.15450382232666,16.462749481201172
2897,0,170,30,53,170,30,38,34,-0.764355480670929,-0.17555664479732513,-0.6189258098602295,-8.362060546875,-11.31480884552002,14.997099876403809
2898,0,170,30,57,170,30,39,3,-0.783398449420929,-0.14943359792232513,-0.6765429973602295,-1.1101524829864502,-1.3453435897827148,1.1345038414001465
2899,0,170,30,58,170,30,41,24,-0.736767590045929,-0.18800781667232513,-0.7163379192352295,-8.178854942321777,11.35694694519043,4.981832027435303
2900,0,170,30,56,170,30,43,12,-0.770458996295929,-0.10329101979732513,-0.7063281536102295,0.5692367553710938,4.99053430557251,6.661221504211426
2901,0,170,30,54,170,30,43,13,-0.789990246295929,-0.046162109822034836,-0.6872851848602295,-3.0643513202667236,-0.5209160447120667,9.546717643737793
2902,0,170,30,55,170,30,43,7,-0.773388683795929,-0.06374023854732513,-0.7146289348602295,0.43183207511901855,-1.0247328281402588,6.371145248413086
2903,12,170,30,60,170,30,43,46,-0.863964855670929,-0.17946289479732513,-0.5915820598602295,-34.25518798828125,-4.276641368865967,-8.193739891052246
2904,40,170,30,97,170,30,42,152,-0.704541027545929,-0.26784178614616394,-0.5801074504852295,48.98145294189453,-36.398780822753906,-66.77389526367188
2905,53,170,30,149,170,30,41,18,-0.756298840045929,-0.24757812917232513,-0.5212695598602295,7.973816871643066,1.7080914974212646,-8.697556495666504
2906,18,170,30,151,170,30,49,138,-0.687451183795929,-0.20851562917232513,-0.7178027629852295,38.630306243896484,84.68518829345703,-14.880763053894043
2907,6,170,30,120,170,30,49,127,-0.645214855670929,-0.30885741114616394,-0.7793262004852295,-57.26282501220703,7.952366352081299,62.34061050415039
2908,2,170,30,84,170,30,47,30,-0.713085949420929,-0.17995117604732513,-0.7676074504852295,-11.308625221252441,-13.650687217712402,5.165038108825684
2909,0,170,30,67,170,30,44,44,-0.731640636920929,-0.12501953542232513,-0.7829883098602295,-15.400229454040527,-29.101070404052734,0.08106870204210281
2910,12,170,30,63,170,30,42,32,-0.889599621295929,-0.10207031667232513,-0.7461230754852295,17.332595825195312,-13.436946868896484,-1.9647328853607178
2911,76,170,30,126,170,30,40,139,-0.884472668170929,-0.34547850489616394,-0.6889941692352295,79.62267303466797,-40.36824417114258,-19.689922332763672
2912,135,170,30,187,170,30,39,51,-0.534863293170929,-0.27565428614616394,-0.2861621081829071,37.82114791870117,-13.207939147949219,-0.16320611536502838
2913,148,170,30,215,170,30,42,32,-0.827099621295929,-0.20998047292232513,-0.5234668254852295,-17.171222686767578,6.960000038146973,8.707023620605469
2914,54,170,30,171,170,30,54,317,-0.640087902545929,-0.08375976979732513,-0.8742969036102295,-30.133054733276367,202.0592498779297,-85.0029067993164
2915,20,170,30,118,170,30,59,71,-0.48945313692092896,-0.39943358302116394,-0.9460742473602295,-9.522366523742676,61.677555084228516,-0.4532824456691742
2916,7,170,30,77,170,30,60,100,-0.556835949420929,-0.36696287989616394,-0.8752734661102295,30.676105499267578,60.02870178222656,-9.979999542236328
2917,2,170,30,48,170,30,55,68,-0.42036134004592896,-0.39333006739616394,-0.9250781536102295,0.32496190071105957,-20.200305938720703,48.218475341796875
2919,1,170,30,31,170,30,47,48,-0.46186524629592896,-0.30763670802116394,-0.8762500286102295,-18.438398361206055,-29.91023063659668,0.4932824671268463
2920,0,170,30,21,170,30,41,82,-0.39057618379592896,-0.5227246284484863,-1.0727832317352295,-38.56053161621094,-24.444581985473633,-19.07923698425293
2921,0,170,30,18,170,30,37,26,-0.547802746295929,-0.13942383229732513,-0.8703906536102295,-9.598702430725098,3.799694776535034,-12.911296844482422
2922,0,170,30,18,170,30,33,93,-0.46748048067092896,-0.45583006739616394,-0.9424121379852295,18.340229034423828,-51.60488510131836,-23.766258239746094
2923,0,170,30,25,170,30,28,70,-0.736523449420929,-0.41920897364616394,-0.8625781536102295,31.21045684814453,-38.41404724121094,1.1345038414001465
2924,0,170,30,45,170,30,27,44,-0.785839855670929,-0.09645508229732513,-0.7085254192352295,8.721908569335938,-9.452213287353516,26.40167999267578
2925,0,170,30,57,170,30,31,52,-0.734082043170929,-0.20436523854732513,-0.7534472942352295,-24.087251663208008,4.914198398590088,23.897863388061523
2926,0,170,30,64,170,30,33,13,-0.771191418170929,-0.11378906667232513,-0.7143847942352295,-1.3849618434906006,-7.177404403686523,4.981832027435303
2927,0,170,30,69,170,30,33,40,-0.714550793170929,-0.12062500417232513,-0.7705371379852295,-7.140686988830566,-26.749923706054688,6.981832027435303
2928,23,170,30,97,170,30,35,63,-0.800000011920929,-0.22731445729732513,-0.7300097942352295,11.592137336730957,-18.04763412475586,-33.65938949584961
2929,70,170,30,177,170,30,35,81,-0.858349621295929,-0.15407226979732513,-0.6543262004852295,18.15702247619629,-21.00946617126465,-42.224273681640625
2930,41,170,30,248,170,30,39,108,-0.911328136920929,-0.08546875417232513,-0.3740527331829071,1.7753435373306274,89.3416748046875,-17.750991821289062
2931,15,170,30,205,170,30,47,172,-0.564648449420929,-0.45558592677116394,-0.8923633098602295,-42.17885208129883,80.56304931640625,50.14213943481445
2932,5,170,30,125,170,30,43,64,-0.752392590045929,-0.14699219167232513,-0.7082812786102295,-3.11015248298645,-60.13923645019531,-1.0181679725646973
2933,1,170,30,88,170,30,42,61,-0.716992199420929,-0.27736327052116394,-0.6553027629852295,-29.278093338012695,15.082137107849121,16.874961853027344
2934,0,170,30,72,170,30,40,40,-0.775097668170929,-0.20094726979732513,-0.7070605754852295,-2.9269464015960693,-31.71175765991211,5.57725191116333
2935,2,170,30,70,170,30,40,29,-0.742382824420929,-0.32741209864616394,-0.5998828411102295,-14.972748756408691,-4.490381717681885,9.790992736816406
2936,54,170,30,110,170,30,39,192,-0.916455090045929,-0.39406248927116394,-0.7700488567352295,114.06542205810547,-58.734657287597656,-19.888397216796875
2937,111,170,30,158,170,30,40,46,-0.731884777545929,-0.09206055104732513,-0.3528124988079071,14.660840034484863,-11.971297264099121,20.20320701599121
2938,123,170,30,183,170,30,42,22,-0.870312511920929,-0.26222655177116394,-0.4526660144329071,-9.323892593383789,11.64702320098877,-1.5525190830230713
2939,38,170,30,153,170,30,55,248,-0.679394543170929,-0.20534180104732513,-0.6216113567352295,-25.858245849609375,158.92947387695312,-63.720458984375
2940,12,170,30,115,170,30,59,99,-0.593701183795929,-0.39357420802116394,-0.7795703411102295,19.302061080932617,72.47145080566406,-7.766259670257568
2941,4,170,30,78,170,30,57,108,-0.47260743379592896,-0.28419920802116394,-0.9670703411102295,-105.82770538330078,1.0821373462677002,-1.6288549900054932
2942,1,170,30,54,170,30,48,202,-0.566845715045929,-0.25832030177116394,-0.9680469036102295,-76.8048095703125,-54.612518310546875,71.27190399169922
2943,0,170,30,44,170,30,44,110,-0.500927746295929,-0.5163769721984863,-1.0266406536102295,47.05778884887695,31.37221336364746,-32.56015396118164
2944,0,170,30,40,170,30,39,122,-0.549511730670929,-0.26784178614616394,-0.8952929973602295,-37.07961654663086,-41.818626403808594,43.22610855102539
2945,0,170,30,62,170,30,37,56,-0.721386730670929,-0.30226561427116394,-0.6758105754852295,31.13412094116211,-11.833892822265625,13.409313201904297
2946,0,170,30,70,170,30,38,88,-0.728466808795929,-0.14333008229732513,-0.7578418254852295,-48.148319244384766,-11.77282428741455,28.294809341430664
2947,0,170,30,74,170,30,38,43,-0.828808605670929,-0.027607422322034836,-0.5962207317352295,19.83641242980957,-9.192671775817871,14.081068992614746
2948,0,170,30,76,170,30,40,35,-0.680615246295929,-0.27321287989616394,-0.8091113567352295,26.111221313476562,-2.978931188583374,-6.331145286560059
2949,0,170,30,79,170,30,40,8,-0.732128918170929,-0.12550781667232513,-0.7146289348602295,5.347862720489502,-3.192671775817871,-0.34641221165657043
2950,0,170,30,84,170,30,38,51,-0.728955090045929,-0.24196289479732513,-0.7431933879852295,-2.8506104946136475,-38.90259552001953,9.45511531829834
2951,11,170,30,103,170,30,39,94,-0.812695324420929,-0.09303711354732513,-0.7060840129852295,21.39366340637207,-26.352977752685547,-47.20137405395508
2952,49,170,30,169,170,30,38,118,-0.624707043170929,-0.22340820729732513,-0.5888965129852295,22.99671745300293,-37.1316032409668,-58.37694549560547
2953,67,170,30,237,170,30,38,47,-0.794384777545929,-0.29762694239616394,-0.7412402629852295,-0.7590076923370361,-13.818625450134277,-33.24717330932617
2954,19,170,30,215,170,30,49,291,-0.542675793170929,-0.5871777534484863,-0.7514941692352295,111.56160736083984,100.42565155029297,-79.70519256591797
2955,6,170,30,124,170,30,47,178,-0.697460949420929,-0.34083983302116394,-0.6728808879852295,-85.12541961669922,-17.131603240966797,75.89785766601562
2956,2,170,30,84,170,30,45,37,-0.668164074420929,-0.36281248927116394,-0.7431933879852295,13.454732894897461,-18.551450729370117,-5.873129844665527
2957,0,170,30,59,170,30,43,68,-0.757519543170929,-0.27199217677116394,-0.6299121379852295,-13.598702430725098,-33.36061096191406,21.92839813232422
2958,0,170,30,51,170,30,43,20,-0.737744152545929,-0.32863280177116394,-0.6990039348602295,5.27152681350708,-9.207939147949219,6.187938690185547
2959,4,170,30,49,170,30,43,15,-0.829785168170929,-0.16896484792232513,-0.6308887004852295,-6.820075988769531,4.059236526489258,4.874961853027344
2960,30,170,30,65,170,30,43,44,-0.864697277545929,-0.27418944239616394,-0.7258594036102295,-19.70557403564453,-14.337709426879883,10.49328327178955
2961,75,170,30,125,170,30,42,53,-0.863476574420929,-0.27711912989616394,-0.5930469036102295,-20.01091766357422,-20.261375427246094,13.516183853149414
2962,113,170,30,182,170,30,43,41,-0.844921886920929,-0.28541991114616394,-0.6719043254852295,12.874580383300781,-12.673587799072266,-15.720458030700684
2963,124,170,30,208,170,30,44,7,-0.800732433795929,-0.23878906667232513,-0.5366504192352295,-0.7590076923370361,4.440916061401367,-2.4380152225494385
2964,67,170,30,178,170,30,52,229,-1.1559569835662842,0.12986327707767487,-0.1543261706829071,-30.362062454223633,155.9065704345703,-43.33877944946289
2965,19,170,30,115,170,30,66,185,-0.28754884004592896,-0.49855467677116394,-1.2102344036102295,13.607404708862305,127.08213806152344,-45.30824279785156
2966,7,170,30,75,170,30,57,107,-0.22333984076976776,-0.5224804878234863,-0.7243945598602295,44.645572662353516,-58.90259552001953,4.279541969299316
2967,2,170,30,58,170,30,47,56,-0.616650402545929,-0.31447264552116394,-0.9392383098602295,-10.896411895751953,13.64702320098877,32.44748306274414
2968,0,170,30,55,170,30,42,191,-0.583447277545929,-0.31691405177116394,-0.7602832317352295,-43.17121887207031,-64.58198547363281,83.94366455078125
2969,0,170,30,68,170,30,42,43,-0.696972668170929,-0.39210936427116394,-0.6797168254852295,27.33259391784668,-8.795724868774414,7.424580097198486
2970,0,170,30,82,170,30,38,108,-0.960400402545929,-0.18263672292232513,-0.4094531238079071,-46.988014221191406,-39.040000915527344,22.355878829956055
2971,0,170,30,91,170,30,40,20,-0.810253918170929,-0.31227537989616394,-0.5893847942352295,-11.69030475616455,-0.47511452436447144,-8.209007263183594
2972,0,170,30,91,170,30,41,24,-0.727001965045929,-0.30543944239616394,-0.7261035442352295,14.279160499572754,-6.597251892089844,3.6993892192840576
2973,0,170,30,94,170,30,40,49,-0.825634777545929,-0.061298828572034836,-0.6408984661102295,-19.323894500732422,9.097404479980469,20.874961853027344
2974,0,170,30,94,170,30,41,16,-0.759716808795929,-0.18751953542232513,-0.7419726848602295,8.355496406555176,-7.696488380432129,-0.6517557501792908
2975,4,170,30,95,170,30,42,10,-0.751416027545929,-0.14015625417232513,-0.6865527629852295,-2.4689314365386963,-5.940763473510742,-2.315877914428711
2976,39,170,30,134,170,30,42,108,-0.685986340045929,-0.28004881739616394,-0.6660449504852295,22.859312057495117,-35.559085845947266,-49.58305358886719
2977,73,170,30,219,170,30,42,19,-0.800732433795929,-0.37868162989616394,-0.3747851550579071,0.7524428367614746,-3.7575573921203613,-14.60595417022705
2978,44,170,30,264,170,30,44,121,-1.0019042491912842,-0.13795898854732513,-0.2422167956829071,13.439465522766113,78.95999908447266,-29.369312286376953
2979,13,170,30,213,170,30,51,163,-0.576367199420929,-0.41896483302116394,-0.7995898723602295,-55.26282501220703,62.379844665527344,45.36351013183594
2980,4,170,30,119,170,30,48,46,-0.717968761920929,-0.36330077052116394,-0.6528613567352295,13.973816871643066,-22.36824607849121,9.714656829833984
2981,1,170,30,69,170,30,46,70,-0.745800793170929,-0.37599608302116394,-0.6428515911102295,-30.789541244506836,-19.421680450439453,20.7222900390625
2982,2,170,30,51,170,30,44,19,-0.762158215045929,-0.35036131739616394,-0.5962207317352295,-6.010915756225586,2.9600000381469727,10.462748527526855
2983,46,170,30,79,170,30,44,64,-0.906689465045929,-0.25636717677116394,-0.6245410442352295,26.920381546020508,-21.52855110168457,-15.873128890991211
2984,108,170,30,146,170,30,42,46,-0.742382824420929,-0.6472363471984863,-0.5063769817352295,6.859313011169434,-16.612520217895508,23.394046783447266
2985,145,170,30,195,170,30,43,27,-0.858593761920929,-0.20216797292232513,-0.4619433581829071,12.676107406616211,-13.345343589782715,-1.7204580307006836
2987,33,170,30,129,170,30,68,418,0.12016601860523224,-1.3054394721984863,-1.5325000286102295,117.34786224365234,161.78443908691406,-138.89602661132812
2988,12,170,30,64,170,30,63,169,-0.40034180879592896,-0.025166016072034836,-0.4909960925579071,-115.4765625,25.463815689086914,-28.285343170166016
2990,6,170,30,42,170,30,52,93,-0.43256837129592896,-0.7060742378234863,-0.9429004192352295,52.43183517456055,-24.139238357543945,-16.483816146850586
2991,2,170,30,31,170,30,48,101,-0.42963868379592896,-0.018330078572034836,-0.8191211223602295,70.1264877319336,1.5248854160308838,29.989465713500977
2992,1,170,30,31,170,30,44,132,-0.36567384004592896,-0.6911816596984863,-0.8218066692352295,-1.476564645767212,4.685190677642822,126.37113952636719
2993,0,170,30,39,170,30,35,213,-0.22871093451976776,0.031230468302965164,0.3849804699420929,-58.05671691894531,-27.482749938964844,127.72991943359375
2994,0,170,30,57,170,30,33,101,-0.594433605670929,-0.38307616114616394,-0.6911914348602295,-35.247554779052734,-22.30717658996582,43.47038269042969
2995,0,170,30,91,170,30,31,31,-0.697216808795929,-0.17653320729732513,-0.7451465129852295,-0.5910685062408447,-27.9865665435791,-2.42274808883667
2996,0,170,30,125,170,30,33,11,-0.756054699420929,-0.33717772364616394,-0.6782519817352295,3.5768702030181885,-0.5972519516944885,7.500916004180908
2997,0,170,30,134,170,30,34,25,-0.754589855670929,-0.27443358302116394,-0.7175586223602295,6.462366104125977,-14.978931427001953,-4.270076274871826
2998,0,170,30,128,170,30,36,20,-0.757275402545929,-0.20216797292232513,-0.7080371379852295,4.080687046051025,-5.375877857208252,10.554351806640625
2999,0,170,30,123,170,30,37,21,-0.807812511920929,-0.17555664479732513,-0.6594531536102295,-2.7895419597625732,-2.0781679153442383,17.073434829711914
3000,0,170,30,131,170,30,38,50,-0.744824230670929,-0.09962891042232513,-0.7988574504852295,-14.667405128479004,-22.90259552001953,13.36351203918457
3001,12,170,30,162,170,30,38,24,-0.800976574420929,-0.17604492604732513,-0.7221972942352295,-11.720839500427246,-2.5972518920898438,-9.705190658569336
3002,51,170,30,208,170,30,40,66,-0.730664074420929,-0.11916016042232513,-0.6511523723602295,-34.56053161621094,-8.688855171203613,-23.2777099609375
3003,103,170,30,259,170,30,40,63,-0.860791027545929,-0.14284180104732513,-0.6679980754852295,27.07305335998535,-10.841526985168457,-25.949464797973633
3004,127,170,30,259,170,30,41,25,-0.753369152545929,-0.047626953572034836,-0.5652148723602295,-3.5987021923065186,3.204274892807007,-18.45328140258789
3005,109,170,30,251,170,30,43,38,-0.799023449420929,-0.15968750417232513,-0.6521289348602295,24.889846801757812,4.3187785148620605,-8.880763053894043
3006,34,170,30,177,170,30,59,319,-0.47797852754592896,-0.8720898628234863,-0.9717090129852295,115.3783950805664,151.79969787597656,-51.949466705322266
3007,12,170,30,124,170,30,55,101,-0.20917968451976776,-0.5334668159484863,-0.8664844036102295,5.7906107902526855,-35.0858039855957,60.79862594604492
3008,4,170,30,103,170,30,44,172,-0.863232433795929,-0.9709668159484863,-1.1304004192352295,-55.11015319824219,-70.2613754272461,47.50091552734375
3009,1,170,30,109,170,30,40,92,-0.747021496295929,-0.5053906440734863,-0.8327929973602295,-3.827709913253784,-72.67359161376953,-15.979999542236328
3010,0,170,30,134,170,30,38,65,-0.763134777545929,-0.45973631739616394,-0.6797168254852295,16.889846801757812,-26.29191017150879,21.8215274810791
3011,0,170,30,157,170,30,37,58,-0.837597668170929,-0.27785155177116394,-0.5940234661102295,-16.270458221435547,-21.833894729614258,19.974199295043945
3012,0,170,30,179,170,30,38,38,-0.705273449420929,-0.20875976979732513,-0.7466113567352295,-14.926945686340332,-8.795724868774414,14.539084434509277
3013,0,170,30,192,170,30,39,13,-0.734082043170929,-0.23317383229732513,-0.7534472942352295,-4.926946640014648,-8.566717147827148,-0.05633587762713432
3014,10,170,30,215,170,30,40,32,-0.846630871295929,-0.06715820729732513,-0.5679004192352295,-21.339160919189453,-6.017099380493164,-5.125038146972656
3015,52,170,30,266,170,30,40,61,-0.874951183795929,-0.12184570729732513,-0.6941211223602295,-2.1330535411834717,-24.475114822387695,-34.51435089111328
3016,95,170,30,316,170,30,39,51,-0.764111340045929,-0.07399414479732513,-0.3830859363079071,-29.858243942260742,-8.551450729370117,-13.170839309692383
3017,124,170,30,326,170,30,40,50,-0.790478527545929,-0.41090819239616394,-0.5237109661102295,-5.522366523742676,-20.459848403930664,-24.941831588745117
3018,137,170,30,314,170,30,42,25,-0.799511730670929,-0.12062500417232513,-0.5129687786102295,-14.239922523498535,8.822595596313477,-2.3006107807159424
3019,125,170,30,295,170,30,44,34,-0.807812511920929,-0.20241211354732513,-0.5559375286102295,-10.270458221435547,11.433282852172852,-13.201374053955078
3020,35,170,30,170,170,30,61,544,-0.44648438692092896,-0.8640332221984863,-0.7095019817352295,206.1570281982422,171.8913116455078,-166.74334716796875
3021,15,170,30,103,170,30,53,292,-0.12177734076976776,-0.5295605659484863,-0.9131152629852295,-112.30099487304688,-86.96366882324219,93.02763366699219
3022,6,170,30,68,170,30,44,93,-0.845166027545929,-0.39162108302116394,-0.4485156238079071,-40.545265197753906,-43.116336822509766,9.958931922912598
3023,2,170,30,61,170,30,40,51,-0.739697277545929,-0.32472655177116394,-0.6828906536102295,7.225725173950195,-33.879695892333984,10.203207015991211
3024,0,170,30,69,170,30,39,17,-0.802197277545929,-0.27321287989616394,-0.6621387004852295,10.279160499572754,2.4561831951141357,5.01236629486084
3025,0,170,30,78,170,30,39,65,-0.737011730670929,-0.29542967677116394,-0.6562793254852295,-13.354426383972168,-16.42931365966797,35.24137496948242
3026,0,170,30,86,170,30,40,33,-0.734082043170929,-0.22462891042232513,-0.7165820598602295,18.63030433654785,-5.2079386711120605,9.836793899536133
3027,2,170,30,95,170,30,39,52,-1.0402343273162842,-0.017109375447034836,-0.4905078113079071,-22.774274826049805,-14.215572357177734,15.256641387939453
3028,18,170,30,120,170,30,40,98,-0.712353527545929,-0.12990234792232513,-0.9424121379852295,20.523433685302734,-25.34534454345703,-52.56015396118164
3029,73,170,30,188,170,30,38,82,-0.883740246295929,-0.38234373927116394,-0.5530078411102295,-19.354427337646484,-21.803359985351562,-41.0792350769043
3030,127,170,30,242,170,30,39,89,-0.793652355670929,-0.31593748927116394,-0.4773242175579071,26.065418243408203,-22.581985473632812,-41.30824279785156
3031,144,170,30,266,170,30,41,9,-0.791210949420929,-0.32399412989616394,-0.5342090129852295,-2.087251901626587,5.509618282318115,-1.8578625917434692
3032,46,170,30,194,170,30,57,539,-0.569531261920929,-0.16579101979732513,-0.8506152629852295,148.8440399169922,268.5325012207031,-121.720458984375
3033,16,170,30,117,170,30,58,181,-0.38007813692092896,-0.23195312917232513,-0.8747851848602295,-71.67503356933594,-2.520915985107422,107.25663757324219
3034,7,170,30,83,170,30,50,149,-0.34150391817092896,-0.7114453315734863,-1.2859179973602295,-74.02618408203125,-23.391145706176758,-51.903663635253906
3035,2,170,30,66,170,30,41,68,-0.645458996295929,-0.16798828542232513,-0.6853320598602295,-41.690303802490234,-21.818626403808594,4.661221504211426
3036,0,170,30,60,170,30,39,49,-0.722607433795929,-0.17921875417232513,-0.7593066692352295,-14.026183128356934,-16.643054962158203,18.997098922729492
3037,0,170,30,59,170,30,39,40,-0.625683605670929,-0.31056639552116394,-0.8183887004852295,-15.858244895935059,-19.482749938964844,-4.804427623748779
3038,0,170,30,56,170,30,38,66,-0.783398449420929,-0.18800781667232513,-0.6992480754852295,3.454732894897461,-33.25374221801758,29.34824562072754
3039,0,170,30,55,170,30,38,21,-0.689648449420929,-0.29933592677116394,-0.7605273723602295,5.408931255340576,2.8989312648773193,13.39404582977295
3040,1,170,30,56,170,30,39,30,-1.4943358898162842,0.07517577707767487,0.1464550793170929,-7.2780914306640625,14.88366413116455,8.172672271728516
3041,20,170,30,68,170,30,40,25,-0.731152355670929,-0.27516600489616394,-0.6272265911102295,-16.362062454223633,-5.269007682800293,-4.13267183303833
3042,64,170,30,111,170,30,41,61,-0.791943371295929,-0.16212891042232513,-0.7290332317352295,-32.071983337402344,-4.688854694366455,-24.667022705078125
3044,103,170,30,152,170,30,42,79,-0.704541027545929,-0.12550781667232513,-0.6460254192352295,-65.07962036132812,13.234808921813965,-1.048702359199524
3045,107,170,30,149,170,30,43,17,-0.791699230670929,-0.08180664479732513,-0.7314746379852295,13.866947174072266,0.9599999785423279,-3.1097710132598877
3046,95,170,30,131,170,30,45,32,-0.785595715045929,-0.034687500447034836,-0.6042773723602295,-3.0948855876922607,14.410381317138672,-14.667022705078125
3047,26,170,30,89,170,30,67,484,-0.19306640326976776,-0.5979199409484863,-1.6159961223602295,210.6150360107422,223.26535034179688,-50.56015396118164
3048,11,170,30,80,170,30,54,136,-0.20161132514476776,-0.10890625417232513,-0.9905078411102295,-29.44603157043457,-92.96366882324219,-13.644122123718262
3049,5,170,30,80,170,30,40,200,-0.851757824420929,0.028056640177965164,-0.5542285442352295,-93.62923431396484,-95.19267272949219,11.516183853149414
3050,1,170,30,86,170,30,41,68,-0.667675793170929,-0.27638670802116394,-0.8117969036102295,55.60740661621094,10.150839805603027,2.371145009994507
3051,1,170,30,93,170,30,39,85,-0.760205090045929,-0.09059570729732513,-0.6831347942352295,-25.033817291259766,-25.86442756652832,34.82916259765625
3052,0,170,30,106,170,30,39,14,-0.709423840045929,-0.14088867604732513,-0.8186328411102295,5.088320732116699,-0.3377099633216858,9.36351203918457
3053,0,170,30,119,170,30,39,30,-0.751660168170929,-0.16554687917232513,-0.7075488567352295,-3.125419855117798,-19.84916114807129,7.699389457702637
3054,0,170,30,135,170,30,38,32,-0.777050793170929,-0.09499023854732513,-0.7209765911102295,0.06541991233825684,-26.536184310913086,5.806259632110596
3055,28,170,30,166,170,30,39,56,-0.774365246295929,-0.27443358302116394,-0.6760547161102295,-0.056717634201049805,-17.772825241088867,-38.17847442626953
3056,85,170,30,218,170,30,39,34,-0.720166027545929,-0.26662108302116394,-0.4717089831829071,-0.7742745876312256,-7.391144752502441,-26.51435089111328
3057,115,170,30,257,170,30,40,10,-0.832470715045929,-0.19948242604732513,-0.6904590129852295,-1.1406872272491455,-2.7499237060546875,-6.7586259841918945
3058,123,170,30,272,170,30,41,12,-0.744824230670929,-0.13991211354732513,-0.6452929973602295,-5.720839500427246,1.4180152416229248,-5.399847507476807
3059,122,170,30,269,170,30,43,2,-0.808056652545929,-0.20802734792232513,-0.6264941692352295,-0.31625962257385254,0.196641206741333,2.325343608856201
3060,78,170,30,221,170,30,47,270,-1.5573241710662842,0.13328124582767487,0.4655468761920929,-151.4765625,112.05923461914062,-6.590687274932861
3062,20,170,30,128,170,30,78,397,0.35551756620407104,-1.1635937690734863,-1.2993457317352295,106.11122131347656,261.0516052246094,-30.1784725189209
3063,8,170,30,70,170,30,69,151,0.14555664360523224,-0.22731445729732513,-0.8630664348602295,-112.16358947753906,13.509618759155273,26.249008178710938
3064,4,170,30,42,170,30,50,290,0.30205076932907104,0.0012011714279651642,-0.7910449504852295,-87.55290222167969,-138.4598388671875,-64.04106903076172
3065,3,170,30,29,170,30,28,371,-0.603710949420929,-0.14552734792232513,-1.0097949504852295,-5.0643510818481445,-222.3834991455078,-144.33114624023438
3066,1,170,30,29,170,30,18,164,-0.556835949420929,-0.30934569239616394,-0.6384570598602295,30.920381546020508,-113.05526733398438,20.416946411132812
3067,0,170,30,40,170,30,17,219,-2.049999952316284,-1.3266797065734863,-1.9700000286102295,-25.675039291381836,-140.96365356445312,52.76809310913086
3068,0,170,30,62,170,30,16,106,-0.628613293170929,-0.25929686427116394,-1.2507617473602295,1.6074045896530151,-47.58961868286133,-57.17083740234375
3069,0,170,30,73,170,30,20,57,-1.0797851085662842,-0.10524414479732513,-0.2859179675579071,19.79060935974121,-37.513282775878906,0.6917557120323181
3070,0,170,30,85,170,30,24,34,-0.639843761920929,-0.19533203542232513,-0.8406054973602295,-13.47656536102295,-15.345343589782715,5.378778457641602
3071,0,170,30,101,170,30,26,12,-0.764355480670929,-0.08278320729732513,-0.6929004192352295,-6.545267105102539,-1.3911449909210205,-4.163206100463867
3072,0,170,30,109,170,30,28,15,-0.738232433795929,-0.07033203542232513,-0.7422168254852295,-3.5070993900299072,-4.459847450256348,7.531450271606445
3073,0,170,30,108,170,30,31,9,-0.796582043170929,-0.008808594197034836,-0.6799609661102295,-6.560534477233887,-0.8415266871452332,-1.7815266847610474
3074,0,170,30,102,170,30,33,18,-0.738720715045929,-0.11623047292232513,-0.7556445598602295,-8.972747802734375,-9.421679496765137,-0.22427481412887573
3075,0,170,30,110,170,30,34,39,-0.763623058795929,-0.16188476979732513,-0.7463672161102295,-8.148320198059082,-24.276641845703125,7.470381736755371
3076,43,170,30,163,170,30,36,33,-0.680371105670929,0.013164062052965164,-0.5547168254852295,-16.438398361206055,1.0668702125549316,16.081069946289062
3077,98,170,30,236,170,30,38,54,-0.655224621295929,-0.30153319239616394,-0.6867969036102295,30.844045639038086,-0.047633588314056396,23.455114364624023
3078,152,170,30,302,170,30,40,51,-0.687451183795929,-0.14381836354732513,-0.7532031536102295,30.93564796447754,0.5783206224441528,19.668855667114258
3079,191,170,30,345,170,30,41,18,-0.786083996295929,0.038798827677965164,-0.6640918254852295,-9.552900314331055,-2.047633647918701,6.737557411193848
3080,215,170,30,361,170,30,42,16,-0.795117199420929,-0.06837891042232513,-0.6867969036102295,-9.430763244628906,-0.5514504313468933,6.187938690185547
3081,220,170,30,367,170,30,43,9,-0.796093761920929,-0.006367187947034836,-0.6784961223602295,6.050152778625488,-2.4293129444122314,-1.048702359199524
3082,233,170,30,385,170,30,43,26,-0.850048840045929,-0.14308594167232513,-0.8616015911102295,8.233358383178711,-15.330077171325684,-2.9112977981567383
3083,279,170,30,409,170,30,42,104,-0.737011730670929,-0.06959961354732513,-0.5776660442352295,68.81351470947266,-19.65068817138672,-16.37694549560547
3084,328,170,30,410,170,30,43,14,-0.836132824420929,-0.11842773854732513,-0.6286914348602295,-9.400228500366211,3.6775572299957275,-1.3693130016326904
3085,343,170,30,400,170,30,45,24,-0.830273449420929,-0.040302734822034836,-0.6311328411102295,-12.926945686340332,5.311145305633545,6.081068515777588
3086,350,170,30,386,170,30,47,9,-0.829541027545929,-0.06813476979732513,-0.6758105754852295,-4.331526756286621,1.1890076398849487,-4.270076274871826
3087,361,170,30,398,170,30,46,44,-0.785107433795929,-0.39162108302116394,-0.3950488269329071,-35.323890686035156,-3.1010684967041016,5.928396701812744
3088,354,170,30,422,170,30,46,106,-0.506298840045929,0.10349608957767487,-0.3647753894329071,31.882213592529297,-24.261375427246094,-50.11740493774414
3089,348,170,30,440,170,30,47,12,-0.834912121295929,0.0014453120529651642,-0.6418750286102295,-9.232290267944336,0.04396945238113403,3.470381736755371
3090,345,170,30,437,170,30,48,13,-0.825878918170929,-0.14943359792232513,-0.5979297161102295,-9.308625221252441,0.7004579901695251,3.546717643737793
3091,336,170,30,424,170,30,49,12,-0.826123058795929,-0.14308594167232513,-0.6260058879852295,-10.774274826049805,0.7462595105171204,0.6001526713371277
3092,315,170,30,407,170,30,49,15,-0.821484386920929,-0.033710937947034836,-0.6001269817352295,11.637939453125,1.540152668952942,-2.5906870365142822
3093,287,170,30,362,170,30,50,57,-1.0167968273162842,-0.16457031667232513,-0.8232715129852295,-39.33916091918945,16.700458526611328,1.4093129634857178
3094,272,170,30,312,170,30,51,70,-0.947460949420929,-0.26149412989616394,-0.8598926067352295,-42.23992156982422,10.318778991699219,18.187938690185547
3095,260,170,30,261,170,30,52,16,-0.784130871295929,-0.041035156697034836,-0.5371387004852295,9.179924011230469,5.937099456787109,-1.3387786149978638
3096,256,170,30,234,170,30,52,12,-0.796337902545929,-0.12770508229732513,-0.6699512004852295,10.202824592590332,1.0974045991897583,-1.0029008388519287
3097,221,170,30,217,170,30,52,76,-0.835156261920929,-0.10817383229732513,-0.5495898723602295,-53.50709915161133,22.868396759033203,0.2032061070203781
3098,66,170,30,126,170,30,71,351,-0.06391601264476776,-1.1335644721984863,-1.8078906536102295,184.40130615234375,152.6546630859375,-14.499083518981934
3099,26,170,30,84,170,30,56,179,-0.47578126192092896,-0.45265623927116394,-0.4985644519329071,1.5005344152450562,-92.55145263671875,85.71465301513672
3100,10,170,30,77,170,30,47,68,-0.595166027545929,0.17551757395267487,-0.8186328411102295,-37.9193115234375,-21.45221519470215,8.951297760009766
3101,3,170,30,71,170,30,42,90,-0.811962902545929,-0.026875000447034836,-0.6428515911102295,-35.90404510498047,-49.84916305541992,4.554351329803467
3102,1,170,30,71,170,30,42,33,-0.646923840045929,-0.07228516042232513,-0.8884570598602295,9.653205871582031,-0.4293130040168762,-23.41511344909668
3103,0,170,30,84,170,30,38,39,-0.784375011920929,-0.07667969167232513,-0.6570117473602295,0.9967176914215088,-27.742290496826172,-10.712823867797852
3104,0,170,30,96,170,30,38,40,-0.731152355670929,-0.13063476979732513,-0.7468554973602295,-9.87351131439209,-23.5438175201416,7.073435306549072
3105,0,170,30,107,170,30,39,11,-0.769726574420929,-0.032001953572034836,-0.7060840129852295,9.28679370880127,-0.30717557668685913,2.401679277420044
3106,3,170,30,116,170,30,38,16,-0.851513683795929,-0.11525391042232513,-0.5859668254852295,5.454732894897461,-4.8567938804626465,6.600152492523193
3107,36,170,30,141,170,30,40,35,-0.776562511920929,-0.07399414479732513,-0.6816699504852295,-2.1330535411834717,-1.6201527118682861,31.775726318359375
3108,91,170,30,191,170,30,42,59,-0.958447277545929,0.28123047947883606,-0.5813281536102295,15.531068801879883,3.9676337242126465,39.836795806884766
3109,138,170,30,227,170,30,43,17,-0.806591808795929,0.08665038645267487,-0.6274707317352295,10.599770545959473,-3.696488380432129,3.363511323928833
3110,160,170,30,251,170,30,45,17,-0.775341808795929,-0.13454101979732513,-0.6091601848602295,0.6608397960662842,0.37984728813171387,16.416946411132812
3112,185,170,30,273,170,30,45,10,-0.812207043170929,0.06565429270267487,-0.5569140911102295,-0.20938920974731445,1.1126717329025269,9.180305480957031
3113,198,170,30,282,170,30,46,9,-0.797802746295929,0.023173827677965164,-0.6731250286102295,6.950916290283203,-2.2766411304473877,0.05053435266017914
3114,205,170,30,282,170,30,46,35,-0.807568371295929,0.008037108927965164,-0.7082812786102295,23.98908233642578,-6.841526508331299,-4.8654961585998535
3115,221,170,30,295,170,30,46,88,-0.849316418170929,0.0014453120529651642,-0.6230762004852295,66.00434875488281,-11.391144752502441,-11.21664047241211
3116,250,170,30,322,170,30,45,72,-0.741894543170929,-0.11305664479732513,-0.4490039050579071,45.31732940673828,-22.597251892089844,-4.71282434463501
3117,259,170,30,336,170,30,47,19,-0.828076183795929,-0.11232422292232513,-0.6272265911102295,-13.323893547058105,0.05923664569854736,6.5238165855407715
3118,256,170,30,335,170,30,48,22,-0.821484386920929,-0.07985351979732513,-0.6252734661102295,-14.804808616638184,0.7920610308647156,6.737557411193848
3119,249,170,30,336,170,30,49,4,-0.826367199420929,0.005351562052965164,-0.6208789348602295,-2.117786169052124,-0.7499236464500427,1.7451908588409424
3120,244,170,30,331,170,30,49,30,-0.835400402545929,-0.033710937947034836,-0.6052539348602295,-18.575801849365234,-1.375877857208252,10.691756248474121
3121,249,170,30,339,170,30,48,46,-0.850292980670929,-0.22975586354732513,-0.5366504192352295,16.248624801635742,-11.406412124633789,-18.8349609375
3122,270,170,30,376,170,30,47,43,-0.929150402545929,-0.19948242604732513,-0.5178515911102295,0.37076330184936523,-19.20793914794922,-23.79679298400879
3123,280,170,30,398,170,30,48,20,-0.866406261920929,-0.19826172292232513,-0.6401660442352295,5.240992546081543,-2.73465633392334,-12.7280912399292
3124,273,170,30,399,170,30,48,19,-0.847119152545929,-0.23927734792232513,-0.5622851848602295,13.134122848510742,0.3951144814491272,-5.980000019073486
3125,259,170,30,388,170,30,49,13,-0.849316418170929,-0.30226561427116394,-0.5227344036102295,-7.705572128295898,2.5630533695220947,3.4245800971984863
3126,253,170,30,383,170,30,50,17,-0.839794933795929,-0.27931639552116394,-0.5339648723602295,-10.285724639892578,0.6088549494743347,6.584885597229004
3127,232,170,30,349,170,30,53,36,-0.703808605670929,0.049785155802965164,-0.3650195300579071,-19.9040470123291,16.105037689208984,-0.9570992588996887
3128,222,170,30,287,170,30,54,30,-0.776318371295929,-0.035419922322034836,-0.4580371081829071,18.920381546020508,3.6470229625701904,-7.720458030700684
3129,218,170,30,243,170,30,54,15,-0.789501965045929,-0.16017578542232513,-0.5090625286102295,9.470000267028809,1.3874808549880981,-5.048702239990234
3130,215,170,30,214,170,30,54,6,-0.846142590045929,-0.22389648854732513,-0.6828906536102295,5.240992546081543,0.8225954174995422,-0.8196946978569031
3131,168,170,30,174,170,30,55,78,-0.960888683795929,-0.19826172292232513,-0.6118457317352295,-57.354427337646484,11.036335945129395,-9.735724449157715
3132,50,170,30,100,170,30,73,386,-0.40864259004592896,-0.44484373927116394,-1.1274707317352295,171.5615997314453,189.4485626220703,25.1650390625
3133,19,170,30,66,170,30,64,162,-0.05854492262005806,-0.07252930104732513,-1.1587207317352295,-60.56053161621094,-61.98656463623047,39.98946762084961
3134,8,170,30,43,170,30,45,194,-0.46796876192092896,-0.21461914479732513,-0.6448047161102295,-158.91168212890625,-32.612518310546875,2.8444273471832275
3135,3,170,30,37,170,30,42,84,-0.834179699420929,-0.24147461354732513,-0.5534961223602295,61.95854949951172,-8.780458450317383,-13.67465591430664
3136,0,170,30,41,170,30,41,80,-0.679882824420929,-0.16603516042232513,-0.8515918254852295,-34.7895393371582,-32.734657287597656,13.012367248535156
3137,0,170,30,48,170,30,41,17,-0.742626965045929,-0.19264648854732513,-0.7082812786102295,5.607404708862305,-11.009465217590332,0.9360305070877075
3138,0,170,30,57,170,30,40,38,-0.736523449420929,-0.13258789479732513,-0.7680957317352295,-13.461297035217285,-22.933130264282227,1.6077862977981567
3139,5,170,30,69,170,30,41,21,-0.792187511920929,-0.13161133229732513,-0.7082812786102295,12.187557220458984,-2.4903817176818848,-6.7586259841918945
3140,41,170,30,113,170,30,42,68,-0.799511730670929,-0.07570312917232513,-0.6116015911102295,-34.49946594238281,11.06687068939209,23.30244255065918
3141,82,170,30,164,170,30,44,38,-0.723583996295929,-0.19362305104732513,-0.8471972942352295,4.966183185577393,9.097404479980469,24.630687713623047
3142,121,170,30,199,170,30,45,30,-0.684765636920929,0.08518554270267487,-0.6765429973602295,21.363128662109375,6.99053430557251,2.2032060623168945
3143,160,170,30,226,170,30,45,41,-0.783154308795929,0.005595702677965164,-0.6516406536102295,23.4089298248291,-3.8644275665283203,-14.071602821350098
3144,187,170,30,239,170,30,45,18,-0.787060558795929,-0.14918945729732513,-0.6882617473602295,15.515801429748535,-2.1697709560394287,-1.3082443475723267
3145,207,170,30,254,170,30,46,13,-0.781445324420929,-0.14918945729732513,-0.7097461223602295,9.149389266967773,1.3264122009277344,2.6764886379241943
3146,221,170,30,284,170,30,46,29,-0.794873058795929,-0.24147461354732513,-0.6745898723602295,22.676105499267578,-5.238473415374756,-1.1250381469726562
3147,251,170,30,328,170,30,46,75,-0.903271496295929,-0.39186522364616394,-0.6924121379852295,49.65320587158203,-11.528549194335938,-14.239541053771973
3148,297,170,30,361,170,30,45,24,-0.799755871295929,-0.35182616114616394,-0.8247363567352295,-13.384961128234863,-2.047633647918701,8.6154203414917
3149,310,170,30,392,170,30,46,17,-0.812451183795929,-0.22584961354732513,-0.5952441692352295,-11.812442779541016,1.6470229625701904,3.6383206844329834
3150,309,170,30,400,170,30,47,17,-0.814648449420929,-0.21681641042232513,-0.6020801067352295,-11.369694709777832,2.1508395671844482,3.8825953006744385
3151,307,170,30,385,170,30,47,15,-0.812695324420929,-0.25368162989616394,-0.6145312786102295,-10.865877151489258,-3.7422900199890137,1.3177099227905273
3152,300,170,30,360,170,30,48,21,-0.819042980670929,-0.18971680104732513,-0.6421191692352295,-15.629237174987793,0.013435065746307373,6.019999980926514
3153,284,170,30,357,170,30,49,32,-0.816113293170929,-0.17384766042232513,-0.6208789348602295,-30.896413803100586,1.4790840148925781,0.478015273809433
3154,291,170,30,403,170,30,47,64,-0.833935558795929,-0.6067090034484863,-0.2295214831829071,-0.5452673435211182,-22.398778915405273,-41.766258239746094
3155,297,170,30,470,170,30,46,13,-0.819287121295929,-0.25246092677116394,-0.5825488567352295,-10.71320629119873,-0.0018320679664611816,3.01236629486084
3156,293,170,30,486,170,30,47,5,-0.818798840045929,-0.29469725489616394,-0.5676562786102295,0.9051146507263184,-0.35297709703445435,3.974198341369629
3157,286,170,30,467,170,30,48,10,-0.816601574420929,-0.27687498927116394,-0.5439746379852295,-7.613968849182129,0.9141984581947327,1.7909923791885376
3158,278,170,30,444,170,30,49,17,-0.821484386920929,-0.28053709864616394,-0.5832812786102295,-14.07198429107666,-1.192671775817871,2.4627480506896973
3159,280,170,30,429,170,30,49,8,-0.834179699420929,-0.29054686427116394,-0.5818164348602295,0.7829771041870117,-1.940763235092163,-5.949465751647949
3160,284,170,30,413,170,30,50,7,-0.808056652545929,-0.16041992604732513,-0.6670215129852295,-1.2170226573944092,2.2577099800109863,4.004733085632324
3161,279,170,30,364,170,30,51,88,-0.775341808795929,-0.6133008003234863,-0.5173633098602295,49.11885452270508,15.784427642822266,-23.67465591430664
3162,267,170,30,312,170,30,51,19,-0.796826183795929,-0.26344725489616394,-0.6599414348602295,-14.667405128479004,3.4638168811798096,1.0734350681304932
3163,259,170,30,255,170,30,52,32,-0.822705090045929,-0.28200194239616394,-0.7131640911102295,-18.02618408203125,9.250076293945312,4.951297760009766
3164,256,170,30,204,170,30,51,14,-0.805615246295929,-0.24611328542232513,-0.6653125286102295,-10.820075988769531,-0.10870236158370972,-3.842595338821411
3165,249,170,30,171,170,30,51,48,-0.708203136920929,-0.17970703542232513,-0.5285937786102295,34.645572662353516,-3.5743513107299805,-10.315876960754395
3166,240,170,30,153,170,30,51,7,-0.792675793170929,-0.25587889552116394,-0.5842578411102295,-3.4612977504730225,1.5096182823181152,2.2032060623168945
3167,159,170,30,137,170,30,53,202,-2.049999952316284,0.21653319895267487,0.3979199230670929,-112.45366668701172,86.8836669921875,-3.0181679725646973
3168,48,170,30,87,170,30,69,267,0.46611326932907104,-0.6653027534484863,-1.0530078411102295,-21.476566314697266,-100.13923645019531,145.592529296875
3169,30,170,30,67,170,30,36,376,-0.36982423067092896,0.35813477635383606,0.2309277355670929,-75.4307632446289,-200.12396240234375,100.7680892944336
3171,10,170,30,66,170,30,33,102,-0.936474621295929,-0.07667969167232513,-0.3850390613079071,-44.01091384887695,32.41038131713867,26.218473434448242
3172,3,170,30,78,170,30,34,41,-0.633740246295929,-0.22023437917232513,-0.9585254192352295,-10.71320629119873,-25.971298217773438,4.630687236785889
3173,1,170,30,71,170,30,31,76,-0.837109386920929,-0.23097656667232513,-0.6133105754852295,14.874580383300781,-51.66595458984375,10.187939643859863
3174,0,170,30,71,170,30,32,43,-0.756298840045929,-0.28615233302116394,-0.6323535442352295,-9.507099151611328,-21.314809799194336,12.676488876342773
3175,0,170,30,79,170,30,35,30,-0.738476574420929,-0.30543944239616394,-0.7637012004852295,-0.7895419597625732,-10.658320426940918,-18.63648796081543
3176,0,170,30,87,170,30,36,6,-0.832714855670929,-0.15822266042232513,-0.6159961223602295,-0.08725190162658691,-4.230839729309082,-2.4380152225494385
3177,12,170,30,94,170,30,38,25,-0.825390636920929,-0.22926758229732513,-0.6260058879852295,-16.255191802978516,0.6699236631393433,8.32534408569336
3178,55,170,30,123,170,30,40,39,-0.822705090045929,-0.07887695729732513,-0.6953418254852295,4.874580383300781,9.051603317260742,25.806259155273438
3179,112,170,30,167,170,30,42,35,-0.845166027545929,-0.007343750447034836,-0.7060840129852295,21.027250289916992,-2.978931188583374,11.790992736816406
3180,141,170,30,198,170,30,44,14,-0.779003918170929,-0.13454101979732513,-0.6709277629852295,2.3249619007110596,-0.5361831784248352,11.958931922912598
3181,158,170,30,215,170,30,45,32,-0.792431652545929,-0.15968750417232513,-0.6506640911102295,24.37076187133789,-4.780457973480225,-3.1097710132598877
3182,166,170,30,220,170,30,46,7,-0.801953136920929,-0.08644531667232513,-0.6626269817352295,6.233358860015869,-0.5361831784248352,-0.3311450183391571
3183,187,170,30,232,170,30,46,33,-0.801220715045929,-0.15651367604732513,-0.6396777629852295,23.76007652282715,-7.162137031555176,-2.5754199028015137
3184,210,170,30,272,170,30,46,76,-1.1791503429412842,-0.029072266072034836,-0.7102344036102295,50.9509162902832,-16.82625961303711,-8.575419425964355
3185,249,170,30,320,170,30,45,35,-0.848828136920929,-0.21925781667232513,-0.7695605754852295,18.386030197143555,-14.490381240844727,-2.5754199028015137
3186,260,170,30,354,170,30,46,23,-0.816113293170929,-0.24904297292232513,-0.5971972942352295,-19.781909942626953,3.127938985824585,0.8902289867401123
3187,260,170,30,367,170,30,47,6,-0.815869152545929,-0.20680664479732513,-0.5996387004852295,-2.300992250442505,-0.5819846987724304,3.394045829772949
3188,259,170,30,352,170,30,49,30,-0.824169933795929,-0.14357422292232513,-0.6235644817352295,-23.781909942626953,4.6393890380859375,2.3100762367248535
3189,264,170,30,361,170,30,48,54,-0.917431652545929,-0.5852246284484863,-0.3413378894329071,-23.36969566345215,-9.223206520080566,-22.132671356201172
3190,286,170,30,402,170,30,46,59,-0.900830090045929,-0.7492871284484863,-0.1985156238079071,-13.827710151672363,-16.139238357543945,-29.766258239746094
3191,286,170,30,406,170,30,46,7,-0.825878918170929,-0.32228514552116394,-0.5713183879852295,-4.392595291137695,1.5706870555877686,1.57725191116333
3192,282,170,30,396,170,30,48,10,-0.813183605670929,-0.27443358302116394,-0.6059863567352295,-9.537632942199707,1.2042747735977173,0.12687022984027863
3193,273,170,30,365,170,30,49,85,-0.652783215045929,-0.22560547292232513,-0.4795214831829071,-56.148319244384766,7.387480735778809,22.249008178710938
3194,267,170,30,309,170,30,50,84,-0.616894543170929,-0.25270506739616394,-0.6726367473602295,-20.774274826049805,23.49435043334961,40.66122055053711
3195,268,170,30,239,170,30,52,63,-1.2030761241912842,0.021220702677965164,-0.8359668254852295,-40.926944732666016,11.35694694519043,11.012367248535156
3196,272,170,30,205,170,30,52,16,-0.833447277545929,-0.12843750417232513,-0.7236621379852295,-6.362060546875,9.906564712524414,-0.31587785482406616
3197,269,170,30,182,170,30,51,15,-0.789501965045929,-0.09596680104732513,-0.6758105754852295,-10.682671546936035,1.876030445098877,2.9818320274353027
3198,261,170,30,167,170,30,51,10,-0.842480480670929,-0.018818359822034836,-0.6802051067352295,2.172290086746216,-3.910229206085205,3.943664073944092
3199,243,170,30,149,170,30,51,31,-0.791943371295929,-0.051044922322034836,-0.5464160442352295,-21.507099151611328,7.8607635498046875,2.111603021621704
3200,88,170,30,88,170,30,67,634,-0.25678712129592896,0.47141602635383606,0.2067578136920929,144.69137573242188,448.4561767578125,-41.58305358886719
3201,32,170,30,57,170,30,65,130,-0.13300780951976776,0.10911132395267487,-0.8552539348602295,-38.1635856628418,21.005800247192383,70.9970932006836
3202,15,170,30,49,170,30,47,227,-0.38642579317092896,-0.27199217677116394,-0.9304492473602295,-99.2933578491211,-106.4903793334961,-21.583053588867188
3203,6,170,30,45,170,30,39,71,-0.868847668170929,-0.08766601979732513,-0.5845019817352295,-1.079618215560913,-51.80335998535156,-18.804426193237305
3204,2,170,30,46,170,30,36,68,-0.658886730670929,-0.27956053614616394,-0.8061816692352295,-11.217022895812988,-55.42168045043945,2.157404661178589
3205,0,170,30,52,170,30,36,44,-0.779492199420929,-0.18678711354732513,-0.6767871379852295,13.729541778564453,-16.933130264282227,-13.628854751586914
3206,0,170,30,57,170,30,35,31,-0.792187511920929,-0.21168945729732513,-0.6201465129852295,-6.010915756225586,-23.9865665435791,1.9283969402313232
3207,0,170,30,62,170,30,36,42,-0.713330090045929,-0.26124998927116394,-0.7541797161102295,-19.751375198364258,-11.467480659484863,11.1650390625
3208,27,170,30,70,170,30,39,36,-0.850048840045929,-0.21413086354732513,-0.7229297161102295,-16.453664779663086,4.99053430557251,15.058168411254883
3209,63,170,30,100,170,30,40,30,-0.756542980670929,-0.10133789479732513,-0.7231738567352295,-4.07198429107666,1.6470229625701904,24.691755294799805
3210,107,170,30,137,170,30,42,71,-0.744335949420929,-0.34132811427116394,-0.7400195598602295,19.45473289489746,8.471449851989746,43.42457962036133
3211,148,170,30,168,170,30,43,14,-0.809521496295929,0.054423827677965164,-0.7402637004852295,12.401297569274902,-1.4980151653289795,-0.34641221165657043
3212,173,170,30,187,170,30,44,10,-0.799267590045929,-0.09523437917232513,-0.6633594036102295,6.340229034423828,-2.15450382232666,-2.453282356262207
3213,196,170,30,200,170,30,44,12,-0.802929699420929,-0.09230469167232513,-0.6196582317352295,-3.0948855876922607,-6.108702182769775,-2.8044273853302
3214,209,170,30,231,170,30,45,17,-0.854199230670929,-0.18751953542232513,-0.6096484661102295,8.721908569335938,4.13557243347168,-5.109770774841309
3215,245,170,30,291,170,30,45,49,-0.826123058795929,-0.16066406667232513,-0.7866504192352295,19.408931732177734,-26.933130264282227,-3.4761831760406494
3216,282,170,30,363,170,30,45,34,-0.663281261920929,-0.10451172292232513,-0.5913379192352295,15.653206825256348,-12.872060775756836,-5.491450309753418
3217,287,170,30,400,170,30,46,12,-0.797802746295929,-0.21413086354732513,-0.5715625286102295,-2.9269464015960693,5.738626003265381,3.9131298065185547
3218,282,170,30,401,170,30,47,18,-0.829541027545929,-0.12575195729732513,-0.5805957317352295,-13.797175407409668,3.0363359451293945,1.226106882095337
3219,269,170,30,392,170,30,48,9,-0.831250011920929,-0.10841797292232513,-0.6074512004852295,6.187557220458984,0.3645801544189453,-3.2929770946502686
3220,270,170,30,384,170,30,47,262,-0.792187511920929,-0.16847656667232513,-0.7629687786102295,103.72954559326172,-61.42168045043945,-97.39984893798828
3221,277,170,30,404,170,30,45,56,-0.853710949420929,-0.38966795802116394,-0.4265429675579071,32.87458038330078,-11.452213287353516,-11.934198379516602
3222,269,170,30,391,170,30,46,20,-0.831250011920929,-0.35963866114616394,-0.5156543254852295,12.279160499572754,1.8149617910385132,-6.636488437652588
3223,257,170,30,364,170,30,47,3,-0.832226574420929,-0.39918944239616394,-0.5017383098602295,0.7677099704742432,-0.9025954604148865,1.332977056503296
3224,249,170,30,338,170,30,49,38,-0.825878918170929,-0.37404295802116394,-0.4949023425579071,-24.5910701751709,8.608854293823242,5.073435306549072
3225,239,170,30,316,170,30,50,11,-0.772656261920929,-0.30861327052116394,-0.5151660442352295,0.950916051864624,3.555419921875,-6.911297798156738
3226,233,170,30,287,170,30,51,10,-0.663037121295929,-0.19606445729732513,-0.2475878894329071,-4.591068267822266,2.272977113723755,3.684122085571289
3227,226,170,30,255,170,30,52,15,-0.988232433795929,-0.31471678614616394,-0.6587207317352295,-1.8582441806793213,-3.085801601409912,10.981832504272461
3228,220,170,30,209,170,30,53,48,-0.737011730670929,-0.29518553614616394,-0.5271289348602295,-28.22465705871582,13.540152549743652,6.707022666931152
3229,214,170,30,169,170,30,53,30,-0.803906261920929,-0.33205077052116394,-0.5952441692352295,16.401296615600586,1.3111450672149658,-12.850228309631348
3230,191,170,30,129,170,30,53,14,-0.778515636920929,-0.34767577052116394,-0.5832812786102295,-7.308625221252441,5.26534366607666,-1.506717562675476
3231,173,170,30,106,170,30,53,5,-0.807812511920929,-0.35329100489616394,-0.5830371379852295,1.6226718425750732,1.4485496282577515,-2.0105342864990234
3232,129,170,30,92,170,30,53,133,-0.799511730670929,-0.30275389552116394,-0.5198047161102295,-107.55290222167969,18.288244247436523,7.516183376312256
3233,44,170,30,63,170,30,66,244,-0.501416027545929,-0.20290039479732513,-0.9375293254852295,-58.194122314453125,167.6928253173828,-18.544885635375977
3234,15,170,30,46,170,30,66,132,-0.46137696504592896,0.043681640177965164,-1.0613086223602295,-76.88114166259766,40.15083694458008,15.592519760131836
3235,6,170,30,39,170,30,60,29,-0.49604493379592896,-0.008320312947034836,-0.9472949504852295,-0.5299999713897705,12.593587875366211,-16.682289123535156
3237,2,170,30,33,170,30,55,90,-0.46650391817092896,-0.20851562917232513,-0.9641406536102295,67.95854949951172,-14.139236450195312,-8.453282356262207
3238,1,170,30,31,170,30,49,39,-0.42841798067092896,0.30906251072883606,-0.9753711223602295,-8.45366382598877,8.685190200805664,-22.667022705078125
