timestamp,tipPressure,tipUpperRange,tipLowerRange,fingerPressure,fingerUpperRange,fingerLowerRange,angle,writtingSpeed,accX,accY,accZ,gyroX,gyroY,gyroZ
1068,0,170,30,49,170,30,41,16,-0.714306652545929,-0.24757812917232513,-0.7221972942352295,10.065420150756836,-3.406412124633789,-3.247175693511963
1069,0,170,30,47,170,30,42,2,-0.721142590045929,-0.27516600489616394,-0.7107226848602295,-0.5758016109466553,0.624122142791748,1.561984658241272
1070,0,170,30,46,170,30,42,13,-0.728222668170929,-0.26295897364616394,-0.7073047161102295,-4.850610733032227,3.524885416030884,5.3482441902160645
1071,0,170,30,46,170,30,42,17,-0.743847668170929,-0.24025391042232513,-0.7063281536102295,-5.720839500427246,-5.513282299041748,-5.812061309814453
1072,0,170,30,46,170,30,42,6,-0.715771496295929,-0.27052733302116394,-0.7102344036102295,-5.094884872436523,0.5935877561569214,1.1650381088256836
1073,0,170,30,44,170,30,42,23,-0.733593761920929,-0.21388672292232513,-0.7341601848602295,-8.468931198120117,-4.6430535316467285,-10.743358612060547
1074,0,170,30,44,170,30,42,16,-0.721386730670929,-0.26833006739616394,-0.7268359661102295,-9.812442779541016,-1.6659541130065918,4.554351329803467
1075,0,170,30,42,170,30,43,8,-0.760205090045929,-0.21315430104732513,-0.6797168254852295,-1.583435297012329,3.7233588695526123,-2.8960306644439697
1076,0,170,30,42,170,30,43,10,-0.722851574420929,-0.24293945729732513,-0.7239062786102295,-4.545267105102539,3.7844274044036865,2.3864121437072754
1077,0,170,30,40,170,30,43,5,-0.726025402545929,-0.22902344167232513,-0.7097461223602295,-1.476564645767212,1.8607633113861084,2.325343608856201
1078,0,170,30,38,170,30,43,9,-0.712109386920929,-0.23439453542232513,-0.7241504192352295,-3.262824296951294,3.7080917358398438,2.157404661178589
1079,0,170,30,35,170,30,43,9,-0.719677746295929,-0.26198241114616394,-0.7231738567352295,4.5081682205200195,3.8607633113861084,1.348244309425354
1080,0,170,30,34,170,30,43,7,-0.726269543170929,-0.24269531667232513,-0.7307422161102295,-2.8506104946136475,-2.475114583969116,2.6306869983673096
1081,0,170,30,34,170,30,43,11,-0.730664074420929,-0.25563475489616394,-0.7204883098602295,-4.1025190353393555,-4.276641368865967,2.645954132080078
1082,0,170,30,35,170,30,43,21,-0.718945324420929,-0.29640623927116394,-0.6616504192352295,-12.820076942443848,-3.772824287414551,5.2413740158081055
1083,0,170,30,37,170,30,43,3,-0.729931652545929,-0.23366211354732513,-0.7143847942352295,-1.5223662853240967,0.7157251834869385,-1.0639694929122925
1084,0,170,30,37,170,30,43,8,-0.737500011920929,-0.22340820729732513,-0.7129199504852295,-3.476564645767212,1.585954189300537,3.7757251262664795
1085,0,170,30,39,170,30,43,24,-0.718945324420929,-0.21095703542232513,-0.7351367473602295,-13.797175407409668,4.563053131103516,6.3100762367248535
1086,0,170,30,38,170,30,43,12,-0.725537121295929,-0.19704101979732513,-0.7280566692352295,9.393664360046387,-0.18503814935684204,2.6612212657928467
1090,3,170,30,34,170,30,44,4,-0.733349621295929,-0.20021484792232513,-0.7383105754852295,-2.3467938899993896,-0.7499236464500427,-1.7357251644134521
1091,4,170,30,35,170,30,44,33,-0.717480480670929,-0.17628906667232513,-0.7348926067352295,-18.92694664001465,4.792060852050781,9.302443504333496
1093,7,170,30,33,170,30,44,5,-0.734082043170929,-0.14918945729732513,-0.7597949504852295,-4.911679267883301,0.37984728813171387,0.6306869983673096
1094,8,170,30,31,170,30,44,4,-0.741406261920929,-0.11989258229732513,-0.7717578411102295,1.9432824850082397,-1.696488618850708,-0.7738931775093079
1095,8,170,30,31,170,30,44,20,-0.727246105670929,-0.14308594167232513,-0.7363574504852295,-15.354426383972168,1.5554198026657104,3.226106882095337
1097,8,170,30,30,170,30,44,17,-0.718701183795929,-0.09865234792232513,-0.7737109661102295,-14.942214012145996,0.8073282241821289,2.004732847213745
1098,13,170,30,34,170,30,44,8,-0.727490246295929,-0.044941406697034836,-0.7783496379852295,-3.5070993900299072,-0.03236645460128784,-4.850229263305664
1099,21,170,30,43,170,30,43,2,-0.728955090045929,-0.13771484792232513,-0.7556445598602295,1.1799237728118896,0.16610682010650635,-0.8807633519172668
1100,35,170,30,55,170,30,43,14,-0.746777355670929,-0.11159180104732513,-0.7773730754852295,-8.2551908493042,-0.0018320679664611816,-5.781526565551758
1101,49,170,30,80,170,30,43,18,-0.750195324420929,-0.15211914479732513,-0.7060840129852295,8.431832313537598,-3.406412124633789,-6.911297798156738
1102,63,170,30,103,170,30,42,16,-0.740673840045929,-0.20509766042232513,-0.7436816692352295,-6.239923477172852,-2.3987786769866943,-7.949465751647949
1103,71,170,30,121,170,30,43,9,-0.696972668170929,-0.11476562917232513,-0.6784961223602295,-4.346794128417969,-2.3835113048553467,-2.667022943496704
1104,79,170,30,133,170,30,42,10,-0.722363293170929,-0.14455078542232513,-0.7387988567352295,0.5081679821014404,-1.2079389095306396,-8.941831588745117
1105,83,170,30,146,170,30,42,135,-0.642773449420929,-0.10866211354732513,-0.8596484661102295,69.408935546875,-23.971298217773438,-41.62885284423828
1106,85,170,30,160,170,30,42,11,-0.739697277545929,-0.24196289479732513,-0.6911914348602295,8.294427871704102,1.0668702125549316,-1.6441221237182617
1107,68,170,30,160,170,30,43,29,-0.797314465045929,-0.24391601979732513,-0.6787402629852295,-22.54526710510254,-0.20030540227890015,6.859694480895996
1108,20,170,30,106,170,30,53,78,-0.41328126192092896,-0.7973828315734863,-1.1216113567352295,22.93564796447754,22.395112991333008,33.56198501586914
1109,8,170,30,78,170,30,46,84,-0.566357433795929,-0.32374998927116394,-0.9446094036102295,-40.77427291870117,-22.29191017150879,21.56198501586914
1110,3,170,30,87,170,30,44,126,-0.39179688692092896,-0.5803418159484863,-1.1496875286102295,85.13412475585938,4.578320503234863,-37.063968658447266
1111,1,170,30,98,170,30,41,81,-0.704296886920929,-0.39210936427116394,-0.8305957317352295,7.240992546081543,-45.65068817138672,29.058168411254883
1112,0,170,30,107,170,30,42,10,-0.660351574420929,-0.37282225489616394,-0.8205859661102295,1.3173282146453857,-4.520915985107422,4.187938690185547
1113,0,170,30,104,170,30,41,37,-0.720410168170929,-0.27907225489616394,-0.7329394817352295,-6.743740081787109,-13.299541473388672,17.10396957397461
1114,0,170,30,98,170,30,41,13,-0.719189465045929,-0.21681641042232513,-0.7480762004852295,-4.438396453857422,-8.078167915344238,0.6154198050498962
1115,0,170,30,88,170,30,39,47,-0.849560558795929,-0.11208008229732513,-0.6101367473602295,-16.713207244873047,-18.94839859008789,11.714656829833984
1116,8,170,30,89,170,30,40,24,-0.757763683795929,-0.15431641042232513,-0.6797168254852295,-12.16358757019043,4.593587875366211,7.729923725128174
1117,41,170,30,114,170,30,42,29,-0.744335949420929,-0.18092773854732513,-0.7297656536102295,-26.316259384155273,2.303511381149292,0.7680915594100952
1118,79,170,30,162,170,30,42,29,-0.780712902545929,-0.5534863471984863,-0.7593066692352295,15.622672080993652,-4.200305461883545,-9.56778621673584
1119,104,170,30,204,170,30,42,39,-0.770947277545929,-0.14259766042232513,-0.6755664348602295,-36.88114547729492,0.6699236631393433,-2.346412181854248
1120,114,170,30,222,170,30,42,79,-0.738720715045929,-0.16359375417232513,-0.6811816692352295,28.477632522583008,-12.123969078063965,-38.621219635009766
1121,117,170,30,235,170,30,42,14,-0.761181652545929,-0.18361328542232513,-0.7051074504852295,-12.010915756225586,0.7767938375473022,-1.4609160423278809
1122,117,170,30,247,170,30,43,31,-0.753369152545929,-0.13454101979732513,-0.7085254192352295,-30.133054733276367,1.585954189300537,0.035267174243927
1123,120,170,30,253,170,30,43,16,-0.757275402545929,-0.14821289479732513,-0.7566211223602295,-12.346793174743652,-0.9483969807624817,-3.460916042327881
1124,124,170,30,250,170,30,43,3,-0.752392590045929,-0.14772461354732513,-0.7248828411102295,-1.3086259365081787,0.028702259063720703,-2.13267183303833
1125,131,170,30,245,170,30,44,18,-0.748242199420929,-0.15822266042232513,-0.6831347942352295,-14.636870384216309,2.70045804977417,-1.6135878562927246
1126,54,170,30,204,170,30,51,277,-0.745312511920929,-0.026875000447034836,-0.6247851848602295,80.09595489501953,155.78443908691406,-42.04106903076172
1127,18,170,30,139,170,30,54,44,-0.38398438692092896,-0.5932812690734863,-0.9590137004852295,-7.812442779541016,15.64702320098877,21.271909713745117
1128,7,170,30,100,170,30,47,108,-0.639599621295929,-0.30397459864616394,-0.7661426067352295,7.485267639160156,-57.162139892578125,43.53145217895508
1129,3,170,30,83,170,30,43,64,-0.634960949420929,-0.37819334864616394,-0.7720019817352295,-3.613969564437866,-32.0171012878418,28.40167999267578
1130,1,170,30,88,170,30,41,55,-0.728222668170929,-0.28615233302116394,-0.6433398723602295,-3.76664137840271,-21.330078125,30.020000457763672
1131,1,170,30,93,170,30,39,26,-0.769238293170929,-0.14796875417232513,-0.6802051067352295,4.065419673919678,-19.375879287719727,3.1955726146698
1132,0,170,30,91,170,30,39,16,-0.720654308795929,-0.24464844167232513,-0.7436816692352295,-5.659770965576172,-6.612519264221191,3.9131298065185547
1133,0,170,30,84,170,30,40,2,-0.718457043170929,-0.25368162989616394,-0.7090137004852295,0.23335886001586914,-1.1010687351226807,-1.1708396673202515
1134,0,170,30,88,170,30,39,32,-0.724560558795929,-0.26784178614616394,-0.7275683879852295,12.767709732055664,-18.749923706054688,-0.7280915975570679
1135,6,170,30,104,170,30,40,36,-0.760449230670929,-0.18898437917232513,-0.6892383098602295,16.889846801757812,-5.620152473449707,-14.010534286499023
1136,31,170,30,139,170,30,40,33,-0.786083996295929,-0.23463867604732513,-0.6904590129852295,-15.369694709777832,-7.269007682800293,-10.8349609375
1137,63,170,30,182,170,30,40,26,-0.809277355670929,-0.40895506739616394,-0.6513965129852295,10.99671745300293,-7.055267333984375,-8.132671356201172
1138,84,170,30,205,170,30,40,20,-0.762158215045929,-0.32960936427116394,-0.6704394817352295,-8.468931198120117,-5.436946392059326,-6.13267183303833
1139,97,170,30,208,170,30,40,60,-0.731884777545929,-0.5166211128234863,-0.5325000286102295,17.118854522705078,-17.66595458984375,-25.65938949584961
1140,99,170,30,211,170,30,41,19,-0.753613293170929,-0.34376952052116394,-0.6406543254852295,-16.942214965820312,0.28824424743652344,-2.1784732341766357
1141,54,170,30,184,170,30,47,192,-1.2938964366912842,-0.019794922322034836,0.1696484386920929,4.99671745300293,162.1966552734375,-25.002901077270508
1142,17,170,30,89,170,30,52,245,-0.20502929389476776,-0.9819531440734863,-1.0610644817352295,78.58450317382812,-153.6506805419922,13.531451225280762
1143,7,170,30,46,170,30,51,197,-0.34589844942092896,-0.6191601753234863,-0.8186328411102295,8.889847755432129,118.8836669921875,70.0199966430664
1144,2,170,30,28,170,30,47,95,-0.564892590045929,-0.28151366114616394,-0.5378711223602295,-66.16358947753906,-8.047633171081543,21.62305450439453
1145,1,170,30,37,170,30,49,84,-0.30097657442092896,-0.49684569239616394,-1.0783984661102295,-18.514734268188477,61.677555084228516,-4.315877914428711
1146,0,170,30,47,170,30,46,56,-0.924755871295929,0.057597655802965164,0.005341796204447746,0.9967176914215088,-23.92549705505371,31.68412208557129
1147,1,170,30,59,170,30,43,136,-0.688183605670929,-0.5351758003234863,-0.9416797161102295,17.744808197021484,-81.80335998535156,37.348243713378906
1148,0,170,30,56,170,30,41,57,-0.775341808795929,-0.26320311427116394,-0.7639453411102295,-19.232290267944336,-2.948396921157837,35.25664138793945
1149,0,170,30,62,170,30,41,36,-0.634716808795929,-0.34865233302116394,-0.7480762004852295,20.41656494140625,5.647022724151611,10.126871109008789
1150,0,170,30,63,170,30,39,83,-0.700634777545929,-0.28761717677116394,-0.7141406536102295,-27.919313430786133,-26.04763412475586,29.30244255065918
1151,0,170,30,66,170,30,40,49,-0.715039074420929,-0.26588866114616394,-0.7358691692352295,-21.934581756591797,10.960000038146973,16.645954132080078
1152,0,170,30,73,170,30,40,31,-0.751904308795929,-0.12160156667232513,-0.7549121379852295,-2.041450262069702,-8.719388961791992,20.752824783325195
1153,4,170,30,80,170,30,41,32,-0.753857433795929,-0.17946289479732513,-0.7441699504852295,-24.881145477294922,3.0668702125549316,4.294809341430664
1154,26,170,30,116,170,30,41,35,-0.697705090045929,-0.20680664479732513,-0.7265918254852295,-7.217022895812988,-11.803359031677246,-16.346412658691406
1155,65,170,30,187,170,30,40,54,-0.852246105670929,-0.25416991114616394,-0.6570117473602295,-31.36969566345215,-5.87969446182251,-17.67465591430664
1156,85,170,30,245,170,30,40,21,-0.751416027545929,-0.25368162989616394,-0.6650683879852295,4.8287787437438965,-4.917862415313721,-11.76625919342041
1157,57,170,30,257,170,30,42,93,-1.1940429210662842,-0.08156250417232513,-0.034453123807907104,-11.430763244628906,57.09740447998047,-25.01816749572754
1158,16,170,30,200,170,30,54,135,-0.38325196504592896,-0.7368359565734863,-1.0830371379852295,-7.155954360961914,67.17373657226562,60.82916259765625
1159,7,170,30,143,170,30,50,55,-0.27045899629592896,-0.48585936427116394,-1.1374804973602295,2.813511371612549,-37.26900863647461,15.378779411315918
1160,3,170,30,125,170,30,40,109,-0.919140636920929,-0.46901366114616394,-0.5105273723602295,37.470001220703125,-23.65068817138672,48.58488464355469
1161,1,170,30,150,170,30,41,40,-0.541699230670929,-0.37721678614616394,-0.8064258098602295,23.500534057617188,-13.421679496765137,3.1039693355560303
1162,0,170,30,171,170,30,38,7,-0.694531261920929,-0.36134764552116394,-0.6628711223602295,-1.9956486225128174,-3.1468701362609863,2.0352671146392822
1163,0,170,30,166,170,30,38,16,-0.743603527545929,-0.35719725489616394,-0.6645801067352295,-10.972747802734375,-5.910229206085205,0.019999999552965164
1164,0,170,30,162,170,30,38,43,-0.743115246295929,-0.32594725489616394,-0.6096484661102295,-12.285724639892578,-18.963665008544922,12.081068992614746
1165,2,170,30,158,170,30,39,1,-0.770458996295929,-0.34376952052116394,-0.6323535442352295,0.8287787437438965,0.5172518491744995,-0.4990839660167694
1166,25,170,30,161,170,30,40,36,-0.727978527545929,-0.31569334864616394,-0.6816699504852295,-5.140686988830566,-13.406412124633789,-17.521984100341797
1167,68,170,30,205,170,30,39,60,-0.799023449420929,-0.39796873927116394,-0.5796191692352295,7.011984825134277,-22.673587799072266,-30.51435089111328
1168,99,170,30,257,170,30,40,14,-0.772900402545929,-0.37331053614616394,-0.4819628894329071,6.737175941467285,-2.581984758377075,-5.537251949310303
1169,63,170,30,259,170,30,43,177,-1.1803710460662842,0.09543944895267487,-0.1684863269329071,-82.56053161621094,85.61648559570312,-9.109770774841309
1170,20,170,30,155,170,30,57,278,-0.16718749701976776,-0.7002148628234863,-1.1242969036102295,-103.20175170898438,143.50962829589844,-31.9341983795166
1172,10,170,30,62,170,30,41,241,-0.26582032442092896,-0.27443358302116394,-0.6389453411102295,10.41656494140625,-185.91021728515625,-44.75862503051758
1173,3,170,30,24,170,30,36,111,-0.834179699420929,-0.27907225489616394,-0.3071582019329071,45.10358810424805,-39.19267272949219,27.119237899780273
1174,1,170,30,20,170,30,39,101,-0.42744141817092896,-1.0005078315734863,-1.3237597942352295,26.29442596435547,-52.97893142700195,22.249008178710938
1175,0,170,30,27,170,30,38,74,-0.25971680879592896,-0.38478514552116394,-0.7053515911102295,12.752443313598633,-38.398780822753906,23.36351203918457
1176,0,170,30,28,170,30,37,39,-0.579541027545929,-0.26198241114616394,-0.7226855754852295,16.2944278717041,-15.452214241027832,-7.888396739959717
1177,0,170,30,27,170,30,36,31,-0.587109386920929,-0.45412108302116394,-0.6662890911102295,4.447099208831787,-23.7880916595459,-3.063969373703003
1178,0,170,30,24,170,30,36,46,-0.753613293170929,-0.35231444239616394,-0.6062304973602295,-23.155954360961914,-7.345343589782715,16.020000457763672
1179,0,170,30,29,170,30,37,17,-0.764599621295929,-0.39503905177116394,-0.5801074504852295,1.0883207321166992,4.792060852050781,11.39404582977295
1180,0,170,30,26,170,30,39,46,-0.668896496295929,-0.33644530177116394,-0.6841113567352295,-27.995649337768555,11.967633247375488,6.844427585601807
1181,0,170,30,18,170,30,38,43,-0.793164074420929,-0.17799805104732513,-0.6758105754852295,-5.537632942199707,-26.551450729370117,11.897863388061523
1182,0,170,30,18,170,30,39,31,-0.698193371295929,-0.34157225489616394,-0.7026660442352295,-13.415495872497559,-1.8644273281097412,16.569618225097656
1183,6,170,30,19,170,30,40,2,-0.779492199420929,-0.25636717677116394,-0.6909472942352295,-0.056717634201049805,-0.39877861738204956,-1.9647328853607178
1184,40,170,30,37,170,30,41,19,-0.779248058795929,-0.17458008229732513,-0.6863086223602295,-11.827709197998047,-4.795725345611572,2.7833588123321533
1185,81,170,30,75,170,30,41,47,-0.756542980670929,-0.31203123927116394,-0.7263476848602295,32.309696197509766,-12.551450729370117,-2.7891602516174316
1186,108,170,30,109,170,30,42,34,-0.801953136920929,-0.25539061427116394,-0.7419726848602295,-26.34679412841797,-2.9636640548706055,5.088702201843262
1187,120,170,30,135,170,30,43,31,-0.766796886920929,-0.20021484792232513,-0.7009570598602295,-25.675039291381836,3.1890077590942383,2.9970991611480713
1188,122,170,30,151,170,30,44,9,-0.762890636920929,-0.24391601979732513,-0.7012012004852295,-7.29335880279541,0.5935877561569214,-1.4151145219802856
1189,118,170,30,158,170,30,44,17,-0.856640636920929,-0.22121094167232513,-0.6611621379852295,-14.560534477233887,-0.15450388193130493,3.0276336669921875
1190,116,170,30,162,170,30,45,12,-0.771923840045929,-0.16896484792232513,-0.6640918254852295,-2.835343599319458,-0.20030540227890015,-9.338778495788574
1191,112,170,30,159,170,30,46,44,-0.775585949420929,-0.17873047292232513,-0.6575000286102295,-33.766639709472656,5.662290096282959,5.2413740158081055
1193,101,170,30,161,170,30,46,18,-0.761669933795929,-0.11623047292232513,-0.7131640911102295,-9.018548965454102,1.8302290439605713,-8.05633544921875
1194,102,170,30,160,170,30,46,13,-0.759960949420929,-0.10084961354732513,-0.7363574504852295,-11.110152244567871,2.272977113723755,0.26427480578422546
1195,101,170,30,164,170,30,46,5,-0.760693371295929,-0.13795898854732513,-0.7107226848602295,-4.682671546936035,-0.5361831784248352,-0.0868702232837677
1196,99,170,30,166,170,30,46,42,-0.756298840045929,-0.13307617604732513,-0.6946094036102295,-33.430763244628906,4.9294657707214355,3.8062596321105957
1197,97,170,30,158,170,30,46,6,-0.756787121295929,-0.038349609822034836,-0.7390429973602295,-3.2475574016571045,1.4180152416229248,-1.5983206033706665
1198,95,170,30,160,170,30,46,14,-0.756054699420929,-0.07204101979732513,-0.7351367473602295,-11.247556686401367,1.051603078842163,2.5238168239593506
1199,94,170,30,165,170,30,46,9,-0.763867199420929,-0.07326172292232513,-0.7261035442352295,-8.407862663269043,0.5630533695220947,0.1574045717716217
1200,94,170,30,167,170,30,46,6,-0.756298840045929,-0.061298828572034836,-0.7366015911102295,-5.140686988830566,-0.7346565127372742,0.9818320274353027
1201,95,170,30,170,170,30,46,13,-0.750195324420929,-0.09523437917232513,-0.7837207317352295,-9.018548965454102,2.837862491607666,1.989465594291687
1202,96,170,30,170,170,30,45,7,-0.766308605670929,-0.048359375447034836,-0.7326953411102295,-3.1712214946746826,-2.1392366886138916,1.86732816696167
1203,53,170,30,129,170,30,51,257,-0.973095715045929,-0.08839844167232513,-0.2414843738079071,32.7677116394043,172.33404541015625,-52.3922119140625
1204,17,170,30,69,170,30,56,138,-0.648632824420929,-0.11623047292232513,-0.9448535442352295,88.93565368652344,43.54015350341797,6.493282318115234
1205,6,170,30,24,170,30,54,45,-0.04218750074505806,-0.21388672292232513,-0.8511035442352295,-27.58343505859375,-0.3224427103996277,17.62305450439453
1206,3,170,30,5,170,30,44,39,-0.923535168170929,-0.48854491114616394,-1.2976367473602295,24.844045639038086,-12.597251892089844,1.86732816696167
1207,1,170,30,1,170,30,40,85,-0.839550793170929,-0.09059570729732513,-0.3445117175579071,-43.033817291259766,-14.322443008422852,27.76045799255371
1208,0,170,30,2,170,30,41,59,-0.628369152545929,-0.057880859822034836,-0.9175097942352295,-32.7895393371582,19.616487503051758,6.8138933181762695
1209,0,170,30,3,170,30,39,37,-0.636669933795929,-0.19484375417232513,-0.8222949504852295,-11.858243942260742,-19.299543380737305,6.493282318115234
1210,0,170,30,6,170,30,37,51,-0.715527355670929,-0.08620117604732513,-0.7512500286102295,-20.896413803100586,-21.024734497070312,9.94366455078125
1211,1,170,30,11,170,30,36,79,-0.760449230670929,-0.15382812917232513,-0.7475879192352295,36.40129852294922,-30.520917892456055,-12.25480842590332
1212,27,170,30,22,170,30,37,44,-0.737744152545929,-0.16457031667232513,-0.7409961223602295,-32.957481384277344,1.4332823753356934,10.111603736877441
1213,66,170,30,85,170,30,38,10,-0.736035168170929,-0.08058594167232513,-0.7146289348602295,2.447099208831787,-6.001832008361816,1.8520610332489014
1214,101,170,30,157,170,30,39,13,-0.791699230670929,-0.09059570729732513,-0.6404101848602295,5.882213592529297,-5.253740310668945,2.2337403297424316
1215,141,170,30,245,170,30,39,28,-0.759472668170929,-0.31959959864616394,-0.6116015911102295,13.149389266967773,-3.9254961013793945,-11.842595100402832
1216,179,170,30,355,170,30,40,9,-0.714550793170929,-0.20290039479732513,-0.5798633098602295,-4.850610733032227,2.8989312648773193,-1.7357251644134521
1217,197,170,30,414,170,30,41,78,-0.763378918170929,-0.19459961354732513,-0.6006152629852295,-53.4918327331543,6.196641445159912,18.355878829956055
1218,69,170,30,337,170,30,51,263,-0.542431652545929,-0.18776367604732513,-0.9182422161102295,84.37076568603516,136.868408203125,-42.75862503051758
1219,25,170,30,238,170,30,49,86,-0.41621094942092896,-0.37794920802116394,-0.8572070598602295,-56.026180267333984,-11.513282775878906,18.70702362060547
1220,9,170,30,182,170,30,44,62,-0.663769543170929,-0.16750000417232513,-0.7932422161102295,-31.308626174926758,-30.719390869140625,-0.10213740170001984
1222,4,170,30,151,170,30,42,83,-0.662792980670929,-0.14064453542232513,-0.8210742473602295,-63.44602966308594,1.2958778142929077,19.149770736694336
1223,1,170,30,121,170,30,41,5,-0.647656261920929,0.009013671427965164,-0.8540332317352295,-0.9574806690216064,-0.688854992389679,3.760457992553711
1224,0,170,30,101,170,30,40,39,-0.642529308795929,-0.15236328542232513,-0.9844043254852295,-22.1483211517334,-4.688854694366455,13.088703155517578
1225,1,170,30,81,170,30,39,47,-0.680615246295929,0.051005858927965164,-0.7776172161102295,-31.262826919555664,4.4256486892700195,11.516183853149414
1226,0,170,30,66,170,30,39,18,-0.660107433795929,-0.023457031697034836,-0.8486621379852295,-9.904045104980469,-3.6354198455810547,5.058167934417725
1227,0,170,30,60,170,30,39,9,-0.667187511920929,0.07200194895267487,-0.8418262004852295,-5.2780914306640625,2.7920610904693604,1.8978625535964966
1228,1,170,30,57,170,30,39,10,-0.696728527545929,0.037089843302965164,-0.8022754192352295,2.7219085693359375,-7.436946868896484,-0.01053435169160366
1229,0,170,30,62,170,30,38,23,-0.647412121295929,0.002666015177965164,-0.8396289348602295,9.683740615844727,-4.933129787445068,-9.231907844543457
1230,0,170,30,69,170,30,36,81,-0.620800793170929,-0.14357422292232513,-0.8991992473602295,10.61503791809082,-59.5743522644043,10.936031341552734
1231,14,170,30,73,170,30,34,68,-0.802685558795929,-0.021748047322034836,-0.6582324504852295,60.05015563964844,-4.368244171142578,4.325343608856201
1232,85,170,30,118,170,30,35,38,-0.869091808795929,0.10593749582767487,-0.7141406536102295,-5.354427337646484,-18.169771194458008,14.844428062438965
1233,150,170,30,200,170,30,36,80,-0.737988293170929,-0.09035156667232513,-0.7121875286102295,61.805877685546875,-16.414047241210938,-2.3616793155670166
1234,180,170,30,272,170,30,37,23,-0.797802746295929,-0.055683594197034836,-0.5661914348602295,2.0806870460510254,10.822595596313477,-11.048702239990234
1235,54,170,30,225,170,30,49,379,-0.43940430879592896,-0.38795897364616394,-1.0017383098602295,159.637939453125,70.6241226196289,-148.86549377441406
1236,20,170,30,149,170,30,45,28,-0.531933605670929,-0.31325194239616394,-0.6675097942352295,-11.537632942199707,12.532519340515137,4.386412143707275
1237,8,170,30,104,170,30,45,88,-0.39814454317092896,-0.28444334864616394,-0.9751269817352295,-36.071983337402344,7.540152549743652,44.676490783691406
1238,2,170,30,76,170,30,40,56,-0.700390636920929,-0.21413086354732513,-0.7929980754852295,7.332595348358154,-30.12397003173828,19.48564910888672
1239,1,170,30,69,170,30,39,17,-0.737988293170929,-0.15846680104732513,-0.7397754192352295,-4.560534477233887,-8.001832008361816,5.30244255065918
1240,0,170,30,52,170,30,38,55,-0.639599621295929,-0.35255858302116394,-0.7317187786102295,-7.201755523681641,-34.658321380615234,13.85206127166748
1241,6,170,30,44,170,30,39,23,-0.717236340045929,-0.29249998927116394,-0.7099902629852295,7.83641242980957,-0.2613740563392639,14.981832504272461
1242,66,170,30,108,170,30,40,38,-0.848095715045929,-0.039570312947034836,-0.6924121379852295,-27.491832733154297,-7.498015403747559,3.2871756553649902
1243,130,170,30,210,170,30,40,60,-0.851269543170929,-0.24733398854732513,-0.7644336223602295,50.355499267578125,-5.452213764190674,-4.789160251617432
1244,141,170,30,279,170,30,41,76,-0.795849621295929,-0.12624023854732513,-0.6658008098602295,57.11885452270508,-5.375877857208252,-14.209007263183594
1245,54,170,30,227,170,30,51,231,-0.49409180879592896,-0.47169920802116394,-0.9292285442352295,22.309694290161133,119.3416748046875,-90.13267517089844
1246,20,170,30,135,170,30,46,39,-0.673291027545929,-0.7290234565734863,-0.9597461223602295,12.21809196472168,-17.391145706176758,-9.598320007324219
1247,8,170,30,94,170,30,41,55,-0.673046886920929,-0.37916991114616394,-0.6929004192352295,-20.194122314453125,-19.162137985229492,16.416946411132812
1248,3,170,30,78,170,30,40,17,-0.636425793170929,-0.34376952052116394,-0.8000781536102295,12.187557220458984,-1.269007682800293,3.9894657135009766
1249,0,170,30,64,170,30,38,88,-0.746289074420929,-0.19386719167232513,-0.7102344036102295,-18.560535430908203,-28.810993194580078,41.02763366699219
1250,18,170,30,105,170,30,39,56,-0.780468761920929,-0.30080077052116394,-0.7085254192352295,23.683740615844727,-20.70412254333496,-11.67465591430664
1251,79,170,30,198,170,30,39,87,-0.768994152545929,-0.33229491114616394,-0.5132129192352295,38.79824447631836,-17.14687156677246,31.10396957397461
1252,130,170,30,250,170,30,39,42,-0.782177746295929,-0.40822264552116394,-0.5652148723602295,-3.3849618434906006,-12.887328147888184,26.40167999267578
1253,155,170,30,273,170,30,40,5,-0.800976574420929,-0.22389648854732513,-0.5720508098602295,1.9280153512954712,-1.833893060684204,-1.689923644065857
1254,157,170,30,260,170,30,42,25,-0.793896496295929,-0.22975586354732513,-0.6238086223602295,-18.331527709960938,6.059236526489258,-1.3082443475723267
1255,67,170,30,183,170,30,52,474,-0.940380871295929,-0.17067383229732513,-0.2085253894329071,60.12649154663086,281.9981689453125,-132.7586212158203
1256,23,170,30,92,170,30,62,183,-0.09931640326976776,-0.30348631739616394,-0.9846484661102295,-88.69793701171875,67.44854736328125,-27.048702239990234
1257,9,170,30,36,170,30,53,144,-0.17255859076976776,-0.18239258229732513,-0.8594043254852295,84.58450317382812,-43.02473449707031,-17.247175216674805
1258,4,170,30,9,170,30,40,176,-0.767285168170929,-0.11525391042232513,-0.7563769817352295,50.46236801147461,-71.330078125,54.676490783691406
1259,2,170,30,0,170,30,39,34,-0.646679699420929,-0.33205077052116394,-0.8584277629852295,-25.354427337646484,5.616488456726074,3.2871756553649902
1260,1,170,30,1,170,30,35,61,-0.602734386920929,-0.19948242604732513,-0.6470019817352295,24.599769592285156,-30.597251892089844,5.806259632110596
1261,1,170,30,4,170,30,32,130,-0.40815430879592896,-0.012958984822034836,-0.6299121379852295,-63.67503356933594,-19.711755752563477,46.84442901611328
1262,0,170,30,17,170,30,30,49,-0.749462902545929,-0.41774412989616394,-0.7468554973602295,-13.155953407287598,-24.50564956665039,11.39404582977295
1263,0,170,30,42,170,30,30,56,-0.744580090045929,-0.39455077052116394,-0.7085254192352295,-15.415495872497559,-30.444581985473633,10.691756248474121
1264,0,170,30,77,170,30,31,33,-0.699902355670929,-0.39918944239616394,-0.6980273723602295,-3.155954122543335,-21.192672729492188,-8.957098960876465
1265,11,170,30,102,170,30,32,24,-0.850292980670929,-0.23683594167232513,-0.5945117473602295,14.401297569274902,-3.513282299041748,-6.850229263305664
1266,53,170,30,119,170,30,36,135,-0.783154308795929,-0.42409178614616394,-0.7966601848602295,-52.74374008178711,29.189006805419922,53.95893096923828
1267,104,170,30,133,170,30,39,56,-0.593701183795929,-0.28883787989616394,-0.5945117473602295,2.5845038890838623,-2.4598472118377686,50.981834411621094
1268,143,170,30,150,170,30,40,64,-0.730664074420929,0.049052733927965164,-0.8489062786102295,31.07305335998535,-20.978931427001953,-12.529618263244629
1269,162,170,30,172,170,30,40,103,-0.661816418170929,-0.24293945729732513,-0.7087695598602295,37.851680755615234,-23.559083938598633,-42.346412658691406
1270,180,170,30,227,170,30,40,59,-0.771435558795929,-0.5022168159484863,-0.5974414348602295,-41.93457794189453,-1.375877857208252,-15.76625919342041
1271,194,170,30,247,170,30,41,34,-0.803662121295929,-0.46730467677116394,-0.7585742473602295,-19.995649337768555,2.914198398590088,-11.277709007263184
1272,190,170,30,235,170,30,43,23,-0.636425793170929,-0.21925781667232513,-0.4949023425579071,-8.117786407470703,12.761527061462402,2.5238168239593506
1273,102,170,30,184,170,30,49,279,-1.3729979991912842,0.17698241770267487,0.1943066418170929,-1.9498474597930908,205.34169006347656,-72.69756317138672
1274,32,170,30,97,170,30,57,127,-0.32832032442092896,-0.25368162989616394,-0.9411914348602295,11.103588104248047,51.9828987121582,64.9054946899414
1275,15,170,30,65,170,30,46,234,-0.585156261920929,-0.7768750190734863,-0.6655566692352295,109.17992401123047,-77.42167663574219,47.54671859741211
1276,6,170,30,45,170,30,40,73,-0.506298840045929,-0.7585644721984863,-0.6033008098602295,-39.93457794189453,-19.879695892333984,13.668855667114258
1277,2,170,30,35,170,30,38,53,-0.822460949420929,-0.22243164479732513,-0.5425097942352295,-28.20939064025879,-19.92549705505371,5.790992259979248
1278,1,170,30,48,170,30,37,23,-0.617382824420929,-0.36037108302116394,-0.7741992473602295,-1.5223662853240967,-19.421680450439453,-2.1174046993255615
1280,1,170,30,63,170,30,35,46,-0.804882824420929,-0.37697264552116394,-0.5530078411102295,-3.7513740062713623,-41.19267272949219,1.57725191116333
1281,16,170,30,85,170,30,36,20,-0.782666027545929,-0.43288084864616394,-0.5888965129852295,1.8669465780258179,10.410381317138672,8.03526782989502
1282,56,170,30,92,170,30,39,69,-0.781201183795929,-0.37526366114616394,-0.6167285442352295,23.39366340637207,15.341679573059082,30.615419387817383
1283,83,170,30,114,170,30,41,45,-0.687695324420929,-0.37501952052116394,-0.6260058879852295,4.019618511199951,12.837862968444824,28.187938690185547
1284,91,170,30,151,170,30,43,55,-0.844921886920929,-0.38478514552116394,-0.7580859661102295,-43.2322883605957,3.1432061195373535,9.180305480957031
1285,85,170,30,163,170,30,44,62,-0.772900402545929,-0.21974609792232513,-0.7429492473602295,-53.430763244628906,2.3187785148620605,7.180305480957031
1286,82,170,30,175,170,30,43,15,-0.726513683795929,-0.33498045802116394,-0.6701953411102295,-5.125419616699219,-6.276641368865967,-3.735725164413452
1287,82,170,30,187,170,30,44,36,-0.768505871295929,-0.18556641042232513,-0.7837207317352295,-32.865875244140625,1.3874808549880981,2.0963358879089355
1288,81,170,30,192,170,30,44,44,-0.736523449420929,-0.11989258229732513,-0.7192676067352295,-26.392595291137695,-7.207939147949219,-11.323511123657227
1289,81,170,30,196,170,30,44,28,-0.771679699420929,-0.13722656667232513,-0.7534472942352295,-27.06435203552246,0.196641206741333,-0.7738931775093079
1290,82,170,30,198,170,30,44,16,-0.761669933795929,-0.10231445729732513,-0.6389453411102295,-4.362061500549316,1.5554198026657104,-10.376946449279785
1291,86,170,30,196,170,30,45,26,-0.736767590045929,-0.25954100489616394,-0.6977832317352295,-15.797175407409668,6.166106700897217,4.325343608856201
1292,83,170,30,174,170,30,46,75,-0.743603527545929,-0.22340820729732513,-0.6794726848602295,-41.44602966308594,12.746259689331055,21.54671859741211
1293,29,170,30,94,170,30,57,375,-0.639111340045929,-0.22438476979732513,-0.8020312786102295,173.68374633789062,167.50962829589844,-34.667022705078125
1294,10,170,30,30,170,30,58,57,-0.39033204317092896,-0.35377928614616394,-0.9487597942352295,33.8364143371582,2.3645801544189453,21.195573806762695
1295,4,170,30,6,170,30,50,99,-0.540234386920929,-0.17848633229732513,-0.6155078411102295,54.584503173828125,-44.55145263671875,-0.7280915975570679
1296,2,170,30,0,170,30,44,106,-0.38691407442092896,-0.38527342677116394,-0.9536426067352295,-86.37732696533203,-3.131603240966797,17.058168411254883
1297,1,170,30,0,170,30,37,93,-0.937939465045929,0.0007128901779651642,-0.5371387004852295,-60.407859802246094,-16.780458450317383,16.661222457885742
1298,1,170,30,0,170,30,37,186,-0.635937511920929,0.025126952677965164,-0.8471972942352295,-100.71320343017578,-38.0171012878418,47.287174224853516
1299,1,170,30,0,170,30,36,30,-0.760937511920929,-0.19386719167232513,-0.7607715129852295,-11.919312477111816,-14.581984519958496,-4.270076274871826
1300,1,170,30,30,170,30,35,63,-0.786572277545929,-0.07765625417232513,-0.6858203411102295,-48.49946594238281,-7.3606109619140625,7.760457992553711
1301,6,170,30,76,170,30,36,52,-1.0475585460662842,-0.054218750447034836,-0.4563281238079071,-28.56053352355957,-20.169771194458008,-3.9341983795166016
1302,37,170,30,108,170,30,37,50,-0.721142590045929,-0.040302734822034836,-0.7287890911102295,-23.18648910522461,9.952366828918457,17.790992736816406
1303,69,170,30,110,170,30,39,32,-0.783642590045929,0.14402343332767487,-0.8681933879852295,-5.2780914306640625,3.0668702125549316,24.40167999267578
1304,102,170,30,110,170,30,40,28,-0.705761730670929,0.17869140207767487,-0.6892383098602295,13.0883207321167,0.4409160017967224,15.119236946105957
1305,110,170,30,122,170,30,40,8,-0.685986340045929,0.14548827707767487,-0.6484668254852295,-2.0719845294952393,0.08977097272872925,6.264274597167969
1306,109,170,30,142,170,30,41,32,-0.668164074420929,0.07981444895267487,-0.7116992473602295,20.263893127441406,-5.910229206085205,-6.590687274932861
1307,111,170,30,192,170,30,41,27,-0.702832043170929,0.029521483927965164,-0.7275683879852295,4.523435115814209,0.013435065746307373,-22.65175437927246
1308,119,170,30,265,170,30,41,22,-0.700634777545929,-0.022968750447034836,-0.7402637004852295,-14.285725593566895,5.540152549743652,-3.063969373703003
1309,123,170,30,280,170,30,42,28,-0.726757824420929,0.09666015207767487,-0.7138965129852295,-14.606335639953613,5.647022724151611,-8.682290077209473
1310,136,170,30,236,170,30,42,34,-0.665722668170929,-0.019306641072034836,-0.6911914348602295,29.699007034301758,3.479084014892578,-1.4303816556930542
1311,89,170,30,168,170,30,44,67,-1.1254394054412842,0.21506835520267487,-0.2568652331829071,15.317328453063965,37.402748107910156,14.691756248474121
1312,29,170,30,93,170,30,57,215,-0.517773449420929,-0.16066406667232513,-0.9521777629852295,107.05778503417969,84.33404541015625,23.897863388061523
1313,11,170,30,58,170,30,54,89,-0.12739257514476776,-0.49245116114616394,-1.1162402629852295,38.43183517456055,-31.39114761352539,19.897863388061523
1314,5,170,30,56,170,30,42,99,-0.35688477754592896,-0.39821287989616394,-1.1196582317352295,-50.33152389526367,-30.49038314819336,-18.6212215423584
1315,2,170,30,60,170,30,35,82,-0.638623058795929,-0.27687498927116394,-0.7009570598602295,-0.62160325050354,-72.81099700927734,-9.537251472473145
1316,1,170,30,77,170,30,32,42,-0.656689465045929,-0.18581055104732513,-0.7778613567352295,9.027252197265625,-27.65068817138672,-6.270076274871826
1317,0,170,30,100,170,30,31,6,-0.775097668170929,-0.16310547292232513,-0.6904590129852295,-2.5910685062408447,2.3493130207061768,-1.2471755743026733
1318,1,170,30,124,170,30,34,26,-0.648632824420929,-0.22877930104732513,-0.7846972942352295,-14.148320198059082,-1.055267095565796,11.439847946166992
1319,0,170,30,145,170,30,34,23,-0.766064465045929,-0.17311523854732513,-0.6850879192352295,-10.560534477233887,-7.375877380371094,5.882595539093018
1320,1,170,30,158,170,30,34,43,-0.720898449420929,-0.21901367604732513,-0.7143847942352295,15.760076522827148,-18.154504776000977,-9.842595100402832
1321,27,170,30,174,170,30,36,28,-0.737255871295929,-0.29054686427116394,-0.6618945598602295,18.87458038330078,-0.1697710156440735,-9.949464797973633
1322,65,170,30,187,170,30,40,105,-0.750927746295929,-0.19850586354732513,-0.6462695598602295,-44.68267059326172,23.356945037841797,36.997100830078125
1323,98,170,30,189,170,30,42,67,-0.754101574420929,-0.32985350489616394,-0.7444140911102295,-13.446030616760254,-4.795725345611572,49.24137496948242
1324,121,170,30,209,170,30,41,125,-0.688427746295929,-0.27687498927116394,-0.6513965129852295,78.1264877319336,-27.91023063659668,-19.9341983795166
1325,135,170,30,278,170,30,40,44,-0.707714855670929,-0.023457031697034836,-0.7842090129852295,4.645572662353516,-13.467480659484863,-26.529617309570312
1326,139,170,30,334,170,30,41,56,-0.872265636920929,-0.26369139552116394,-0.6653125286102295,-20.499465942382812,9.93709945678711,-25.85786247253418
1327,134,170,30,294,170,30,43,73,-0.822216808795929,-0.32399412989616394,-0.7351367473602295,-46.28572463989258,16.486717224121094,11.058168411254883
1328,130,170,30,214,170,30,45,10,-0.780468761920929,-0.040546875447034836,-0.7268359661102295,5.8974809646606445,4.150839805603027,0.2032061070203781
1329,65,170,30,115,170,30,51,311,-1.1525390148162842,0.020244140177965164,-0.2966601550579071,104.11122131347656,140.59359741210938,-66.57542419433594
1330,23,170,30,60,170,30,53,97,-0.26899415254592896,-0.32667967677116394,-0.9851367473602295,37.134124755859375,20.79206085205078,39.668853759765625
1331,9,170,30,53,170,30,48,72,-0.656933605670929,-0.25978514552116394,-0.7561328411102295,26.324960708618164,-14.719388961791992,31.56198501586914
1332,4,170,30,60,170,30,44,75,-0.670605480670929,-0.43581053614616394,-0.7143847942352295,-12.820076942443848,-41.330078125,21.241374969482422
1333,2,170,30,66,170,30,43,25,-0.678173840045929,-0.42018553614616394,-0.7226855754852295,-9.20175552368164,-3.6812214851379395,13.088703155517578
1334,1,170,30,78,170,30,40,76,-0.852734386920929,-0.26002928614616394,-0.5449512004852295,-27.980382919311523,-24.398778915405273,23.729923248291016
1335,0,170,30,99,170,30,39,51,-0.722119152545929,-0.33131834864616394,-0.6623828411102295,-25.00328254699707,-18.90259552001953,7.103969573974609
1336,29,170,30,111,170,30,41,84,-0.763134777545929,-0.35377928614616394,-0.6128222942352295,-51.644500732421875,22.379846572875977,10.920763969421387
1337,68,170,30,161,170,30,44,86,-0.745800793170929,-0.29420897364616394,-0.7627246379852295,-24.04145050048828,18.227174758911133,44.172672271728516
1338,100,170,30,229,170,30,45,50,-0.608105480670929,0.29807618260383606,-0.4726855456829071,15.729541778564453,-4.688854694366455,30.53908348083496
1339,122,170,30,292,170,30,43,123,-0.776806652545929,-0.15675781667232513,-0.8005664348602295,69.56160736083984,-25.894962310791016,-28.163206100463867
1340,139,170,30,358,170,30,42,40,-0.711621105670929,-0.36452147364616394,-0.4853808581829071,6.70664119720459,-11.711755752563477,-21.842594146728516
1341,146,170,30,389,170,30,42,52,-0.545605480670929,-0.26881834864616394,-0.5749804973602295,-24.20939064025879,5.585954189300537,-22.468549728393555
1342,139,170,30,327,170,30,44,60,-0.847607433795929,-0.5063672065734863,-0.5937793254852295,-30.881147384643555,15.112671852111816,14.172672271728516
1344,47,170,30,185,170,30,57,346,-0.554638683795929,-1.3445019721984863,-1.6521289348602295,27.531068801879883,230.7920684814453,-88.5601577758789
1345,18,170,30,71,170,30,56,365,0.34135740995407104,-0.41652342677116394,-1.0444629192352295,258.2486267089844,-49.20793914794922,58.20320510864258
1346,8,170,30,24,170,30,47,38,-0.786083996295929,-0.23439453542232513,-0.9206836223602295,0.05015277862548828,9.982900619506836,-28.147937774658203
1347,4,170,30,9,170,30,43,128,-0.747998058795929,-0.13307617604732513,-0.6089160442352295,80.79824829101562,-28.87206268310547,18.676488876342773
1348,1,170,30,16,170,30,40,74,-1.2943847179412842,-0.8269238471984863,-0.3181445300579071,-26.54526710510254,-31.833892822265625,-16.224273681640625
1349,1,170,30,29,170,30,36,144,-1.5089843273162842,-0.8723340034484863,-0.4245898425579071,-29.476564407348633,-78.4903793334961,36.951297760009766
1350,0,170,30,44,170,30,37,55,-0.605664074420929,-0.6150097846984863,-0.7197558879852295,-11.67503833770752,-3.803358554840088,40.279541015625
1351,1,170,30,55,170,30,37,28,-0.733349621295929,-0.17384766042232513,-0.7304980754852295,-19.26282501220703,-6.765190601348877,2.5238168239593506
1352,0,170,30,55,170,30,38,41,-0.728466808795929,-0.23488281667232513,-0.7151172161102295,-25.4612979888916,7.387480735778809,8.264275550842285
1353,0,170,30,55,170,30,39,28,-0.719677746295929,-0.29372069239616394,-0.6936328411102295,-8.667404174804688,-10.185038566589355,10.081068992614746
1354,1,170,30,58,170,30,38,78,-0.823681652545929,-0.24586914479732513,-0.6775195598602295,-26.850610733032227,-27.45221519470215,23.989465713500977
1355,42,170,30,95,170,30,39,46,-0.742871105670929,-0.25880858302116394,-0.6648242473602295,23.01198387145996,-16.04763412475586,-7.644122123718262
1356,125,170,30,216,170,30,38,76,-1.1295897960662842,-0.6050000190734863,-0.7085254192352295,-10.94221305847168,-27.07053565979004,-38.728092193603516
1357,153,170,30,319,170,30,38,66,-0.741894543170929,-0.08961914479732513,-0.6011035442352295,-47.308624267578125,14.028702735900879,-5.491450309753418
1358,50,170,30,233,170,30,49,252,-0.42060548067092896,-0.7517285346984863,-0.8313281536102295,132.3096923828125,80.60885620117188,-39.91893005371094
1359,19,170,30,124,170,30,45,138,-0.758496105670929,-0.27980467677116394,-0.6596972942352295,-75.62923431396484,-21.436946868896484,41.317710876464844
1360,7,170,30,73,170,30,42,35,-0.728710949420929,-0.29787108302116394,-0.7200000286102295,0.7219083309173584,-14.948396682739258,19.500917434692383
1361,3,170,30,47,170,30,40,60,-0.756054699420929,-0.15968750417232513,-0.7737109661102295,9.500534057617188,-38.6888542175293,12.264275550842285
1362,40,170,30,52,170,30,39,86,-0.778027355670929,-0.30373045802116394,-0.6614062786102295,59.69900894165039,-14.704122543334961,-11.628854751586914
1363,147,170,30,150,170,30,39,81,-0.986767590045929,-0.30861327052116394,-0.6120898723602295,44.85931396484375,-14.215572357177734,22.874961853027344
1364,254,170,30,282,170,30,38,98,-0.511181652545929,-0.7944531440734863,-0.4536425769329071,48.706642150878906,-10.322443008422852,39.287174224853516
1365,200,170,30,305,170,30,42,42,-1.0180175304412842,-0.25270506739616394,-0.5183398723602295,-0.835343599319458,11.35694694519043,-30.69755744934082
1366,59,170,30,173,170,30,54,156,-0.41840821504592896,-0.6677441596984863,-0.9201953411102295,15.973816871643066,63.63175582885742,-76.46855163574219
1367,24,170,30,82,170,30,44,140,-1.4579589366912842,-1.0095410346984863,-0.4643847644329071,74.0806884765625,5.3569464683532715,-61.29297637939453
1368,9,170,30,40,170,30,42,107,-0.609814465045929,-0.7195019721984863,-0.4448535144329071,-25.82771110534668,-18.017099380493164,64.0657958984375
1369,4,170,30,24,170,30,42,37,-0.620800793170929,-0.7146191596984863,-0.5928027629852295,6.813511371612549,4.440916061401367,26.00473403930664
1370,1,170,30,20,170,30,41,79,-0.760449230670929,-0.14577148854732513,-0.6902148723602295,-36.77427291870117,23.87602996826172,18.752824783325195
1371,1,170,30,21,170,30,41,73,-0.754101574420929,-0.31959959864616394,-0.6865527629852295,-47.705570220947266,8.456183433532715,17.34824562072754
1372,1,170,30,23,170,30,40,62,-0.720166027545929,-0.47267577052116394,-0.6516406536102295,24.828777313232422,-30.536184310913086,6.981832027435303
1373,1,170,30,29,170,30,39,23,-0.767773449420929,-0.33107420802116394,-0.5747363567352295,-5.201755523681641,-7.177404403686523,11.39404582977295
1374,7,170,30,37,170,30,41,28,-0.788525402545929,-0.22658203542232513,-0.6667773723602295,-18.133054733276367,2.2424426078796387,7.821526527404785
1375,49,170,30,75,170,30,40,138,-0.722607433795929,-0.37477537989616394,-0.5930469036102295,55.16465759277344,-38.8873291015625,-44.8349609375
1376,113,170,30,170,170,30,37,105,-0.692578136920929,-0.5171093940734863,-0.3147265613079071,29.76007652282715,-40.42931365966797,-35.445648193359375
1377,108,170,30,218,170,30,39,58,-0.789746105670929,-0.5779004096984863,-0.3503710925579071,-21.26282501220703,21.601221084594727,15.195572853088379
1378,32,170,30,140,170,30,49,84,-0.568310558795929,-0.6508984565734863,-0.6980273723602295,6.99671745300293,39.402748107910156,-37.9647331237793
1379,12,170,30,80,170,30,48,168,-0.722119152545929,-0.32765623927116394,-0.6819140911102295,-130.63687133789062,18.34931182861328,19.54671859741211
1380,5,170,30,56,170,30,47,90,-0.609570324420929,-0.30275389552116394,-0.8572070598602295,-80.43839263916016,-8.53618335723877,-1.7815266847610474
1381,2,170,30,50,170,30,46,96,-0.665966808795929,-0.09718750417232513,-0.8008105754852295,-64.78954315185547,24.318777084350586,7.424580097198486
1382,1,170,30,49,170,30,45,49,-0.607617199420929,-0.09083984792232513,-0.8889453411102295,-46.83534240722656,-0.03236645460128784,3.0887022018432617
1383,1,170,30,43,170,30,43,69,-0.650341808795929,-0.037373047322034836,-0.8608691692352295,-53.33916091918945,-7.5285491943359375,8.340611457824707
1384,1,170,30,37,170,30,41,21,-0.600537121295929,0.11106444895267487,-0.8911426067352295,-9.415495872497559,-8.368244171142578,3.256641149520874
1385,1,170,30,24,170,30,40,21,-0.648144543170929,0.058330077677965164,-0.8323047161102295,6.1112213134765625,-6.810992240905762,-8.239541053771973
1386,1,170,30,15,170,30,40,7,-0.638134777545929,0.012919921427965164,-0.9487597942352295,5.0425190925598145,0.4714503586292267,-1.6135878562927246
1387,1,170,30,9,170,30,40,39,-0.638134777545929,0.003642577677965164,-0.8562304973602295,9.485267639160156,18.410381317138672,11.470381736755371
1388,0,170,30,2,170,30,44,105,-0.46235352754592896,0.10886718332767487,-1.0688769817352295,5.56160306930542,44.105037689208984,55.82152557373047
1389,1,170,30,0,170,30,40,66,-0.548535168170929,0.12375976145267487,-0.9314258098602295,-3.6292364597320557,-52.94839859008789,-9.842595100402832
1390,1,170,30,0,170,30,35,109,-0.598095715045929,-0.07326172292232513,-0.9043262004852295,43.77534484863281,-48.55145263671875,-16.941831588745117
1391,1,170,30,6,170,30,31,74,-0.775830090045929,-0.014423828572034836,-0.7463672161102295,32.630306243896484,-40.81099319458008,1.332977056503296
1393,2,170,30,16,170,30,30,66,-0.728222668170929,-0.12819336354732513,-0.6836230754852295,40.72190856933594,-19.116336822509766,-6.6517558097839355
1394,1,170,30,26,170,30,31,33,-0.704052746295929,-0.15773437917232513,-0.7395312786102295,-5.308625221252441,-15.31480884552002,13.042901039123535
1395,31,170,30,40,170,30,33,79,-0.871044933795929,-0.34865233302116394,-0.7436816692352295,62.87458038330078,-12.505648612976074,-4.0410685539245605
1396,110,170,30,116,170,30,34,42,-0.908642590045929,-0.23952148854732513,-0.7446582317352295,19.210458755493164,-12.215572357177734,10.707023620605469
1397,164,170,30,207,170,30,35,34,-0.815625011920929,-0.31276366114616394,-0.6892383098602295,23.65320587158203,-7.940763473510742,3.2719082832336426
1398,175,170,30,262,170,30,37,16,-0.793408215045929,-0.21876953542232513,-0.5915820598602295,-12.89641284942627,1.540152668952942,-2.42274808883667
1399,114,170,30,280,170,30,41,153,-1.1117675304412842,0.28098633885383606,-0.2065722644329071,-49.01854705810547,45.280609130859375,-58.85022735595703
1400,33,170,30,252,170,30,53,187,-0.43427735567092896,-0.7060742378234863,-0.9050586223602295,27.057785034179688,84.02870178222656,-76.8655014038086
1401,13,170,30,157,170,30,49,27,-0.39570313692092896,-0.41115233302116394,-0.8996875286102295,8.263893127441406,-14.673587799072266,4.0963358879089355
1402,7,170,30,105,170,30,41,97,-0.46918946504592896,-0.25270506739616394,-0.8633105754852295,-43.430763244628906,-45.84916305541992,8.691756248474121
1403,3,170,30,81,170,30,35,102,-0.793164074420929,-0.19728516042232513,-0.6347949504852295,11.531068801879883,-59.65068817138672,31.455114364624023
1404,2,170,30,89,170,30,37,72,-0.764843761920929,-0.30836912989616394,-0.6499316692352295,18.5387020111084,14.196640968322754,39.68412399291992
1405,1,170,30,100,170,30,38,51,-0.672558605670929,-0.21901367604732513,-0.7795703411102295,3.8974809646606445,-3.482748031616211,44.32534408569336
1406,1,170,30,95,170,30,37,74,-0.743847668170929,-0.20973633229732513,-0.6806933879852295,-10.759007453918457,-28.414047241210938,34.890228271484375
1407,19,170,30,91,170,30,37,23,-0.799023449420929,-0.18532226979732513,-0.6565234661102295,10.431832313537598,-4.093435287475586,-9.247175216674805
1408,74,170,30,148,170,30,37,71,-0.714794933795929,-0.17726562917232513,-0.5400683879852295,-0.3925952911376953,-26.520917892456055,-44.95709991455078
1409,119,170,30,249,170,30,38,42,-0.757519543170929,-0.25368162989616394,-0.6865527629852295,-23.62923812866211,15.494351387023926,-3.140305280685425
1410,42,170,30,228,170,30,47,199,-0.559033215045929,-0.5595898628234863,-0.7500293254852295,60.72190856933594,86.68518829345703,-52.37694549560547
1411,16,170,30,126,170,30,46,90,-0.612255871295929,-0.31544920802116394,-0.7009570598602295,-54.652137756347656,-3.803358554840088,31.8215274810791
1412,6,170,30,68,170,30,41,155,-0.555126965045929,-0.39186522364616394,-0.9365527629852295,-24.820077896118164,-70.29190826416016,60.75282669067383
1413,46,170,30,74,170,30,40,39,-0.947460949420929,-0.26100584864616394,-0.7351367473602295,-9.827709197998047,-17.162137985229492,12.32534408569336
1414,146,170,30,180,170,30,39,69,-0.839306652545929,-0.06496094167232513,-0.5271289348602295,12.462367057800293,-27.7880916595459,28.798625946044922
1415,203,170,30,293,170,30,42,73,-0.808789074420929,-0.038349609822034836,-0.5749804973602295,-40.77427291870117,31.12793731689453,1.1039694547653198
1416,66,170,30,224,170,30,54,263,-0.609326183795929,-0.49269530177116394,-0.7170703411102295,78.18756103515625,117.1126708984375,-68.25481414794922
1417,24,170,30,127,170,30,51,54,-0.48872071504592896,-0.39796873927116394,-0.8095996379852295,16.324960708618164,-32.38351058959961,5.57725191116333
1418,10,170,30,84,170,30,44,75,-0.800732433795929,-0.5710644721984863,-0.7827441692352295,-7.171220779418945,-31.696491241455078,36.73755645751953
1419,4,170,30,52,170,30,42,45,-0.810009777545929,-0.23732422292232513,-0.8191211223602295,18.324960708618164,-13.727023124694824,13.928397178649902
1420,1,170,30,38,170,30,40,41,-0.807324230670929,-0.24269531667232513,-0.6726367473602295,-16.560535430908203,-9.269007682800293,15.821527481079102
1421,1,170,30,37,170,30,41,18,-0.769482433795929,-0.27589842677116394,-0.6784961223602295,-4.972747802734375,-2.3835113048553467,10.951297760009766
1422,1,170,30,39,170,30,41,14,-0.748974621295929,-0.26710936427116394,-0.6384570598602295,-5.476564407348633,6.303511619567871,3.2108397483825684
1423,0,170,30,40,170,30,41,24,-0.703808605670929,-0.27394530177116394,-0.7055957317352295,-15.04908275604248,-1.2079389095306396,7.882595539093018
1424,0,170,30,39,170,30,41,82,-0.672314465045929,-0.16457031667232513,-0.8254687786102295,21.01198387145996,-6.261373996734619,55.25664138793945
1425,13,170,30,53,170,30,39,159,-0.823193371295929,-0.07033203542232513,-0.5349414348602295,68.66084289550781,-35.5743522644043,-55.53725051879883
1426,63,170,30,137,170,30,38,110,-0.641552746295929,-0.25807616114616394,-0.5757129192352295,10.263893127441406,-45.40641403198242,-55.018165588378906
1427,73,170,30,233,170,30,38,126,-0.948925793170929,-0.31789061427116394,-0.2956835925579071,-93.94984436035156,17.967632293701172,-14.758625030517578
1428,22,170,30,136,170,30,46,65,-0.575634777545929,-0.5588574409484863,-0.7407519817352295,42.11122131347656,9.692824363708496,14.004733085632324
1429,8,170,30,65,170,30,45,62,-0.603466808795929,-0.47072264552116394,-0.7717578411102295,-22.48419952392578,-19.040000915527344,20.829160690307617
1430,31,170,30,39,170,30,40,44,-0.790722668170929,-0.029316406697034836,-0.7485644817352295,-25.217023849487305,-0.3377099633216858,19.134504318237305
1431,109,170,30,96,170,30,39,55,-0.48164063692092896,-0.024921875447034836,-0.1640917956829071,-1.3391602039337158,-6.0323662757873535,48.539085388183594
1432,158,170,30,195,170,30,41,121,-0.744335949420929,-0.23341797292232513,-0.5862109661102295,-91.14068603515625,15.814961433410645,-14.850228309631348
1433,48,170,30,158,170,30,56,575,-0.45185548067092896,-0.7348828315734863,-0.6885058879852295,260.721923828125,150.94473266601562,-164.28533935546875
1434,21,170,30,104,170,30,48,208,-0.40546876192092896,-0.33815428614616394,-0.9192187786102295,-72.5452651977539,-88.82626342773438,-47.14030456542969
1435,9,170,30,65,170,30,40,41,-0.702832043170929,-0.5049023628234863,-0.6704394817352295,27.240991592407227,10.410381317138672,-3.6135878562927246
1436,4,170,30,41,170,30,36,99,-0.808056652545929,-0.23048828542232513,-0.5681445598602295,-22.453664779663086,-42.35297775268555,35.13450241088867
1437,1,170,30,37,170,30,35,139,-0.630322277545929,-0.5202832221984863,-0.7099902629852295,-36.30099105834961,-38.81099319458008,64.53907775878906
1438,1,170,30,39,170,30,38,32,-0.654492199420929,-0.41237303614616394,-0.7688281536102295,21.271526336669922,10.303511619567871,0.9665648937225342
1439,6,170,30,43,170,30,38,35,-0.852001965045929,-0.034931641072034836,-0.6335742473602295,-27.400230407714844,2.776793956756592,5.4856486320495605
1440,50,170,30,84,170,30,38,101,-0.890087902545929,-0.20167969167232513,-0.6030566692352295,0.844045877456665,-37.879695892333984,-63.125038146972656
1441,67,170,30,176,170,30,39,40,-0.818066418170929,-0.47609373927116394,-0.5886523723602295,-7.308625221252441,21.585952758789062,11.119236946105957
1442,20,170,30,173,170,30,48,46,-0.42646485567092896,-0.6023144721984863,-1.0119922161102295,3.347862720489502,42.456180572509766,0.7986259460449219
1443,7,170,30,102,170,30,45,57,-0.638867199420929,-0.37648436427116394,-0.7829883098602295,20.202823638916016,-28.643054962158203,9.088703155517578
1444,18,170,30,60,170,30,38,48,-0.938671886920929,-0.36110350489616394,-0.6885058879852295,14.141756057739258,-1.2842748165130615,33.08870315551758
1445,104,170,30,116,170,30,40,59,-0.758007824420929,0.22874023020267487,-0.4949023425579071,7.805877685546875,-1.7117557525634766,49.88259506225586
1446,186,170,30,244,170,30,40,19,-0.764599621295929,-0.32423827052116394,-0.6894824504852295,-7.8887786865234375,-4.475114345550537,-7.033435344696045
1447,79,170,30,227,170,30,52,397,-0.802441418170929,0.17209960520267487,-0.3215624988079071,-2.5758016109466553,333.555419921875,-61.18610763549805
1448,27,170,30,109,170,30,65,237,0.31669920682907104,-1.0232129096984863,-1.0718066692352295,128.3860321044922,67.44854736328125,-41.506717681884766
1449,12,170,30,45,170,30,50,113,-0.28437501192092896,0.033183593302965164,-0.8513476848602295,24.75244140625,-88.8873291015625,0.14213740825653076
1450,5,170,30,22,170,30,40,109,-0.781445324420929,-0.29372069239616394,-0.6997363567352295,37.470001220703125,-61.31481170654297,10.752824783325195
1451,2,170,30,21,170,30,34,110,-0.812451183795929,-0.33522459864616394,-0.4949023425579071,64.55397033691406,-44.56671905517578,1.0887023210525513
1452,1,170,30,26,170,30,34,61,-0.993603527545929,-0.7246289253234863,-0.6084277629852295,-20.575801849365234,1.265343427658081,39.25664138793945
1453,1,170,30,30,170,30,35,58,-0.829785168170929,-0.49269530177116394,-0.9409472942352295,16.447099685668945,-35.80335998535156,5.8520612716674805
1454,0,170,30,34,170,30,35,32,-0.705761730670929,-0.27711912989616394,-0.7344043254852295,-5.155954360961914,-4.933129787445068,22.645954132080078
1455,1,170,30,43,170,30,35,25,-0.660351574420929,-0.27516600489616394,-0.7915332317352295,-3.369694471359253,-11.192671775817871,11.348244667053223
1456,1,170,30,58,170,30,36,42,-0.712841808795929,-0.29542967677116394,-0.6838672161102295,20.889846801757812,-20.963665008544922,-0.8044275045394897
1457,1,170,30,74,170,30,36,45,-0.742871105670929,-0.34669920802116394,-0.6557910442352295,1.8364121913909912,-26.810993194580078,16.416946411132812
1458,25,170,30,128,170,30,37,47,-0.690869152545929,-0.16237305104732513,-0.6655566692352295,25.928014755249023,-7.513282775878906,-14.285343170166016
1459,83,170,30,222,170,30,38,30,-0.734082043170929,-0.14918945729732513,-0.5239551067352295,-25.552902221679688,1.6470229625701904,3.1955726146698
1460,134,170,30,288,170,30,39,70,-0.731884777545929,-0.22951172292232513,-0.6401660442352295,3.3325953483581543,-18.70412254333496,-48.5906867980957
1461,168,170,30,286,170,30,39,51,-0.666699230670929,-0.10377930104732513,-0.5097949504852295,9.210457801818848,-12.93312931060791,-29.521984100341797
1463,126,170,30,230,170,30,41,49,-1.0062987804412842,-0.24611328542232513,-0.3376757800579071,18.9814510345459,16.288244247436523,14.43221378326416
1464,37,170,30,127,170,30,52,155,-0.539746105670929,-0.6201367378234863,-0.8132617473602295,77.91275024414062,50.105037689208984,27.56198501586914
1465,14,170,30,93,170,30,48,98,-0.46015626192092896,-0.23219726979732513,-0.7956836223602295,-14.89641284942627,-31.803359985351562,52.096336364746094
1466,6,170,30,76,170,30,43,64,-0.656445324420929,-0.5632519721984863,-0.6394336223602295,-33.751373291015625,-20.200305938720703,-10.957098960876465
1467,3,170,30,67,170,30,41,32,-0.750683605670929,-0.49049803614616394,-0.6694629192352295,18.752443313598633,-10.82625961303711,3.3787786960601807
1468,2,170,30,76,170,30,40,16,-0.800000011920929,-0.27150389552116394,-0.6150195598602295,-0.2551908493041992,-2.9941983222961426,13.134504318237305
1469,1,170,30,81,170,30,40,35,-0.721386730670929,-0.30666014552116394,-0.6233203411102295,-3.8582441806793213,-5.2079386711120605,26.737558364868164
1470,1,170,30,100,170,30,41,43,-0.654980480670929,-0.20851562917232513,-0.7822558879852295,-14.957480430603027,8.074503898620605,20.493282318115234
1471,0,170,30,131,170,30,41,30,-0.759472668170929,-0.20094726979732513,-0.6445605754852295,16.248624801635742,3.479084014892578,10.874961853027344
1472,1,170,30,158,170,30,42,45,-0.664257824420929,-0.38405272364616394,-0.6836230754852295,-9.629236221313477,-21.9865665435791,14.096336364746094
1473,0,170,30,189,170,30,42,48,-0.918408215045929,-0.27492186427116394,-0.4262988269329071,-10.285724639892578,-18.536184310913086,19.439847946166992
1474,33,170,30,212,170,30,43,15,-0.746533215045929,-0.21046875417232513,-0.5212695598602295,2.813511371612549,-5.86442756652832,-6.804427623748779
1475,85,170,30,257,170,30,43,59,-0.684521496295929,-0.27711912989616394,-0.6230762004852295,-32.545265197753906,-10.490381240844727,-16.6212215423584
1476,148,170,30,303,170,30,43,37,-0.919384777545929,-0.23390625417232513,-0.7387988567352295,-23.38496208190918,-2.4293129444122314,-11.201374053955078
1477,156,170,30,290,170,30,44,84,-0.815136730670929,-0.25880858302116394,-0.6533496379852295,53.62267303466797,-11.039999961853027,-19.903663635253906
1478,59,170,30,186,170,30,54,334,-0.664013683795929,-0.36891600489616394,-0.8135058879852295,105.27153015136719,141.4638214111328,-87.47618865966797
1479,21,170,30,95,170,30,56,123,-0.559277355670929,-0.6150097846984863,-0.6323535442352295,55.31732940673828,31.402748107910156,36.84442901611328
1480,8,170,30,58,170,30,51,95,-0.36567384004592896,-0.45216795802116394,-0.7370898723602295,-36.652137756347656,2.486717462539673,56.26427459716797
1481,3,170,30,44,170,30,47,75,-0.43427735567092896,-0.49733397364616394,-0.7961719036102295,-41.78190612792969,-20.780458450317383,13.241374969482422
1482,1,170,30,36,170,30,44,72,-0.613476574420929,-0.43117186427116394,-0.7644336223602295,-37.96511459350586,-28.536184310913086,6.44748067855835
1483,0,170,30,37,170,30,41,68,-0.815625011920929,-0.33327147364616394,-0.5464160442352295,0.7219083309173584,-45.620155334472656,22.310077667236328
1484,0,170,30,38,170,30,42,37,-0.764843761920929,-0.44093748927116394,-0.5429980754852295,-13.720839500427246,-11.910228729248047,11.500916481018066
1485,0,170,30,41,170,30,41,43,-0.771679699420929,-0.40358397364616394,-0.5276172161102295,-7.0643510818481445,-12.429312705993652,24.38641357421875
1486,25,170,30,73,170,30,42,52,-0.935986340045929,-0.23341797292232513,-0.6013476848602295,-33.09488296508789,3.5706870555877686,15.775725364685059
1487,83,170,30,143,170,30,42,111,-0.646435558795929,-0.5676465034484863,-0.4961230456829071,34.43183135986328,-34.780460357666016,-42.63648986816406
1488,129,170,30,174,170,30,41,68,-0.637646496295929,-0.20387695729732513,-0.7622363567352295,14.844045639038086,-20.12397003173828,-33.79679489135742
1489,149,170,30,190,170,30,41,12,-0.780468761920929,-0.32863280177116394,-0.5505664348602295,-3.339160203933716,2.059236526489258,6.691755771636963
1490,56,170,30,143,170,30,54,544,-0.36103516817092896,-0.48415037989616394,-1.1499316692352295,157.07305908203125,229.34169006347656,-158.19374084472656
1491,20,170,30,90,170,30,54,73,-0.20063476264476776,-0.5512890815734863,-0.7141406536102295,32.67610549926758,15.143206596374512,25.897863388061523
1492,9,170,30,63,170,30,44,193,-0.47504884004592896,-0.7011914253234863,-0.6819140911102295,-69.99565124511719,-46.94839859008789,76.60015106201172
1493,3,170,30,51,170,30,41,49,-0.840039074420929,-0.37599608302116394,-0.4116503894329071,-10.224656105041504,1.0821373462677002,37.8520622253418
1494,2,170,30,48,170,30,40,27,-0.705029308795929,-0.19972656667232513,-0.7082812786102295,-0.835343599319458,-4.429312705993652,21.897863388061523
1495,1,170,30,51,170,30,41,9,-0.715039074420929,-0.21095703542232513,-0.7295215129852295,-1.293358564376831,4.379847049713135,-3.8273282051086426
1496,0,170,30,63,170,30,41,36,-0.718457043170929,-0.31154295802116394,-0.6977832317352295,-1.5376336574554443,-17.65068817138672,17.699390411376953
1497,27,170,30,94,170,30,41,72,-0.880566418170929,-0.21632812917232513,-0.6841113567352295,-17.18648910522461,-24.841527938842773,-30.07160186767578
1498,75,170,30,149,170,30,40,79,-0.663281261920929,-0.27028319239616394,-0.7344043254852295,-35.033817291259766,-12.627786636352539,-32.13267135620117
1499,119,170,30,174,170,30,40,51,-0.761181652545929,-0.16994141042232513,-0.6396777629852295,-4.911679267883301,-14.719388961791992,-32.331146240234375
1500,100,170,30,163,170,30,42,122,-0.791455090045929,-0.5390820503234863,-0.5019824504852295,-63.415496826171875,18.059236526489258,40.9207649230957
1501,31,170,30,118,170,30,57,266,-0.822216808795929,-0.19582031667232513,-0.8091113567352295,20.920381546020508,163.66229248046875,81.6535873413086
1502,12,170,30,80,170,30,53,222,-0.21235351264476776,-0.12599609792232513,-0.5566699504852295,96.21809387207031,-54.90259552001953,-71.46092224121094
1503,6,170,30,63,170,30,45,161,-0.17573241889476776,-0.6897168159484863,-0.4670703113079071,-34.56053161621094,-3.330076217651367,124.0199966430664
1504,3,170,30,57,170,30,40,71,-0.619335949420929,-0.45924803614616394,-0.8923633098602295,-41.0490837097168,-24.70412254333496,5.882595539093018
1505,1,170,30,52,170,30,38,25,-0.583691418170929,-0.24513672292232513,-0.9011523723602295,-2.4841983318328857,-22.062902450561523,-1.079236626625061
1506,0,170,30,45,170,30,36,35,-0.764111340045929,-0.27345702052116394,-0.6387012004852295,9.699007987976074,-16.841527938842773,8.49328327178955
1507,1,170,30,35,170,30,36,81,-0.756787121295929,-0.29616209864616394,-0.6333301067352295,-35.15595245361328,-19.681222915649414,26.752824783325195
1508,0,170,30,32,170,30,38,21,-0.711376965045929,-0.30104491114616394,-0.6826465129852295,-6.148320198059082,3.341679334640503,12.49328327178955
1509,12,170,30,32,170,30,38,9,-0.743115246295929,-0.13063476979732513,-0.7236621379852295,-6.423129081726074,-2.8873281478881836,0.5085496306419373
1510,53,170,30,43,170,30,37,67,-0.710400402545929,-0.21999023854732513,-0.8398730754852295,-15.995648384094238,-24.581985473632812,-26.529617309570312
1511,113,170,30,63,170,30,38,55,-1.0241210460662842,-0.30690428614616394,-0.7209765911102295,14.767709732055664,-18.597251892089844,-22.163206100463867
1512,89,170,30,58,170,30,40,136,-1.2079589366912842,-0.051289062947034836,0.033662110567092896,-29.201757431030273,38.929466247558594,-68.04106903076172
1513,26,170,30,37,170,30,51,245,-0.08247070014476776,-0.5293164253234863,-0.7861621379852295,-177.79718017578125,60.822593688964844,-6.605954170227051
1514,14,170,30,15,170,30,40,162,-0.43598634004592896,-0.5659375190734863,-0.9668262004852295,-2.2093894481658936,-108.71939086914062,-51.15557098388672
1515,8,170,30,7,170,30,29,112,-0.859326183795929,-0.11281250417232513,-0.6465137004852295,-24.942214965820312,-73.62015533447266,-14.025800704956055
1516,4,170,30,24,170,30,28,107,-0.680126965045929,-0.8203320503234863,-0.6128222942352295,-52.74374008178711,-29.131603240966797,25.668855667114258
1517,2,170,30,34,170,30,27,72,-0.700878918170929,-0.36525389552116394,-0.7182910442352295,-3.4154961109161377,-48.94839859008789,19.653587341308594
1518,1,170,30,30,170,30,28,112,-0.751904308795929,-0.35524412989616394,-0.5044238567352295,-25.858245849609375,-32.56671905517578,54.24900817871094
1519,1,170,30,32,170,30,31,9,-0.737011730670929,-0.39943358302116394,-0.6655566692352295,1.2104580402374268,2.5325191020965576,-5.384580135345459
1520,1,170,30,35,170,30,33,35,-0.773876965045929,-0.30861327052116394,-0.6050097942352295,-8.728472709655762,-15.055266380310059,11.806260108947754
1522,17,170,30,43,170,30,35,17,-0.770703136920929,-0.32130858302116394,-0.6408984661102295,11.729541778564453,-4.459847450256348,-1.2319084405899048
1523,85,170,30,78,170,30,39,167,-0.691357433795929,-0.17311523854732513,-0.5520312786102295,-40.926944732666016,47.08213806152344,79.1344985961914
1524,132,170,30,141,170,30,41,47,-0.764599621295929,-0.24318359792232513,-0.7200000286102295,24.37076187133789,-4.15450382232666,18.60015296936035
1525,156,170,30,174,170,30,43,10,-0.778027355670929,-0.23439453542232513,-0.7138965129852295,6.645572662353516,-1.3606107234954834,2.294809103012085
1526,170,170,30,184,170,30,43,16,-0.776562511920929,-0.25539061427116394,-0.6772754192352295,10.294427871704102,-6.047633647918701,-0.0868702232837677
1527,184,170,30,216,170,30,43,58,-0.962597668170929,-0.35280272364616394,-0.7344043254852295,37.2104606628418,-13.86442756652832,7.760457992553711
1528,238,170,30,277,170,30,43,33,-0.758251965045929,-0.050312500447034836,-0.3430468738079071,19.79060935974121,-4.841526508331299,-8.92656421661377
1529,265,170,30,306,170,30,43,11,-0.808544933795929,-0.24684570729732513,-0.5315234661102295,6.966183185577393,-1.0705342292785645,-3.4303817749023438
1530,268,170,30,310,170,30,45,9,-0.811962902545929,-0.31642577052116394,-0.5559375286102295,-6.835343360900879,0.8225954174995422,1.6383205652236938
1531,273,170,30,298,170,30,45,90,-0.791699230670929,-0.16554687917232513,-0.3533007800579071,38.34022903442383,-24.154504776000977,-28.422748565673828
1532,297,170,30,290,170,30,42,71,-0.675732433795929,-0.19264648854732513,-0.2434374988079071,-1.904045820236206,-34.62778854370117,-35.323509216308594
1533,287,170,30,279,170,30,44,31,-0.760205090045929,-0.40358397364616394,-0.5366504192352295,-9.58343505859375,-4.276641368865967,-17.201374053955078
1534,281,170,30,270,170,30,45,8,-0.808056652545929,-0.48488280177116394,-0.4997851550579071,3.7906107902526855,0.4103816747665405,-4.209007740020752
1535,276,170,30,255,170,30,46,25,-0.924755871295929,-0.6079297065734863,-0.6247851848602295,-12.789542198181152,3.2195420265197754,9.10396957397461
1536,274,170,30,217,170,30,49,88,-1.3642089366912842,-0.20705078542232513,-0.6738574504852295,-57.50709915161133,20.883663177490234,10.478015899658203
1537,272,170,30,137,170,30,49,43,-0.768505871295929,-0.38209959864616394,-0.4751269519329071,30.17228889465332,-3.940763473510742,-9.231907844543457
1538,269,170,30,95,170,30,49,29,-0.735302746295929,-0.35670897364616394,-0.5173633098602295,20.004350662231445,4.227175712585449,-5.201374053955078
1539,247,170,30,63,170,30,50,29,-0.775097668170929,-0.47243162989616394,-0.5923144817352295,25.8516788482666,0.9599999785423279,-2.605954170227051
1540,241,170,30,51,170,30,50,32,-0.782177746295929,-0.37306639552116394,-0.5735156536102295,20.0959529876709,-5.711755752563477,-7.018167972564697
1541,129,170,30,29,170,30,56,616,-1.4611327648162842,1.1530566215515137,0.3139355480670929,94.9661865234375,240.36459350585938,-280.7586364746094
1542,42,170,30,12,170,30,66,118,0.07866211235523224,-1.0417675971984863,-1.1301562786102295,37.54633712768555,79.75389099121094,-1.3235114812850952
1543,20,170,30,5,170,30,50,93,-0.641308605670929,-0.8347363471984863,-0.9287402629852295,27.01198387145996,-52.0171012878418,14.401679992675781
1544,10,170,30,0,170,30,39,147,-0.775097668170929,-1.0163769721984863,-0.8349902629852295,-12.484198570251465,-89.55908203125,45.04290008544922
1545,4,170,30,0,170,30,37,59,-0.725537121295929,-0.32204100489616394,-0.5683887004852295,-38.34679412841797,5.509618282318115,15.424580574035645
1546,2,170,30,0,170,30,39,32,-0.769970715045929,-0.5671582221984863,-0.7395312786102295,17.31732749938965,-6.673587799072266,8.020000457763672
1547,2,170,30,0,170,30,38,51,-0.598095715045929,-0.5244336128234863,-0.7378222942352295,-31.583436965942383,-9.788091659545898,-10.132671356201172
1548,1,170,30,0,170,30,35,51,-0.766308605670929,-0.5456738471984863,-0.6211230754852295,-7.568167686462402,-40.12397003173828,-3.308244228363037
1549,1,170,30,0,170,30,34,64,-0.742382824420929,-0.35939452052116394,-0.6958301067352295,-16.270458221435547,-28.673587799072266,19.195573806762695
1550,2,170,30,0,170,30,34,16,-0.700878918170929,-0.34035155177116394,-0.6050097942352295,-1.6597707271575928,0.4103816747665405,14.905496597290039
1551,2,170,30,0,170,30,35,16,-0.728710949420929,-0.34694334864616394,-0.6741015911102295,5.439465522766113,-5.87969446182251,5.088702201843262
1552,1,170,30,1,170,30,36,23,-0.719677746295929,-0.38332030177116394,-0.6809375286102295,-2.759007692337036,-9.57435131072998,10.997099876403809
1553,8,170,30,3,170,30,37,3,-0.785595715045929,-0.21754883229732513,-0.6682422161102295,0.32496190071105957,2.2119083404541016,1.1803053617477417
1555,36,170,30,5,170,30,39,33,-0.712353527545929,-0.16823242604732513,-0.7402637004852295,-21.522367477416992,6.105038166046143,5.821526527404785
1556,70,170,30,8,170,30,41,90,-0.861767590045929,0.042705077677965164,-0.7680957317352295,-43.7208366394043,18.043968200683594,29.04290199279785
1557,97,170,30,16,170,30,42,35,-0.758984386920929,-0.21828125417232513,-0.6836230754852295,-28.117786407470703,5.082137584686279,1.86732816696167
1558,102,170,30,42,170,30,42,72,-0.728955090045929,-0.20729492604732513,-0.6411426067352295,35.1951904296875,-22.536184310913086,-14.590686798095703
1559,113,170,30,72,170,30,41,9,-0.726757824420929,-0.28200194239616394,-0.5937793254852295,-6.835343360900879,-1.6506869792938232,-1.2777099609375
1560,83,170,30,72,170,30,44,85,-1.2548339366912842,0.20872069895267487,-0.1990039050579071,25.149389266967773,23.937097549438477,-36.52961730957031
1561,25,170,30,32,170,30,57,216,-0.42353516817092896,-0.9113965034484863,-0.8005664348602295,74.98145294189453,96.7157211303711,-44.728092193603516
1562,11,170,30,12,170,30,50,78,-0.24262695014476776,-0.45509764552116394,-0.8110644817352295,-10.972747802734375,-29.116336822509766,38.32534408569336
1563,6,170,30,4,170,30,38,127,-0.643505871295929,-0.5429883003234863,-0.7200000286102295,25.042518615722656,-93.8186264038086,-8.25480842590332
1564,3,170,30,6,170,30,34,44,-0.642285168170929,-0.49806639552116394,-0.5830371379852295,4.1417555809021,-29.223207473754883,-10.682290077209473
1565,2,170,30,7,170,30,34,23,-0.694531261920929,-0.5219922065734863,-0.6042773723602295,5.729541778564453,-6.1392364501953125,11.302443504333496
1566,1,170,30,8,170,30,34,53,-0.726513683795929,-0.44215819239616394,-0.5771777629852295,-13.858244895935059,-24.719390869140625,14.554351806640625
1567,1,170,30,13,170,30,34,53,-0.730664074420929,-0.46535155177116394,-0.5686328411102295,-10.194122314453125,-12.261374473571777,31.317710876464844
1568,29,170,30,30,170,30,38,72,-0.724072277545929,-0.16774414479732513,-0.6526172161102295,35.928016662597656,15.524885177612305,20.798625946044922
1569,81,170,30,66,170,30,41,62,-0.757763683795929,-0.39333006739616394,-0.6596972942352295,-13.47656536102295,17.387479782104492,31.531450271606445
1570,130,170,30,97,170,30,43,19,-0.805126965045929,-0.19362305104732513,-0.6428515911102295,2.950916051864624,-2.5667176246643066,-13.705190658569336
1571,164,170,30,119,170,30,44,17,-0.789501965045929,-0.26222655177116394,-0.6189258098602295,6.61503791809082,-6.444580078125,-3.995267391204834
1572,170,170,30,134,170,30,45,13,-0.801708996295929,-0.16359375417232513,-0.6074512004852295,-2.4231297969818115,-4.368244171142578,-6.331145286560059
1573,178,170,30,157,170,30,44,50,-0.912792980670929,-0.20412109792232513,-0.7929980754852295,31.607404708862305,-18.078168869018555,0.9360305070877075
1574,194,170,30,182,170,30,44,27,-0.675488293170929,-0.11427734792232513,-0.4023730456829071,17.683740615844727,-7.5743513107299805,-2.4838168621063232
1575,203,170,30,195,170,30,45,19,-0.816113293170929,-0.35036131739616394,-0.5559375286102295,-15.415495872497559,-2.1850380897521973,1.561984658241272
1576,203,170,30,194,170,30,46,3,-0.825390636920929,-0.31593748927116394,-0.5840137004852295,3.592137336730957,-0.12396949529647827,-0.05633587762713432
1577,202,170,30,188,170,30,47,10,-0.823681652545929,-0.30495116114616394,-0.5578906536102295,0.8898472785949707,-0.2155725359916687,-9.033434867858887
1578,217,170,30,194,170,30,45,103,-0.641796886920929,-0.10719726979732513,-0.6084277629852295,8.96618366241455,-47.055267333984375,-47.64412307739258
1579,226,170,30,212,170,30,44,23,-0.877148449420929,-0.5315136909484863,-0.2649218738079071,-19.049083709716797,-3.085801601409912,-0.9418320655822754
1580,220,170,30,213,170,30,45,17,-0.818798840045929,-0.31349608302116394,-0.4746386706829071,9.86694622039795,-0.12396949529647827,-7.613587856292725
1581,214,170,30,199,170,30,47,62,-0.805859386920929,-0.5307812690734863,-0.5256640911102295,-38.17885208129883,17.69282341003418,6.99709939956665
1582,211,170,30,157,170,30,49,52,-0.685009777545929,-0.43629881739616394,-0.5952441692352295,37.31732940673828,6.746259689331055,-8.25480842590332
1583,219,170,30,94,170,30,51,158,-0.963574230670929,-0.27150389552116394,-0.6631152629852295,-77.75137329101562,48.60885238647461,32.38641357421875
1584,217,170,30,58,170,30,52,28,-0.788525402545929,-0.35133787989616394,-0.5617969036102295,23.607404708862305,1.0821373462677002,-3.354045867919922
1585,120,170,30,27,170,30,55,436,-1.7460448741912842,0.5905566215515137,0.5715038776397705,53.60740661621094,173.6775665283203,-208.81968688964844
1586,41,170,30,7,170,30,58,189,-0.37177735567092896,-0.5998730659484863,-0.7597949504852295,-69.90404510498047,6.883664131164551,112.26427459716797
1587,19,170,30,1,170,30,49,80,-0.728955090045929,-0.44337889552116394,-0.7063281536102295,-6.926946640014648,-22.062902450561523,51.22610855102539
1588,9,170,30,0,170,30,44,59,-0.703076183795929,-0.45119139552116394,-0.5954883098602295,-27.751375198364258,-28.475114822387695,3.6230533123016357
1589,5,170,30,0,170,30,42,74,-1.1088378429412842,-0.040302734822034836,-0.2412402331829071,8.401297569274902,-29.620153427124023,36.75282669067383
1590,3,170,30,0,170,30,42,31,-0.702832043170929,-0.5151562690734863,-0.6072070598602295,-23.018550872802734,-4.551450252532959,3.607786178588867
1591,1,170,30,0,170,30,42,27,-0.732128918170929,-0.48585936427116394,-0.5410449504852295,-13.93458080291748,-6.261373996734619,7.592519283294678
1592,17,170,30,0,170,30,42,28,-0.778027355670929,-0.28297850489616394,-0.4228808581829071,25.943281173706055,1.3874808549880981,-1.4609160423278809
1593,57,170,30,15,170,30,45,110,-0.742626965045929,-0.27711912989616394,-0.4519335925579071,-44.026180267333984,28.898929595947266,37.775726318359375
1594,94,170,30,35,170,30,47,59,-0.751904308795929,-0.45314452052116394,-0.4143359363079071,-9.58343505859375,24.563053131103516,25.836793899536133
1595,107,170,30,45,170,30,48,32,-0.774121105670929,-0.33888670802116394,-0.6079394817352295,-17.781909942626953,6.1813740730285645,8.264275550842285
1596,112,170,30,50,170,30,48,61,-0.766308605670929,-0.26344725489616394,-0.6596972942352295,-47.690303802490234,6.730992317199707,7.409312725067139
1597,106,170,30,49,170,30,49,17,-0.765087902545929,-0.21608398854732513,-0.7243945598602295,-13.598702430725098,2.593587875366211,1.760457992553711
1598,102,170,30,43,170,30,48,16,-0.761181652545929,-0.20290039479732513,-0.6831347942352295,-12.682671546936035,2.089771032333374,1.5467175245285034
1599,101,170,30,34,170,30,48,5,-0.762646496295929,-0.28883787989616394,-0.6662890911102295,-2.5910685062408447,1.1737403869628906,-2.1174046993255615
1600,91,170,30,18,170,30,48,88,-0.744824230670929,-0.17433594167232513,-0.6843554973602295,-57.44602966308594,12.13557243347168,-18.43801498413086
1601,72,170,30,6,170,30,47,5,-0.754833996295929,-0.19875000417232513,-0.6889941692352295,0.737175703048706,1.234809160232544,-3.56778621673584
1603,57,170,30,0,170,30,46,18,-0.763867199420929,-0.25294920802116394,-0.6430957317352295,-9.49183177947998,-5.039999961853027,-3.995267391204834
1604,56,170,30,0,170,30,47,10,-0.756787121295929,-0.28493162989616394,-0.6726367473602295,-7.2780914306640625,2.807328224182129,0.478015273809433
1605,63,170,30,2,170,30,47,43,-0.758984386920929,-0.17824219167232513,-0.6965625286102295,-35.736106872558594,5.082137584686279,2.7222900390625
1606,71,170,30,14,170,30,46,41,-0.780957043170929,-0.26442381739616394,-0.6784961223602295,10.920381546020508,-12.322443008422852,-17.918930053710938
1607,76,170,30,30,170,30,46,3,-0.754345715045929,-0.26466795802116394,-0.6824023723602295,-2.2399237155914307,-0.3377099633216858,1.1803053617477417
1608,85,170,30,47,170,30,46,42,-0.691845715045929,-0.060810547322034836,-0.6709277629852295,-19.491832733154297,12.960000038146973,10.371145248413086
1609,93,170,30,58,170,30,46,31,-0.761669933795929,-0.26149412989616394,-0.6343066692352295,24.279159545898438,-2.9178626537323,-3.9036641120910645
1610,98,170,30,70,170,30,46,39,-0.686718761920929,-0.15846680104732513,-0.5488574504852295,28.386030197143555,-2.688854932785034,8.829160690307617
1611,106,170,30,96,170,30,46,4,-0.767529308795929,-0.25465819239616394,-0.6352832317352295,0.950916051864624,0.16610682010650635,2.966564893722534
1612,115,170,30,120,170,30,46,18,-0.773876965045929,-0.21413086354732513,-0.6199023723602295,9.073053359985352,-6.185038089752197,3.5314502716064453
1613,123,170,30,134,170,30,46,2,-0.814160168170929,-0.39064452052116394,-0.6899707317352295,1.485267162322998,0.3951144814491272,0.8902289867401123
1614,127,170,30,153,170,30,46,40,-0.825634777545929,-0.07814453542232513,-0.7512500286102295,24.844045639038086,-9.452213287353516,-5.995267391204834
1615,136,170,30,183,170,30,46,30,-0.842724621295929,-0.31129881739616394,-0.6252734661102295,13.210458755493164,-8.444580078125,8.49328327178955
1616,137,170,30,205,170,30,46,21,-0.798535168170929,-0.31056639552116394,-0.6501758098602295,-17.96511459350586,0.5325191020965576,2.645954132080078
1617,134,170,30,217,170,30,47,7,-0.794628918170929,-0.24611328542232513,-0.6145312786102295,-5.934579849243164,0.1508396863937378,0.9818320274353027
1618,142,170,30,242,170,30,46,61,-0.752148449420929,-0.32082030177116394,-0.6689746379852295,20.187557220458984,-17.711755752563477,-23.87312889099121
1619,176,170,30,288,170,30,44,125,-0.627392590045929,-0.5705761909484863,-0.4831835925579071,27.76007652282715,-47.925498962402344,-49.460914611816406
1620,195,170,30,310,170,30,44,11,-0.795361340045929,-0.39845702052116394,-0.4780566394329071,-5.8887786865234375,3.8302290439605713,1.4093129634857178
1621,196,170,30,300,170,30,46,30,-0.775830090045929,-0.45460936427116394,-0.6408984661102295,-16.392595291137695,7.998167991638184,-5.918931484222412
1622,187,170,30,245,170,30,48,35,-0.561230480670929,-0.11720703542232513,-0.6025683879852295,-4.087251663208008,19.70808982849121,11.699389457702637
1623,185,170,30,172,170,30,49,23,-0.766308605670929,-0.39113280177116394,-0.4880664050579071,6.8287787437438965,9.112671852111816,-7.384580135345459
1624,183,170,30,106,170,30,49,25,-0.556347668170929,-0.06642578542232513,-0.4653613269329071,-3.949847459793091,3.6012213230133057,-18.300609588623047
1625,183,170,30,71,170,30,49,22,-0.790722668170929,-0.38185545802116394,-0.6362597942352295,-12.087251663208008,5.448549747467041,-5.048702239990234
1626,172,170,30,50,170,30,49,37,-0.780468761920929,-0.31544920802116394,-0.4856249988079071,7.027252197265625,-3.223206043243408,-27.048702239990234
1627,65,170,30,22,170,30,60,629,-0.39155274629592896,-0.13991211354732513,-0.7043750286102295,167.4241943359375,229.98291015625,-231.8731231689453
1628,25,170,30,8,170,30,55,141,-0.14399413764476776,-0.6714062690734863,-1.0515429973602295,-36.972747802734375,-23.360610961914062,81.40930938720703
1629,10,170,30,7,170,30,45,154,-0.723583996295929,-0.26247069239616394,-0.5471484661102295,-63.90404510498047,-55.833892822265625,35.24137496948242
1630,4,170,30,17,170,30,41,105,-0.663281261920929,-0.40773436427116394,-0.7258594036102295,54.3249626159668,-31.72702407836914,-19.354045867919922
1631,2,170,30,25,170,30,41,11,-0.684277355670929,-0.37184569239616394,-0.6867969036102295,-4.010915756225586,-6.597251892089844,-0.8960305452346802
1632,1,170,30,31,170,30,39,51,-0.770703136920929,-0.32765623927116394,-0.5893847942352295,-10.026183128356934,-25.482749938964844,15.806260108947754
1633,6,170,30,41,170,30,39,11,-0.824902355670929,-0.38429686427116394,-0.7175586223602295,-0.13305330276489258,0.8989312648773193,10.600152969360352
1634,35,170,30,64,170,30,41,71,-0.801220715045929,-0.29372069239616394,-0.5627734661102295,-35.17121887207031,9.402748107910156,26.92076301574707
1635,72,170,30,90,170,30,43,95,-0.826367199420929,-0.016621094197034836,-0.7825000286102295,-62.438392639160156,9.708091735839844,23.836793899536133
1636,103,170,30,99,170,30,44,12,-0.767529308795929,-0.14674805104732513,-0.6948535442352295,-4.743740081787109,2.883664131164551,5.363511562347412
1637,119,170,30,105,170,30,45,11,-0.789501965045929,-0.33742186427116394,-0.5950000286102295,4.050152778625488,1.7233587503433228,5.607786178588867
1638,128,170,30,115,170,30,46,19,-0.780468761920929,-0.15504883229732513,-0.6970508098602295,13.408931732177734,1.6164884567260742,4.035267353057861
1639,145,170,30,134,170,30,46,19,-0.774365246295929,-0.20045898854732513,-0.6816699504852295,17.59213638305664,1.0058015584945679,0.4169465899467468
1640,155,170,30,158,170,30,46,3,-0.770458996295929,-0.16774414479732513,-0.6946094036102295,2.41656494140625,0.05923664569854736,-1.3387786149978638
1641,160,170,30,201,170,30,46,17,-1.0150878429412842,0.16086913645267487,-0.4150683581829071,10.660840034484863,-4.352977275848389,-2.1784732341766357
1642,186,170,30,246,170,30,46,23,-0.852001965045929,-0.24025391042232513,-0.7304980754852295,12.920381546020508,-7.711755752563477,-2.850229024887085
1644,199,170,30,284,170,30,46,50,-0.776074230670929,-0.30885741114616394,-0.7007129192352295,28.202823638916016,-6.7499237060546875,-15.827327728271484
1645,194,170,30,303,170,30,46,5,-0.780224621295929,-0.21803711354732513,-0.6555469036102295,-3.262824296951294,1.8607633113861084,-0.14793893694877625
1646,183,170,30,314,170,30,47,6,-0.774121105670929,-0.23244141042232513,-0.6494433879852295,3.668473243713379,-0.6583206057548523,-2.3311450481414795
1647,189,170,30,325,170,30,46,114,-0.823681652545929,-0.25978514552116394,-0.7944629192352295,46.61503982543945,-32.24610900878906,-35.399845123291016
1648,216,170,30,374,170,30,43,102,-0.709179699420929,0.054179687052965164,-0.9895312786102295,-10.117786407470703,-42.994197845458984,-49.15557098388672
1649,229,170,30,418,170,30,42,30,-0.724560558795929,-0.33400389552116394,-0.5200488567352295,-4.759007453918457,-9.971297264099121,-15.812060356140137
1650,233,170,30,428,170,30,43,22,-0.769238293170929,-0.39381834864616394,-0.5139453411102295,-17.56816864013672,2.334045886993408,3.0276336669921875
1651,231,170,30,405,170,30,45,26,-0.803417980670929,-0.23048828542232513,-0.5561816692352295,-14.774273872375488,-3.5285496711730957,8.416947364807129
1652,226,170,30,333,170,30,48,81,-0.49555665254592896,-0.014423828572034836,-0.2561328113079071,-39.812442779541016,26.99053382873535,14.859695434570312
1653,222,170,30,264,170,30,49,34,-0.580761730670929,-0.31569334864616394,-0.4302050769329071,-9.842976570129395,14.776793479919434,9.56198501586914
1654,222,170,30,206,170,30,49,38,-0.761425793170929,-0.15968750417232513,-0.6494433879852295,-27.598703384399414,8.960000038146973,-1.7509924173355103
1655,89,170,30,107,170,30,59,497,-0.952099621295929,0.18577148020267487,-0.044218748807907104,111.54633331298828,296.8683776855469,-89.56778717041016
1656,39,170,30,63,170,30,60,149,-0.25068360567092896,-0.47316405177116394,-0.8298633098602295,-15.995648384094238,-45.375877380371094,88.34060668945312
1657,18,170,30,42,170,30,49,99,-0.519970715045929,-0.27394530177116394,-0.9345996379852295,10.462366104125977,-55.52854919433594,33.47038269042969
1658,8,170,30,40,170,30,42,93,-0.725781261920929,-0.26710936427116394,-0.7168262004852295,-19.812442779541016,-62.12397003173828,11.638320922851562
1659,3,170,30,52,170,30,39,26,-0.820263683795929,-0.36842772364616394,-0.4966113269329071,4.874580383300781,-10.093435287475586,11.821527481079102
1660,2,170,30,59,170,30,39,38,-0.719189465045929,-0.28712889552116394,-0.7370898723602295,-8.728472709655762,-22.49038314819336,6.966564655303955
1661,15,170,30,65,170,30,39,7,-0.772412121295929,-0.15407226979732513,-0.5759570598602295,-5.247556686401367,-1.910228967666626,0.5848854780197144
1662,59,170,30,91,170,30,40,33,-0.798535168170929,-0.41115233302116394,-0.5493457317352295,16.73717498779297,4.13557243347168,12.951297760009766
1663,128,170,30,144,170,30,44,146,-0.631542980670929,0.13254882395267487,-0.7324512004852295,-64.4078598022461,22.92946434020996,59.332977294921875
1664,180,170,30,197,170,30,44,22,-0.796826183795929,-0.10329101979732513,-0.6074512004852295,17.286792755126953,-1.9712977409362793,-3.460916042327881
1665,210,170,30,230,170,30,45,7,-0.797558605670929,-0.11256836354732513,-0.6599414348602295,-2.041450262069702,0.730992317199707,4.874961853027344
1666,237,170,30,271,170,30,46,32,-0.836621105670929,-0.13722656667232513,-0.7441699504852295,23.363128662109375,-6.978931427001953,1.7757251262664795
1667,277,170,30,331,170,30,44,119,-0.546582043170929,-0.48317381739616394,-0.5447070598602295,52.85931396484375,-25.574352264404297,41.54671859741211
1668,312,170,30,394,170,30,44,11,-0.826855480670929,-0.25856444239616394,-0.5959765911102295,0.4470992088317871,-3.085801601409912,7.790992259979248
1669,325,170,30,422,170,30,45,22,-0.808300793170929,-0.25783202052116394,-0.6472461223602295,-12.407862663269043,2.883664131164551,7.058167934417725
1670,329,170,30,424,170,30,47,25,-0.841015636920929,-0.22389648854732513,-0.5757129192352295,-21.613969802856445,3.3569467067718506,-0.2090076357126236
1671,341,170,30,429,170,30,45,286,-0.894238293170929,-0.42970702052116394,-0.4829394519329071,134.49290466308594,-65.36061096191406,-87.0487060546875
1673,349,170,30,477,170,30,45,2,-0.847363293170929,-0.32643553614616394,-0.4687792956829071,0.20282435417175293,0.8531297445297241,-1.4456489086151123
1674,319,170,30,444,170,30,47,5,-0.840771496295929,-0.38209959864616394,-0.4675585925579071,1.4700000286102295,0.7615267038345337,-2.850229024887085
1675,287,170,30,414,170,30,49,62,-0.39887696504592896,-0.16627930104732513,-0.1384570300579071,-35.61396789550781,23.23480796813965,-3.3693130016326904
1676,253,170,30,286,170,30,52,62,-0.943554699420929,-0.46364256739616394,-0.6030566692352295,31.500534057617188,-12.032366752624512,-18.743358612060547
1677,244,170,30,209,170,30,53,23,-0.737011730670929,-0.30470702052116394,-0.5893847942352295,18.905115127563477,1.8302290439605713,-3.0792367458343506
1678,242,170,30,175,170,30,53,4,-0.801464855670929,-0.40919920802116394,-0.5429980754852295,-0.010915994644165039,4.3187785148620605,-0.0868702232837677
1679,240,170,30,152,170,30,53,44,-0.807568371295929,-0.20143555104732513,-0.4929492175579071,-26.728473663330078,8.318778038024902,9.882596015930176
1680,110,170,30,96,170,30,61,449,-1.6044433116912842,0.6052050590515137,0.3112500011920929,-43.27809143066406,320.9599914550781,-85.64412689208984
1681,39,170,30,46,170,30,76,331,-0.18330077826976776,-0.6325879096984863,-0.7646777629852295,-150.4384002685547,169.6317596435547,-11.85786247253418
1682,15,170,30,25,170,30,74,240,-0.02070312574505806,0.10300780832767487,-0.8047168254852295,-49.26282501220703,121.08213806152344,69.89785766601562
1683,7,170,30,18,170,30,66,101,0.22075195610523224,0.006816405802965164,-1.0913379192352295,9.042519569396973,50.074501037597656,42.7222900390625
1684,4,170,30,13,170,30,54,57,0.10258789360523224,-0.14918945729732513,-1.0534961223602295,56.12649154663086,-1.375877857208252,0.2032061070203781
1685,4,170,30,11,170,30,41,60,0.09941406548023224,-0.19655273854732513,-1.0405566692352295,-19.049083709716797,-23.772825241088867,17.42458152770996
