timestamp,tipPressure,tipUpperRange,tipLowerRange,fingerPressure,fingerUpperRange,fingerLowerRange,angle,writtingSpeed,accX,accY,accZ,gyroX,gyroY,gyroZ
9259,0,170,30,37,170,30,32,30,-0.539013683795929,-0.29567381739616394,-0.8586719036102295,12.844045639038086,6.043969631195068,-11.750991821289062
9260,0,170,30,37,170,30,32,14,-0.594433605670929,-0.28200194239616394,-0.8464648723602295,-5.461297035217285,0.16610682010650635,-8.514350891113281
9261,0,170,30,38,170,30,32,9,-0.547070324420929,-0.31935545802116394,-0.8569629192352295,-5.736106872558594,1.234809160232544,2.5238168239593506
9262,0,170,30,38,170,30,32,20,-0.554394543170929,-0.31593748927116394,-0.8457324504852295,6.966183185577393,5.814961910247803,-8.14793872833252
9263,0,170,30,38,170,30,32,7,-0.569042980670929,-0.29494139552116394,-0.8559863567352295,3.744809150695801,0.9447327852249146,2.859694719314575
9264,0,170,30,37,170,30,33,27,-0.548779308795929,-0.30885741114616394,-0.8601367473602295,15.179924011230469,9.784427642822266,-2.346412181854248
9265,0,170,30,35,170,30,32,5,-0.563183605670929,-0.33546873927116394,-0.8855273723602295,-0.8506104946136475,-2.0781679153442383,2.8902289867401123
9266,0,170,30,34,170,30,32,6,-0.558300793170929,-0.36500975489616394,-0.8691699504852295,-1.3391602039337158,2.2119083404541016,-2.605954170227051
9267,0,170,30,34,170,30,31,17,-0.604687511920929,-0.24220703542232513,-0.8554980754852295,-8.224656105041504,-5.986564636230469,3.6383206844329834
9268,0,170,30,34,170,30,31,6,-0.549755871295929,-0.29958006739616394,-0.8574512004852295,-3.4612977504730225,-2.5056488513946533,-0.5296183228492737
9269,0,170,30,32,170,30,31,6,-0.547802746295929,-0.36061522364616394,-0.8755176067352295,4.7219085693359375,-0.7193893790245056,-1.2471755743026733
9270,0,170,30,32,170,30,31,42,-0.548535168170929,-0.31154295802116394,-0.8694140911102295,-16.743741989135742,-11.009465217590332,14.478015899658203
9271,0,170,30,33,170,30,30,16,-0.565136730670929,-0.28688475489616394,-0.8471972942352295,-7.6750383377075195,-6.261373996734619,2.2490077018737793
9272,0,170,30,35,170,30,31,4,-0.570263683795929,-0.30250975489616394,-0.8484179973602295,-1.9345800876617432,1.8454961776733398,-1.0181679725646973
9273,0,170,30,36,170,30,31,7,-0.557812511920929,-0.31740233302116394,-0.8525683879852295,3.637938976287842,0.7615267038345337,-3.1861069202423096
9274,0,170,30,36,170,30,31,3,-0.583691418170929,-0.27760741114616394,-0.8454883098602295,-1.9193127155303955,0.7157251834869385,0.9818320274353027
9275,0,170,30,36,170,30,31,4,-0.554882824420929,-0.29787108302116394,-0.8425586223602295,0.18755722045898438,0.8225954174995422,3.302442789077759
9276,0,170,30,37,170,30,31,2,-0.586865246295929,-0.25319334864616394,-0.8550097942352295,1.4700000286102295,0.33404576778411865,-0.3311450183391571
9277,0,170,30,37,170,30,32,4,-0.565380871295929,-0.29591795802116394,-0.8511035442352295,1.3631298542022705,1.036335825920105,1.8367938995361328
9278,0,170,30,37,170,30,32,15,-0.568554699420929,-0.25709959864616394,-0.8594043254852295,5.637938976287842,4.868396759033203,-4.605954170227051
9279,0,170,30,37,170,30,32,15,-0.571972668170929,-0.41115233302116394,-0.8269336223602295,7.225725173950195,3.0821373462677,-5.201374053955078
9280,0,170,30,37,170,30,31,22,-0.621533215045929,-0.24318359792232513,-0.8293750286102295,-13.23228931427002,-4.841526508331299,4.065801620483398
9281,0,170,30,36,170,30,31,3,-0.501660168170929,-0.35353514552116394,-0.8701465129852295,-0.6521375179290771,-1.8949618339538574,-1.1097710132598877
9282,0,170,30,35,170,30,32,33,-0.552441418170929,-0.30568358302116394,-0.8628222942352295,14.01961898803711,11.189007759094238,-8.789159774780273
9283,0,170,30,34,170,30,32,13,-0.558789074420929,-0.30543944239616394,-0.8545215129852295,1.6074045896530151,-0.6125190854072571,10.78335952758789
9284,0,170,30,35,170,30,32,7,-0.581738293170929,-0.28200194239616394,-0.8503711223602295,3.744809150695801,0.6851907968521118,-2.605954170227051
9285,0,170,30,35,170,30,32,17,-0.539013683795929,-0.31398436427116394,-0.8725879192352295,-5.262824058532715,-1.940763235092163,10.584885597229004
9288,0,170,30,39,170,30,32,3,-0.597851574420929,-0.24782226979732513,-0.8611133098602295,-2.5605342388153076,-0.688854992389679,0.09633587300777435
9289,0,170,30,41,170,30,32,9,-0.547314465045929,-0.29787108302116394,-0.8694140911102295,4.294427394866943,-1.4522137641906738,3.86732816696167
9290,0,170,30,43,170,30,32,8,-0.601513683795929,-0.23708008229732513,-0.8552539348602295,4.538702487945557,0.16610682010650635,3.6993892192840576
9291,0,170,30,45,170,30,32,14,-0.610302746295929,-0.22877930104732513,-0.8550097942352295,9.729541778564453,-1.4674808979034424,-2.926564931869507
9292,0,170,30,48,170,30,32,19,-0.638134777545929,-0.20460937917232513,-0.8266894817352295,-0.835343599319458,-7.940763473510742,10.951297760009766
9293,0,170,30,51,170,30,32,25,-0.606640636920929,-0.27003905177116394,-0.8379199504852295,12.950916290283203,-4.872061252593994,7.928396701812744
9294,0,170,30,55,170,30,32,27,-0.615673840045929,-0.32741209864616394,-0.7883594036102295,17.821144104003906,-5.253740310668945,4.187938690185547
9295,0,170,30,57,170,30,33,21,-0.608105480670929,-0.32887694239616394,-0.8095996379852295,18.859312057495117,-1.8949618339538574,-0.30061066150665283
9296,0,170,30,58,170,30,33,29,-0.629345715045929,-0.28761717677116394,-0.8032519817352295,13.699007987976074,-5.02473258972168,10.52381706237793
9297,0,170,30,61,170,30,33,22,-0.634960949420929,-0.31740233302116394,-0.7637012004852295,2.477633476257324,-7.467480659484863,12.416947364807129
9298,10,170,30,80,170,30,35,8,-0.651318371295929,-0.31081053614616394,-0.7312304973602295,3.1799237728118896,3.4332823753356934,2.1268701553344727
9300,31,170,30,137,170,30,35,6,-0.652294933795929,-0.31007811427116394,-0.7710254192352295,-4.209389686584473,1.769160270690918,1.0123664140701294
9301,49,170,30,214,170,30,36,10,-0.680126965045929,-0.24293945729732513,-0.9258105754852295,-5.919312477111816,2.059236526489258,-2.056335926055908
9302,63,170,30,285,170,30,36,22,-0.654003918170929,-0.18458984792232513,-0.5410449504852295,-11.323892593383789,6.41038179397583,4.569618225097656
9303,73,170,30,340,170,30,35,59,-0.559277355670929,-0.14870117604732513,-0.7881152629852295,1.2409923076629639,-25.116336822509766,-33.29297637939453
9304,78,170,30,380,170,30,35,18,-0.668652355670929,-0.28688475489616394,-0.8130176067352295,0.1417558193206787,-6.0323662757873535,-12.743358612060547
9305,79,170,30,417,170,30,35,6,-0.652783215045929,-0.34889647364616394,-0.7644336223602295,-5.400228500366211,0.8683969378471375,0.38641223311424255
9306,81,170,30,440,170,30,35,12,-0.649853527545929,-0.23341797292232513,-0.8774707317352295,-7.613968849182129,0.2729770541191101,-4.621221542358398
9307,79,170,30,427,170,30,36,22,-0.651318371295929,-0.31666991114616394,-0.7771289348602295,-13.766640663146973,-3.7575573921203613,-4.499083995819092
9308,31,170,30,307,170,30,38,162,-0.767285168170929,-0.21559570729732513,-0.7717578411102295,53.37839889526367,58.2424430847168,-51.048702239990234
9309,8,170,30,166,170,30,46,144,-0.595898449420929,-1.1418652534484863,-0.8965137004852295,34.569236755371094,94.54778289794922,-15.323511123657227
9310,1,170,30,91,170,30,48,73,-0.02998046949505806,-0.6245312690734863,-0.4878222644329071,-1.049083948135376,30.975265502929688,41.89786148071289
9311,0,170,30,62,170,30,37,187,-0.09394530951976776,-0.8076367378234863,-0.8200976848602295,7.92801570892334,-100.38351440429688,79.45510864257812
9312,0,170,30,60,170,30,29,26,-0.591992199420929,-0.38820311427116394,-0.7505176067352295,3.7142748832702637,-19.833894729614258,3.226106882095337
9313,0,170,30,64,170,30,32,93,-0.574414074420929,-0.44264647364616394,-0.6889941692352295,52.09595489501953,31.219541549682617,-9.934198379516602
9314,0,170,30,64,170,30,33,42,-0.17255859076976776,-0.6401562690734863,-0.4370410144329071,9.83641242980957,-15.085801124572754,17.729923248291016
9315,0,170,30,59,170,30,31,83,-0.509716808795929,-0.48732420802116394,-0.6875293254852295,-25.552902221679688,-26.70412254333496,30.798625946044922
9316,0,170,30,53,170,30,31,22,-0.640820324420929,-0.42799803614616394,-0.7236621379852295,4.9356489181518555,-4.475114345550537,12.691756248474121
9317,0,170,30,46,170,30,32,9,-0.620312511920929,-0.44142577052116394,-0.7202441692352295,4.70664119720459,-0.6125190854072571,4.493282318115234
9318,0,170,30,37,170,30,32,22,-0.633984386920929,-0.42726561427116394,-0.7126758098602295,-10.850610733032227,-2.8567938804626465,8.707023620605469
9319,0,170,30,32,170,30,33,28,-0.664746105670929,-0.40626952052116394,-0.7121875286102295,-11.049083709716797,-6.291908264160156,10.905496597290039
9320,1,170,30,37,170,30,34,16,-0.622021496295929,-0.38795897364616394,-0.7275683879852295,2.3554961681365967,8.211908340454102,6.386412143707275
9321,21,170,30,63,170,30,36,32,-0.656689465045929,-0.36110350489616394,-0.7226855754852295,-21.06435203552246,7.982900619506836,3.2108397483825684
9322,42,170,30,126,170,30,36,69,-0.750683605670929,-0.17873047292232513,-1.2178027629852295,-1.583435297012329,-33.02473449707031,-34.69755554199219
9323,62,170,30,211,170,30,35,18,-0.617138683795929,-0.40553709864616394,-0.6501758098602295,-14.89641284942627,2.6088550090789795,-1.3387786149978638
9324,79,170,30,289,170,30,34,61,-0.627392590045929,-0.35182616114616394,-0.8008105754852295,-11.522366523742676,-23.20793914794922,-26.941831588745117
9325,90,170,30,347,170,30,34,50,-0.643505871295929,-0.33571287989616394,-0.4961230456829071,9.1951904296875,-20.276641845703125,-20.63648796081543
9326,94,170,30,380,170,30,34,3,-0.682568371295929,-0.38844725489616394,-0.8618457317352295,-0.010915994644165039,3.0363359451293945,0.34061068296432495
9327,72,170,30,384,170,30,34,10,-0.670849621295929,-0.43703123927116394,-0.6965625286102295,-6.8811445236206055,-2.1087021827697754,1.4245800971984863
9328,30,170,30,309,170,30,36,139,-0.776074230670929,-0.36769530177116394,-0.6926562786102295,63.25625991821289,45.769161224365234,-30.010534286499023
9329,7,170,30,170,170,30,42,114,-0.612744152545929,-0.8955273628234863,-0.7317187786102295,35.69900894165039,52.76152420043945,-26.300609588623047
9330,1,170,30,92,170,30,43,108,-0.37690430879592896,-0.5327343940734863,-0.5803515911102295,-26.331527709960938,10.669923782348633,71.2108383178711
9331,0,170,30,58,170,30,39,35,-0.31782227754592896,-0.6164746284484863,-0.6277148723602295,-2.087251901626587,-27.162137985229492,6.691755771636963
9332,0,170,30,41,170,30,34,45,-0.687451183795929,-0.40504881739616394,-0.6711719036102295,-12.759007453918457,-28.475114822387695,-4.254809379577637
9333,0,170,30,33,170,30,32,47,-0.48164063692092896,-0.7055859565734863,-0.7466113567352295,-1.3391602039337158,-24.261375427246094,-21.445648193359375
9334,0,170,30,27,170,30,33,33,-0.637890636920929,-0.46657225489616394,-0.6399219036102295,-7.4918317794799805,21.082136154174805,4.462748050689697
9335,0,170,30,25,170,30,33,30,-0.663525402545929,-0.45607420802116394,-0.6904590129852295,-24.194122314453125,-2.2155725955963135,3.86732816696167
9336,0,170,30,22,170,30,34,29,-0.594921886920929,-0.47975584864616394,-0.7051074504852295,-18.911680221557617,-3.6812214851379395,6.630687236785889
9337,0,170,30,23,170,30,34,29,-0.607617199420929,-0.49220702052116394,-0.7124316692352295,-10.667404174804688,-9.162137031555176,9.74519157409668
9338,0,170,30,37,170,30,34,84,-0.595410168170929,-0.43800780177116394,-0.7009570598602295,-29.339162826538086,-3.543816566467285,51.97419738769531
9339,19,170,30,76,170,30,35,8,-0.619580090045929,-0.44704100489616394,-0.7427051067352295,-4.087251663208008,1.1890076398849487,-3.6441221237182617
9340,56,170,30,177,170,30,35,68,-0.704052746295929,-0.42726561427116394,-0.8589160442352295,20.462366104125977,-21.940763473510742,-26.285343170166016
9341,85,170,30,298,170,30,34,63,-0.719433605670929,-0.26710936427116394,-1.0112597942352295,-7.934579849243164,-25.711755752563477,-29.61358642578125
9342,92,170,30,359,170,30,34,44,-0.681103527545929,-0.33083006739616394,-0.8933398723602295,10.691373825073242,-16.643054962158203,-17.2777099609375
9343,59,170,30,291,170,30,33,29,-0.680126965045929,-0.40211912989616394,-0.6584765911102295,-6.835343360900879,-16.734657287597656,-5.491450309753418
9344,16,170,30,172,170,30,39,159,-0.624707043170929,-0.49025389552116394,-0.6648242473602295,44.09595489501953,64.37984466552734,-50.789161682128906
9345,4,170,30,86,170,30,42,81,-0.527783215045929,-0.8562207221984863,-0.8327929973602295,31.21045684814453,33.02106857299805,-16.987632751464844
9346,0,170,30,46,170,30,39,65,-0.49580079317092896,-0.24269531667232513,-0.6384570598602295,-0.10251903533935547,-14.490381240844727,50.432212829589844
9347,0,170,30,35,170,30,34,86,-0.31611329317092896,-0.7531933784484863,-0.6474902629852295,-8.850610733032227,-56.780460357666016,20.90549659729004
9348,0,170,30,29,170,30,31,81,-0.950390636920929,-0.18117187917232513,-0.7099902629852295,-24.23992347717285,6.166106700897217,51.19557189941406
9349,0,170,30,26,170,30,32,23,-0.620312511920929,-0.5432324409484863,-0.7229297161102295,-9.354427337646484,2.2882442474365234,11.378779411315918
9350,0,170,30,20,170,30,33,24,-0.575390636920929,-0.5542187690734863,-0.6797168254852295,-14.392594337463379,-1.6506869792938232,8.279541969299316
9351,0,170,30,22,170,30,33,41,-0.650341808795929,-0.42946287989616394,-0.6975390911102295,-16.5910701751709,-12.9941987991333,12.004733085632324
9352,11,170,30,42,170,30,34,15,-0.653515636920929,-0.46486327052116394,-0.6304004192352295,-8.71320629119873,5.066870212554932,1.561984658241272
9353,48,170,30,102,170,30,34,128,-0.682812511920929,-0.44557616114616394,-0.2615039050579071,47.17992401123047,-40.001834869384766,-41.0792350769043
9354,74,170,30,175,170,30,33,6,-0.569775402545929,-0.5544629096984863,-0.4839160144329071,-2.1330535411834717,2.196641206741333,1.8520610332489014
9355,40,170,30,158,170,30,34,98,-0.876171886920929,-0.44704100489616394,-0.3222949206829071,30.61503791809082,23.784425735473633,-44.270076751708984
9356,10,170,30,103,170,30,40,132,-0.504589855670929,-0.6975293159484863,-0.7209765911102295,36.7677116394043,51.06686782836914,-44.48381805419922
9357,2,170,30,74,170,30,41,65,-0.49677735567092896,-0.5454297065734863,-0.5632617473602295,8.233358383178711,21.082136154174805,36.00473403930664
9358,0,170,30,61,170,30,37,68,-0.30073243379592896,-0.6821484565734863,-0.6636035442352295,8.950916290283203,-33.66595458984375,25.836793899536133
9359,0,170,30,52,170,30,34,59,-0.614208996295929,-0.28786131739616394,-0.6421191692352295,24.599769592285156,-6.078167915344238,-28.6212215423584
9360,0,170,30,46,170,30,35,26,-0.550000011920929,-0.5537304878234863,-0.6553027629852295,-12.606335639953613,3.6164886951446533,9.897863388061523
9361,0,170,30,36,170,30,34,34,-0.680859386920929,-0.47194334864616394,-0.6699512004852295,-7.461297035217285,-23.14687156677246,4.065801620483398
9362,12,170,30,44,170,30,35,22,-0.632031261920929,-0.45778319239616394,-0.6286914348602295,-15.705573081970215,7.158473491668701,-0.1326717585325241
9363,41,170,30,87,170,30,35,10,-0.692822277545929,-0.5923047065734863,-0.4868457019329071,5.683740615844727,0.5172518491744995,-4.743358612060547
9364,69,170,30,157,170,30,34,15,-0.673779308795929,-0.45583006739616394,-0.6494433879852295,2.4012975692749023,-7.00946569442749,-6.529618263244629
9365,80,170,30,191,170,30,34,12,-0.663769543170929,-0.48732420802116394,-0.6308887004852295,2.1570229530334473,-5.177404403686523,-5.659389495849609
9366,29,170,30,119,170,30,40,246,-0.704296886920929,-0.6259961128234863,-0.6150195598602295,63.637939453125,93.87602996826172,-88.63648986816406
9367,8,170,30,52,170,30,46,148,-0.12519530951976776,-0.9011425971984863,-0.7334277629852295,-25.690305709838867,86.25770568847656,-36.651756286621094
9368,2,170,30,22,170,30,38,124,0.05961913987994194,-0.5097851753234863,-0.7820117473602295,26.920381546020508,-64.42931365966797,33.271907806396484
9369,0,170,30,8,170,30,31,242,-0.977978527545929,-0.7070508003234863,-0.7031543254852295,-71.2933578491211,-36.36824417114258,134.67649841308594
9370,0,170,30,2,170,30,36,273,-0.989697277545929,-0.07082031667232513,-0.8308398723602295,-66.74373626708984,58.74625778198242,147.77572631835938
9371,0,170,30,2,170,30,39,161,0.00712890550494194,-0.28786131739616394,-0.8161914348602295,-6.209388732910156,25.31114387512207,130.1268768310547
9372,0,170,30,3,170,30,32,199,-0.732617199420929,0.37571290135383606,-0.8447558879852295,-46.45366287231445,-63.75756072998047,-89.3082504272461
9373,0,170,30,3,170,30,30,239,-0.509960949420929,0.19382812082767487,-0.4182421863079071,70.38603210449219,-13.223206520080566,-155.90365600585938
9374,0,170,30,5,170,30,33,251,-0.575878918170929,-0.7407422065734863,-0.4656054675579071,96.37076568603516,23.63175392150879,-131.8578643798828
9375,0,170,30,9,170,30,36,120,-0.796093761920929,-0.8606152534484863,-0.7302539348602295,58.99671936035156,43.69282531738281,-17.67465591430664
9376,0,170,30,15,170,30,38,176,-0.758007824420929,0.27634766697883606,-0.5046679973602295,-93.11015319824219,73.89129638671875,9.638320922851562
9377,0,170,30,15,170,30,35,37,-0.781201183795929,-0.8772168159484863,-0.7153613567352295,23.561601638793945,-2.795725107192993,10.905496597290039
9378,0,170,30,19,170,30,35,21,-0.651806652545929,-0.5520215034484863,-0.5984179973602295,-14.346793174743652,-2.7193892002105713,3.974198341369629
9379,0,170,30,20,170,30,34,58,-0.658886730670929,-0.5891308784484863,-0.5498340129852295,-17.12541961669922,-14.749923706054688,26.90549659729004
9380,17,170,30,36,170,30,36,69,-0.705029308795929,-0.5381054878234863,-0.5793750286102295,-42.39259338378906,14.196640968322754,12.676488876342773
9381,54,170,30,126,170,30,36,47,-0.36909180879592896,-0.41334959864616394,-0.5893847942352295,36.87458038330078,-10.06290054321289,-0.3311450183391571
9382,80,170,30,255,170,30,36,38,-0.706005871295929,-0.5986523628234863,-0.5176074504852295,25.668472290039062,-9.681221008300781,2.859694719314575
9383,104,170,30,408,170,30,36,28,-0.799267590045929,-0.5127148628234863,-0.7195117473602295,4.157022953033447,-12.276640892028809,11.85206127166748
9384,107,170,30,506,170,30,37,34,-0.645947277545929,-0.5615429878234863,-0.4179980456829071,12.99671745300293,-7.711755752563477,13.974199295043945
9385,37,170,30,403,170,30,41,155,-0.867382824420929,-0.43410155177116394,-0.5891406536102295,30.279159545898438,56.01343536376953,-68.91130065917969
9387,11,170,30,207,170,30,42,42,-0.42402344942092896,-0.7568554878234863,-0.3198535144329071,20.645572662353516,-10.64305305480957,11.042901039123535
9388,2,170,30,89,170,30,38,14,-0.590771496295929,-0.8271679878234863,-0.3752734363079071,2.1417555809020996,-8.078167915344238,3.8062596321105957
9389,0,170,30,40,170,30,38,74,-0.44794923067092896,-0.6162304878234863,-0.5547168254852295,-39.4765625,5.906564712524414,-29.354045867919922
9390,0,170,30,23,170,30,38,43,-0.534863293170929,-0.6216015815734863,-0.5466601848602295,-5.87351131439209,-14.520915985107422,-23.384580612182617
9391,0,170,30,21,170,30,35,109,-0.633740246295929,-0.5725293159484863,-0.6181933879852295,-37.27809143066406,-27.589618682861328,44.35587692260742
9392,14,170,30,30,170,30,37,74,-0.827587902545929,-0.5818066596984863,-0.5781543254852295,-52.652137756347656,6.501984596252441,15.607787132263184
9393,40,170,30,112,170,30,36,39,-0.524853527545929,-0.46291014552116394,-0.5840137004852295,23.088319778442383,-15.620152473449707,0.4932824671268463
9394,56,170,30,209,170,30,36,30,-0.832958996295929,-0.49049803614616394,-0.5276172161102295,-15.110152244567871,-5.58961820602417,9.531451225280762
9395,26,170,30,181,170,30,39,199,-0.815136730670929,-0.36574217677116394,-0.7336719036102295,42.73717498779297,83.00579833984375,-73.84259796142578
9396,7,170,30,76,170,30,44,93,-0.521679699420929,-0.7033886909484863,-0.6274707317352295,44.691375732421875,31.082136154174805,-17.384580612182617
9397,2,170,30,27,170,30,42,23,-0.41328126192092896,-0.5503125190734863,-0.5097949504852295,3.1035878658294678,-12.520915985107422,8.203207015991211
9398,0,170,30,9,170,30,37,75,-0.518994152545929,-0.5725293159484863,-0.7500293254852295,-40.529998779296875,-16.917863845825195,-18.544885635375977
9399,0,170,30,3,170,30,34,94,-0.785107433795929,-0.9511914253234863,-0.8069140911102295,-21.537633895874023,-36.261375427246094,37.14977264404297
9400,0,170,30,3,170,30,33,78,-0.529003918170929,-0.6257519721984863,-0.6914355754852295,-10.194122314453125,-34.35297775268555,33.455116271972656
9401,23,170,30,11,170,30,33,35,-0.841259777545929,-0.43166014552116394,-0.6001269817352295,25.103586196899414,-8.276640892028809,2.1726717948913574
9402,45,170,30,73,170,30,33,12,-0.48505860567092896,-0.5251660346984863,-0.5915820598602295,6.782977104187012,-1.3453435897827148,4.661221504211426
9403,77,170,30,237,170,30,34,4,-0.49995118379592896,-0.5534863471984863,-0.4841601550579071,-1.4460303783416748,-0.7193893790245056,2.752824306488037
9404,91,170,30,384,170,30,35,14,-0.696972668170929,-0.5598340034484863,-0.5945117473602295,-6.65213680267334,-5.101068496704102,3.1955726146698
9405,30,170,30,335,170,30,41,274,-0.748486340045929,-0.5996289253234863,-0.5757129192352295,62.61503982543945,102.6241226196289,-109.50672149658203
9406,9,170,30,150,170,30,45,94,-0.29145509004592896,-0.7339062690734863,-0.5281054973602295,35.347862243652344,29.860761642456055,29.073434829711914
9407,2,170,30,59,170,30,38,48,-0.24409179389476776,-0.7187695503234863,-0.4819628894329071,-16.92694664001465,-29.14687156677246,2.645954132080078
9408,0,170,30,28,170,30,31,135,-1.2003905773162842,-1.3508496284484863,-0.7988574504852295,-11.736106872558594,-57.7728271484375,65.59251403808594
9409,0,170,30,23,170,30,32,42,-0.526074230670929,-0.7175488471984863,-0.5642383098602295,3.8974809646606445,-24.994199752807617,13.867328643798828
9410,0,170,30,27,170,30,31,86,-0.753125011920929,-0.44777342677116394,-0.2812792956829071,-18.62160301208496,-19.681222915649414,48.46274948120117
9411,29,170,30,73,170,30,34,46,-0.805859386920929,-0.6762890815734863,-0.6330859661102295,-23.4612979888916,-0.9025954604148865,22.569618225097656
9412,72,170,30,240,170,30,35,17,-0.649609386920929,-0.43581053614616394,-0.6045215129852295,5.210457801818848,-1.482748031616211,10.462748527526855
9413,86,170,30,401,170,30,35,16,-0.691845715045929,-0.5210156440734863,-0.5051562786102295,1.5463359355926514,-11.452213287353516,3.729923725128174
9414,29,170,30,412,170,30,38,103,-0.814892590045929,-0.7495312690734863,-0.4367968738079071,24.462366104125977,37.57068634033203,-41.36931228637695
9415,8,170,30,250,170,30,43,61,-0.45991212129592896,-0.6164746284484863,-0.5161426067352295,2.8898472785949707,35.02106857299805,24.020000457763672
9416,2,170,30,135,170,30,41,23,-0.42036134004592896,-0.6924023628234863,-0.6299121379852295,2.767709970474243,0.25770992040634155,-20.300609588623047
9417,0,170,30,69,170,30,38,25,-0.726513683795929,-0.40211912989616394,-0.6103808879852295,-8.896411895751953,-15.788090705871582,-0.9265649318695068
9418,0,170,30,42,170,30,35,107,-0.691845715045929,-0.5537304878234863,-0.5710742473602295,14.233359336853027,-52.673587799072266,40.52381896972656
9419,12,170,30,70,170,30,35,21,-0.706738293170929,-0.6162304878234863,-0.5063769817352295,-1.5070993900299072,11.799695014953613,8.52381706237793
9420,66,170,30,262,170,30,37,10,-0.762646496295929,-0.42946287989616394,-0.5266406536102295,-1.5529005527496338,-1.7880916595458984,6.7222900390625
9421,104,170,30,470,170,30,37,25,-0.632275402545929,-0.47438475489616394,-0.5871875286102295,8.431832313537598,-10.383511543273926,6.325343608856201
9422,94,170,30,633,170,30,38,29,-0.704785168170929,-0.48854491114616394,-0.5771777629852295,-9.232290267944336,-18.215574264526367,-2.392213821411133
9423,30,170,30,711,170,30,41,151,-0.680615246295929,-0.5805859565734863,-0.4946582019329071,41.851680755615234,44.929466247558594,-64.27008056640625
9424,8,170,30,638,170,30,44,147,-0.43208009004592896,-0.9409375190734863,-0.6116015911102295,-8.300992012023926,59.06686782836914,-80.49908447265625
9425,1,170,30,348,170,30,40,82,-0.12031249701976776,-0.7517285346984863,-0.6189258098602295,-30.10251808166504,-14.688855171203613,-37.64412307739258
9426,0,170,30,130,170,30,33,35,-0.48237305879592896,-0.5088086128234863,-0.5786426067352295,-32.7895393371582,-3.0399999618530273,-0.07160305976867676
9427,0,170,30,42,170,30,31,116,-0.689160168170929,-0.5859570503234863,-0.6235644817352295,-20.453664779663086,-26.87206268310547,69.04290008544922
9428,0,170,30,14,170,30,31,43,-0.668896496295929,-0.7072949409484863,-0.4053027331829071,-7.766640663146973,-28.337711334228516,7.424580097198486
9429,0,170,30,18,170,30,29,77,-0.596142590045929,-0.5273633003234863,-0.7385547161102295,34.5081672668457,-33.80335998535156,-8.911296844482422
9430,0,170,30,62,170,30,26,100,-0.736035168170929,-0.5166211128234863,-0.5256640911102295,32.34022903442383,-33.52854919433594,-34.3922119140625
9431,0,170,30,137,170,30,27,45,-0.614697277545929,-0.6550488471984863,-0.5007617473602295,-11.98038101196289,-13.345343589782715,19.806259155273438
9432,0,170,30,199,170,30,29,26,-0.599804699420929,-0.6838574409484863,-0.4726855456829071,-2.8506104946136475,-14.459847450256348,8.890229225158691
9433,28,170,30,234,170,30,32,73,-0.662792980670929,-0.7314648628234863,-0.4233691394329071,-15.018549919128418,46.2424430847168,12.355877876281738
9434,76,170,30,201,170,30,39,116,-0.640576183795929,-0.44118162989616394,-0.7417285442352295,-63.79717254638672,34.34931182861328,18.34061050415039
9435,91,170,30,257,170,30,41,45,-0.848828136920929,-0.6855664253234863,-0.6125781536102295,25.8516788482666,-1.9254961013793945,18.12687110900879
9436,102,170,30,458,170,30,39,98,-0.713085949420929,-0.5727734565734863,-1.1059863567352295,41.042518615722656,-50.337711334228516,-6.880763530731201
9437,116,170,30,693,170,30,37,23,-0.679150402545929,-0.49513670802116394,-0.2827441394329071,-13.613968849182129,6.898931503295898,2.6306869983673096
9438,127,170,30,741,170,30,36,24,-0.46552735567092896,-0.7224316596984863,-0.4280078113079071,-13.155953407287598,-2.627786159515381,-9.033434867858887
9439,123,170,30,610,170,30,38,32,-0.708203136920929,-0.5454297065734863,-0.5696094036102295,25.424198150634766,-4.185038089752197,-3.2624428272247314
9440,44,170,30,383,170,30,42,209,-0.737011730670929,-0.6196484565734863,-0.4365527331829071,52.569236755371094,55.738624572753906,-100.69756317138672
9441,13,170,30,205,170,30,46,93,-0.525341808795929,-0.7195019721984863,-0.4812304675579071,-17.354427337646484,50.166107177734375,-26.331144332885742
9442,4,170,30,99,170,30,43,58,-0.15131835639476776,-0.40822264552116394,-0.6660449504852295,15.118855476379395,15.982900619506836,-27.827327728271484
9443,0,170,30,54,170,30,36,116,-0.715283215045929,-0.6145215034484863,-0.7478320598602295,-50.1177864074707,-28.30717658996582,-37.59832000732422
9444,0,170,30,85,170,30,35,50,-0.837841808795929,-0.36598631739616394,-0.8242480754852295,11.1951904296875,8.440916061401367,-31.01816749572754
9445,0,170,30,260,170,30,32,52,-0.775097668170929,-0.37331053614616394,-0.6687304973602295,-22.468931198120117,-28.169771194458008,-1.5983206033706665
9446,0,170,30,432,170,30,31,99,-0.519482433795929,-0.6345410346984863,-0.6113574504852295,-29.84297752380371,-30.04763412475586,39.287174224853516
9447,3,170,30,554,170,30,32,155,-0.706250011920929,-0.7297558784484863,-0.7961719036102295,-87.64450073242188,43.03633499145508,25.241374969482422
9448,59,170,30,555,170,30,35,79,-0.643261730670929,-0.47218748927116394,-0.6618945598602295,-38.087249755859375,24.65465545654297,16.874961853027344
9449,89,170,30,539,170,30,38,53,-0.780957043170929,0.015117187052965164,-0.8064258098602295,-14.682671546936035,16.425647735595703,22.187938690185547
9450,88,170,30,595,170,30,39,97,-0.836376965045929,-0.6416211128234863,-0.6306445598602295,61.790611267089844,2.883664131164551,32.676490783691406
9451,87,170,30,706,170,30,39,29,-0.861523449420929,-0.45265623927116394,-0.8606250286102295,20.73717498779297,-3.2842745780944824,5.546717643737793
9452,99,170,30,852,170,30,37,56,-0.539013683795929,-0.5229687690734863,-0.7114551067352295,19.01198387145996,-22.8873291015625,-14.54488468170166
9453,122,170,30,942,170,30,34,41,-0.548291027545929,-0.46535155177116394,-0.8010547161102295,11.225725173950195,-13.66595458984375,-16.89603042602539
9454,127,170,30,846,170,30,36,62,-0.925732433795929,-0.49123045802116394,-0.6772754192352295,-28.087251663208008,22.776792526245117,12.126871109008789
9455,119,170,30,739,170,30,38,16,-0.699902355670929,-0.37526366114616394,-0.6931445598602295,-10.362060546875,0.6851907968521118,-5.1861066818237305
9456,45,170,30,611,170,30,42,234,-0.808056652545929,-0.31520506739616394,-0.5630176067352295,80.32496643066406,81.555419921875,-72.2090072631836
9457,13,170,30,458,170,30,46,130,-0.518505871295929,-1.0490918159484863,-0.7429492473602295,30.61503791809082,59.08213806152344,-40.56015396118164
9458,4,170,30,262,170,30,45,159,-0.13984374701976776,-0.7490429878234863,-0.5903613567352295,-54.988014221191406,-11.345343589782715,93.07343292236328
9459,0,170,30,125,170,30,37,135,-0.27412110567092896,-0.5949902534484863,-0.9590137004852295,-35.00328063964844,-56.82625961303711,43.8520622253418
9460,0,170,30,69,170,30,32,88,-0.572949230670929,-0.33986327052116394,-0.6697070598602295,-32.209388732910156,-40.36824417114258,16.035266876220703
9461,0,170,30,66,170,30,32,88,-0.519482433795929,-0.5163769721984863,-0.8996875286102295,61.68374252319336,-16.398778915405273,10.310076713562012
9462,0,170,30,148,170,30,28,43,-0.873486340045929,-0.22804687917232513,-0.5124804973602295,-5.8887786865234375,-24.68885612487793,13.378779411315918
9463,36,170,30,236,170,30,31,33,-0.720166027545929,-0.48268553614616394,-0.6675097942352295,-19.812442779541016,13.082137107849121,-0.6059542298316956
9464,84,170,30,237,170,30,34,36,-0.705029308795929,-0.31642577052116394,-0.6950976848602295,-3.4307634830474854,21.418014526367188,11.516183853149414
9465,91,170,30,244,170,30,37,68,-0.724560558795929,-0.35524412989616394,-0.7314746379852295,48.40129852294922,1.234809160232544,18.432214736938477
9466,83,170,30,360,170,30,36,66,-0.720166027545929,-0.5029492378234863,-0.6128222942352295,42.46236801147461,-17.818626403808594,-6.544885635375977
9467,86,170,30,545,170,30,34,82,-0.708935558795929,-0.42335936427116394,-0.1494433581829071,23.31732749938965,-32.8873291015625,-26.285343170166016
9468,95,170,30,673,170,30,34,17,-0.647412121295929,-0.44264647364616394,-0.4614550769329071,-9.384961128234863,-3.9865646362304688,-3.888396978378296
9470,93,170,30,591,170,30,36,9,-0.677929699420929,-0.47243162989616394,-0.6113574504852295,2.7219085693359375,6.166106700897217,-0.31587785482406616
9471,48,170,30,425,170,30,39,149,-0.925732433795929,-0.22511719167232513,-0.5888965129852295,36.06542205810547,40.79206085205078,-73.10977172851562
9472,14,170,30,284,170,30,42,100,-0.35834962129592896,-0.8266797065734863,-0.5764453411102295,21.912748336791992,13.280611038208008,-65.78153228759766
9473,3,170,30,155,170,30,37,193,-0.627148449420929,-0.5551953315734863,-0.6006152629852295,-59.01854705810547,-5.543816566467285,129.0734405517578
9474,0,170,30,84,170,30,37,61,-0.47846680879592896,-0.5095410346984863,-0.6797168254852295,-31.949846267700195,-16.10870361328125,13.638320922851562
9475,0,170,30,62,170,30,34,61,-0.529248058795929,-0.5503125190734863,-0.6094043254852295,11.668473243713379,-42.58198547363281,7.042900562286377
9476,0,170,30,82,170,30,34,55,-0.730175793170929,-0.6120800971984863,-0.6687304973602295,50.5081672668457,-4.765190601348877,0.06580153107643127
9477,0,170,30,176,170,30,32,56,-0.692578136920929,-0.5527539253234863,-0.4717089831829071,26.004350662231445,-18.856794357299805,-11.613587379455566
9478,0,170,30,298,170,30,30,43,-0.937939465045929,-0.6247754096984863,-0.4421679675579071,-38.33152389526367,3.1890077590942383,-2.056335926055908
9479,46,170,30,328,170,30,37,184,-0.765332043170929,-0.43166014552116394,-0.5198047161102295,-56.39259338378906,92.77679443359375,35.43984603881836
9480,71,170,30,349,170,30,41,58,-0.676220715045929,-0.5930371284484863,-0.4419238269329071,5.56160306930542,24.33404541015625,28.218473434448242
9481,81,170,30,569,170,30,41,70,-0.543652355670929,-0.43971678614616394,-0.3808886706829071,43.98908615112305,-15.788090705871582,11.10396957397461
9482,101,170,30,852,170,30,37,61,-0.772167980670929,-0.5803418159484863,-0.6142871379852295,8.50816822052002,-36.62778854370117,-16.346412658691406
9483,113,170,30,1027,170,30,36,42,-0.692089855670929,-0.47975584864616394,-0.7695605754852295,2.6913740634918213,-23.7880916595459,-16.025800704956055
9484,115,170,30,1039,170,30,36,33,-0.642041027545929,-0.5085644721984863,-0.6216113567352295,-19.675039291381836,-4.261373996734619,-10.010534286499023
9485,121,170,30,925,170,30,38,42,-0.693798840045929,-0.47975584864616394,-0.4140917956829071,-4.774274826049805,27.555418014526367,10.43221378326416
9486,56,170,30,721,170,30,41,113,-0.878125011920929,-0.36305662989616394,-0.5425097942352295,20.111221313476562,43.92183303833008,-49.903663635253906
9487,17,170,30,485,170,30,43,86,-0.533154308795929,-0.7795605659484863,-0.5818164348602295,10.813511848449707,1.6164884567260742,-73.81206512451172
9488,5,170,30,261,170,30,41,85,-0.514599621295929,-0.38405272364616394,-0.5007617473602295,-27.079618453979492,3.0363359451293945,55.30244445800781
9489,0,170,30,149,170,30,40,33,-0.49335938692092896,-0.7002148628234863,-0.6750781536102295,-18.102519989013672,1.2042747735977173,13.699389457702637
9490,0,170,30,125,170,30,37,70,-0.738964855670929,-0.46364256739616394,-0.5115039348602295,5.424198627471924,-48.8873291015625,15.699389457702637
9491,0,170,30,174,170,30,35,34,-0.506787121295929,-0.6262402534484863,-0.6919238567352295,-11.797175407409668,-17.513282775878906,4.905496120452881
9492,0,170,30,225,170,30,35,11,-0.656445324420929,-0.5544629096984863,-0.5725390911102295,8.767709732055664,-2.0781679153442383,0.478015273809433
9493,0,170,30,259,170,30,34,40,-0.693798840045929,-0.5649609565734863,-0.5054004192352295,-1.369694471359253,-21.391145706176758,17.68412208557129
9494,14,170,30,297,170,30,35,22,-0.656689465045929,-0.6333203315734863,-0.4626757800579071,12.737175941467285,6.379847526550293,-3.063969373703003
9495,58,170,30,280,170,30,39,80,-0.41010743379592896,-0.6311230659484863,-0.5845019817352295,34.15702438354492,33.1126708984375,12.936031341552734
9496,80,170,30,269,170,30,43,36,-0.772900402545929,-0.6338086128234863,-0.6218554973602295,-2.4536640644073486,16.761526107788086,17.1650390625
9497,87,170,30,386,170,30,43,29,-0.532421886920929,-0.5007519721984863,-0.4878222644329071,20.63030433654785,-3.2537403106689453,5.836793899536133
9498,98,170,30,552,170,30,42,36,-0.673779308795929,-0.6181836128234863,-0.2832324206829071,11.760076522827148,-19.101070404052734,-5.201374053955078
9499,105,170,30,704,170,30,40,50,-0.731884777545929,-0.48439452052116394,-0.8540332317352295,0.844045877456665,-34.96366500854492,-15.063968658447266
9500,101,170,30,803,170,30,40,8,-0.738720715045929,-0.6540722846984863,-0.0986621081829071,-4.820075988769531,-1.9865648746490479,2.1268701553344727
9501,93,170,30,827,170,30,40,5,-0.687939465045929,-0.5976758003234863,-0.4360644519329071,2.5387022495269775,1.6775572299957275,-1.4609160423278809
9502,94,170,30,770,170,30,41,7,-0.758496105670929,-0.5412793159484863,-0.4729296863079071,2.6761069297790527,3.8912978172302246,0.9360305070877075
9503,93,170,30,701,170,30,42,7,-0.749218761920929,-0.5425000190734863,-0.4841601550579071,-6.178854942321777,-1.1774046421051025,-0.2548091411590576
9504,79,170,30,646,170,30,42,4,-0.716503918170929,-0.5891308784484863,-0.4509570300579071,3.0730533599853516,-0.24610692262649536,1.5009160041809082
9505,51,170,30,583,170,30,43,21,-0.766308605670929,-0.5085644721984863,-0.5830371379852295,-16.697938919067383,-3.192671775817871,-1.3693130016326904
9506,17,170,30,440,170,30,49,260,-0.43061524629592896,-0.8457226753234863,-0.4580371081829071,50.14175796508789,89.95236206054688,-120.77389526367188
9507,4,170,30,224,170,30,53,237,-0.13984374701976776,-1.1416211128234863,-0.6889941692352295,-27.12541961669922,112.4103775024414,-97.91893768310547
9508,0,170,30,88,170,30,49,113,-0.03779296949505806,-0.7048535346984863,-0.5608203411102295,-52.23992156982422,34.19664001464844,-26.6212215423584
9509,0,170,30,28,170,30,37,141,-0.05854492262005806,-0.7453808784484863,-0.7165820598602295,10.874580383300781,-95.2842788696289,35.012367248535156
9510,0,170,30,5,170,30,24,163,-0.669140636920929,-0.28615233302116394,-0.4775683581829071,7.760076522827148,-60.6430549621582,94.9512939453125
9511,0,170,30,0,170,30,27,41,-0.783398449420929,-0.49831053614616394,-0.2859179675579071,22.309694290161133,15.372213363647461,-3.9036641120910645
9512,0,170,30,0,170,30,36,135,-0.632275402545929,-0.19142578542232513,-0.6389453411102295,39.011985778808594,64.6241226196289,31.439847946166992
9513,0,170,30,0,170,30,34,109,-0.05488281324505806,-0.47731444239616394,-0.2046191394329071,86.49290466308594,-10.856793403625488,12.020000457763672
9514,0,170,30,0,170,30,35,68,-0.728955090045929,-0.6565136909484863,-0.5080859661102295,42.966182708740234,-4.581984519958496,-20.987632751464844
9515,0,170,30,0,170,30,34,65,-0.768505871295929,-0.5041699409484863,-0.4663378894329071,-14.010916709899902,-7.711755752563477,43.94366455078125
9516,0,170,30,0,170,30,35,27,-0.662304699420929,-0.5952343940734863,-0.4719531238079071,0.32496190071105957,-3.452213764190674,23.8215274810791
9517,31,170,30,7,170,30,38,19,-0.712841808795929,-0.6125683784484863,-0.3974902331829071,-5.644503593444824,10.517251968383789,3.6688549518585205
9518,90,170,30,50,170,30,36,80,-0.730175793170929,-0.6743359565734863,-0.2639453113079071,3.7906107902526855,-51.330078125,-25.781526565551758
9519,97,170,30,45,170,30,33,27,-0.681591808795929,-0.5483593940734863,-0.2431933581829071,-5.980381011962891,-14.261374473571777,-7.201374053955078
9520,30,170,30,10,170,30,39,150,-0.635937511920929,-0.6892285346984863,-0.3652636706829071,48.40129852294922,57.41801452636719,-44.30060958862305
9521,9,170,30,0,170,30,40,24,-0.658642590045929,-0.7434277534484863,-0.3479296863079071,-4.774274826049805,1.036335825920105,18.294809341430664
9522,2,170,30,0,170,30,39,77,-0.658642590045929,-0.7082715034484863,-0.3086230456829071,-0.8811452388763428,-26.261375427246094,50.37114715576172
9523,35,170,30,0,170,30,40,31,-0.871777355670929,-0.7329297065734863,-0.2881152331829071,18.645572662353516,-7.101068496704102,6.126870155334473
9524,99,170,30,33,170,30,39,45,-0.700634777545929,-0.7729687690734863,-0.2458789050579071,25.485265731811523,1.051603078842163,18.829160690307617
9525,125,170,30,161,170,30,40,28,-0.784863293170929,-0.7756543159484863,-0.2002246081829071,13.576870918273926,-4.795725345611572,10.539084434509277
9527,88,170,30,240,170,30,41,32,-0.745312511920929,-0.6582226753234863,-0.2571093738079071,-18.697938919067383,-12.429312705993652,-1.4914504289627075
9528,26,170,30,144,170,30,45,272,-0.535107433795929,-0.8020215034484863,-0.2099902331829071,85.28679656982422,25.05160140991211,-162.49908447265625
9529,9,170,30,41,170,30,41,67,-0.33369141817092896,-1.0529980659484863,-0.044707030057907104,-30.98801612854004,-26.139238357543945,10.737557411193848
9530,2,170,30,5,170,30,38,82,-0.540966808795929,-0.7226758003234863,-0.2356249988079071,-31.262826919555664,-9.101068496704102,41.68412399291992
9531,0,170,30,0,170,30,35,86,-0.42768555879592896,-0.8752636909484863,-0.3179003894329071,-43.82770919799805,-11.207939147949219,31.92839813232422
9532,0,170,30,0,170,30,38,43,-0.735546886920929,-0.6584668159484863,-0.2912890613079071,10.920381546020508,23.402748107910156,-9.552518844604492
9533,0,170,30,0,170,30,38,89,-0.787304699420929,-0.5161328315734863,-0.4353320300579071,-39.44602966308594,5.799694538116455,44.615421295166016
9534,1,170,30,0,170,30,40,113,-1.7348144054412842,0.5998339653015137,0.3495800793170929,-76.88114166259766,18.959999084472656,17.592519760131836
9535,39,170,30,0,170,30,39,127,-0.727246105670929,-0.6010937690734863,-0.4819628894329071,31.912748336791992,-69.3758773803711,-26.37694549560547
9536,76,170,30,0,170,30,34,68,-0.766796886920929,-0.48048827052116394,-0.2629687488079071,19.363128662109375,-41.055267333984375,-8.224274635314941
9537,32,170,30,0,170,30,36,101,-0.778271496295929,-0.6040234565734863,-0.3652636706829071,25.240991592407227,28.227174758911133,-47.79679489135742
9538,8,170,30,0,170,30,40,51,-0.646435558795929,-0.7185254096984863,-0.3069140613079071,-10.194122314453125,35.005802154541016,-6.193740367889404
9539,1,170,30,0,170,30,41,32,-0.590527355670929,-0.7478222846984863,-0.2998339831829071,-2.9574806690216064,0.8531297445297241,28.32534408569336
9540,6,170,30,0,170,30,41,89,-0.910107433795929,-0.7729687690734863,-0.2575976550579071,-62.37732696533203,21.87602996826172,5.561984539031982
9541,45,170,30,0,170,30,43,40,-1.0956542491912842,-0.8354687690734863,-0.4577929675579071,-24.42313003540039,1.8149617910385132,13.85206127166748
9542,100,170,30,51,170,30,42,94,-0.49018555879592896,-0.30373045802116394,-0.6638476848602295,52.2791633605957,-37.97129821777344,4.493282318115234
9543,134,170,30,180,170,30,41,15,-0.740185558795929,-0.6692090034484863,-0.3144824206829071,3.6074047088623047,-6.902595520019531,4.493282318115234
9544,84,170,30,178,170,30,41,114,-1.1737792491912842,-0.25148436427116394,-0.013945313170552254,24.523433685302734,3.799694776535034,-85.88839721679688
9545,26,170,30,63,170,30,45,136,-0.43134766817092896,-0.9680371284484863,-0.3017871081829071,-15.537632942199707,41.75389099121094,-78.8655014038086
9546,8,170,30,12,170,30,45,113,-0.42011719942092896,-0.7229199409484863,-0.4748828113079071,-56.071983337402344,24.4561824798584,32.85969543457031
9547,2,170,30,0,170,30,39,68,-0.36567384004592896,-0.6076855659484863,-0.4514453113079071,-11.522366523742676,-41.29954147338867,15.531451225280762
9548,0,170,30,0,170,30,32,327,-1.1430175304412842,-0.9013867378234863,-0.4284960925579071,-184.91168212890625,-26.70412254333496,116.00473022460938
9549,0,170,30,0,170,30,34,79,-0.536083996295929,-0.7771191596984863,-0.4951464831829071,65.74481201171875,-10.230839729309082,-3.995267391204834
9550,0,170,30,0,170,30,33,12,-0.813916027545929,-0.40846678614616394,-0.5403125286102295,-0.514732837677002,-10.612519264221191,-1.8273282051086426
9551,0,170,30,0,170,30,33,112,-0.606884777545929,-0.6836133003234863,-0.4258105456829071,-46.01091384887695,-9.498015403747559,56.676490783691406
9552,0,170,30,8,170,30,35,22,-0.588574230670929,-0.7383008003234863,-0.4414355456829071,3.3173282146453857,-0.30717557668685913,18.890230178833008
9553,10,170,30,19,170,30,37,20,-0.678417980670929,-0.6037793159484863,-0.3994433581829071,13.363129615783691,6.043969631195068,1.1192365884780884
9554,48,170,30,74,170,30,37,45,-0.715039074420929,-0.5200390815734863,-0.8083789348602295,-4.911679267883301,-23.894962310791016,-17.186105728149414
9555,96,170,30,118,170,30,34,71,-0.679394543170929,-0.37941405177116394,-0.4817187488079071,13.958549499511719,-39.055267333984375,-18.163206100463867
9556,56,170,30,67,170,30,35,59,-0.836865246295929,-0.47560545802116394,-0.1772753894329071,-11.720839500427246,39.09740447998047,-9.018167495727539
9557,17,170,30,19,170,30,39,33,-0.534863293170929,-0.7839550971984863,-0.3899218738079071,16.569236755371094,13.570687294006348,-3.857862710952759
9558,4,170,30,4,170,30,39,26,-0.632519543170929,-0.7151074409484863,-0.3445117175579071,-3.6597707271575928,5.494351387023926,17.516183853149414
9559,0,170,30,0,170,30,40,13,-0.725048840045929,-0.6216015815734863,-0.4131152331829071,6.645572662353516,3.127938985824585,-3.705190896987915
9560,0,170,30,0,170,30,40,4,-0.675244152545929,-0.6467480659484863,-0.4162890613079071,1.027251958847046,2.547786235809326,1.226106882095337
9561,0,170,30,0,170,30,40,12,-0.689160168170929,-0.6377148628234863,-0.4087207019329071,-3.720839738845825,-0.3377099633216858,8.355877876281738
9562,4,170,30,0,170,30,41,20,-0.684521496295929,-0.6467480659484863,-0.3545214831829071,-13.400229454040527,4.517251968383789,2.936030626296997
9563,24,170,30,5,170,30,41,24,-0.631542980670929,-0.6150097846984863,-0.4050585925579071,-16.28572654724121,3.7844274044036865,4.035267353057861
9564,48,170,30,34,170,30,42,10,-0.704052746295929,-0.5617871284484863,-0.4853808581829071,-3.232290029525757,-0.18503814935684204,7.226106643676758
9565,68,170,30,77,170,30,42,10,-0.695751965045929,-0.6133008003234863,-0.4087207019329071,3.5463359355926514,-1.3300762176513672,5.9589314460754395
9566,78,170,30,121,170,30,42,15,-0.682568371295929,-0.5175976753234863,-0.5083301067352295,9.363129615783691,-1.269007682800293,5.210839748382568
9567,91,170,30,164,170,30,42,2,-0.721630871295929,-0.6186718940734863,-0.4282519519329071,0.7982442378997803,0.05923664569854736,1.6077862977981567
9568,88,170,30,195,170,30,43,7,-0.714306652545929,-0.5976758003234863,-0.4187304675579071,-2.62160325050354,1.9218320846557617,2.5696182250976562
9569,85,170,30,214,170,30,43,9,-0.714306652545929,-0.5608105659484863,-0.4433886706829071,-5.079618453979492,2.6851909160614014,1.561984658241272
9570,83,170,30,225,170,30,43,7,-0.711376965045929,-0.5612988471984863,-0.3833300769329071,-5.87351131439209,0.013435065746307373,1.256641149520874
9571,85,170,30,224,170,30,43,34,-0.717724621295929,-0.5781445503234863,-0.4289843738079071,-28.20939064025879,3.769160270690918,2.5238168239593506
9572,81,170,30,234,170,30,44,39,-0.713818371295929,-0.5559277534484863,-0.4763476550579071,-33.21702194213867,3.26534366607666,2.7375571727752686
9573,77,170,30,245,170,30,44,42,-0.715771496295929,-0.5122265815734863,-0.5246875286102295,-37.20175552368164,2.654656410217285,2.2032060623168945
9574,69,170,30,252,170,30,44,35,-0.711865246295929,-0.48292967677116394,-0.5588672161102295,-35.033817291259766,0.24244272708892822,0.7222900390625
9575,67,170,30,248,170,30,44,22,-0.714794933795929,-0.42555662989616394,-0.6123340129852295,-21.9040470123291,0.4714503586292267,0.004732823930680752
9576,71,170,30,243,170,30,44,15,-0.720166027545929,-0.43874022364616394,-0.6238086223602295,-13.766640663146973,0.196641206741333,-1.9036641120910645
9577,76,170,30,255,170,30,44,24,-0.717724621295929,-0.43385741114616394,-0.6247851848602295,-21.354427337646484,2.2577099800109863,1.042900800704956
9578,78,170,30,282,170,30,44,19,-0.714794933795929,-0.42433592677116394,-0.6391894817352295,-17.26282501220703,1.3874808549880981,1.332977056503296
9579,78,170,30,305,170,30,44,17,-0.718945324420929,-0.39577147364616394,-0.6570117473602295,-15.522366523742676,2.1508395671844482,-0.17847329378128052
9580,76,170,30,332,170,30,44,13,-0.716503918170929,-0.38600584864616394,-0.6665332317352295,-9.461297035217285,1.891297698020935,1.7146564722061157
9581,69,170,30,379,170,30,44,4,-0.724560558795929,-0.37526366114616394,-0.6716601848602295,-0.10251903533935547,0.13557249307632446,3.8062596321105957
9582,65,170,30,423,170,30,43,8,-0.710156261920929,-0.36647459864616394,-0.6699512004852295,4.095954418182373,-2.3224427700042725,2.43221378326416
9583,63,170,30,460,170,30,43,4,-0.747509777545929,-0.43190428614616394,-0.5888965129852295,-0.9727480411529541,0.4714503586292267,3.1650381088256836
9584,64,170,30,487,170,30,43,4,-0.722119152545929,-0.37624022364616394,-0.6467578411102295,2.309694766998291,-0.5819846987724304,1.760457992553711
9585,26,170,30,403,170,30,47,282,-0.784619152545929,-0.20094726979732513,-0.5962207317352295,91.74481201171875,81.555419921875,-109.36931610107422
9586,7,170,30,199,170,30,50,81,-0.502636730670929,-0.5984082221984863,-0.7019336223602295,-10.346793174743652,59.81496047973633,-10.941831588745117
9587,1,170,30,86,170,30,50,208,-0.557568371295929,-0.6272168159484863,-0.9255664348602295,-164.92694091796875,25.723358154296875,17.470382690429688
9588,0,170,30,43,170,30,47,35,-0.521679699420929,-0.13771484792232513,-0.8799121379852295,15.073053359985352,8.654656410217285,12.081068992614746
9589,0,170,30,38,170,30,42,35,-0.36591798067092896,-0.28737303614616394,-0.9831836223602295,7.393664360046387,-14.093435287475586,13.928397178649902
9590,0,170,30,51,170,30,38,18,-0.544140636920929,-0.11110351979732513,-0.8540332317352295,-4.026183128356934,0.8225954174995422,-13.247175216674805
9591,0,170,30,71,170,30,34,70,-0.46992188692092896,-0.31984373927116394,-0.8862597942352295,0.3402290344238281,-50.0171012878418,20.035266876220703
9592,0,170,30,97,170,30,30,95,-0.576855480670929,-0.32326170802116394,-0.8269336223602295,29.943281173706055,-53.23847579956055,12.81389331817627
9593,0,170,30,155,170,30,29,71,-0.613476574420929,-0.08791016042232513,-0.7014453411102295,59.897483825683594,10.914198875427246,0.569618284702301
9594,0,170,30,201,170,30,31,106,-0.595654308795929,-0.37892577052116394,-0.6799609661102295,58.72190856933594,15.250076293945312,-32.56015396118164
9595,0,170,30,236,170,30,30,61,-0.757275402545929,-0.26979491114616394,-0.6882617473602295,-33.7208366394043,-24.261375427246094,3.2871756553649902
9596,0,170,30,282,170,30,32,26,-0.577832043170929,-0.45460936427116394,-0.7597949504852295,-22.300992965698242,-3.6812214851379395,-0.8349618315696716
9597,0,170,30,319,170,30,32,19,-0.663281261920929,-0.36427733302116394,-0.7402637004852295,-12.407862663269043,-2.6430532932281494,4.0963358879089355
9598,0,170,30,348,170,30,34,23,-0.681835949420929,-0.31276366114616394,-0.7541797161102295,-14.194121360778809,4.196640968322754,4.905496120452881
9599,0,170,30,366,170,30,35,36,-0.717236340045929,-0.25172850489616394,-0.7532031536102295,-23.12541961669922,-0.5361831784248352,12.630687713623047
9600,16,170,30,384,170,30,36,9,-0.682568371295929,-0.25368162989616394,-0.7710254192352295,1.683740496635437,3.26534366607666,4.126870155334473
9601,46,170,30,426,170,30,37,6,-0.671826183795929,-0.25880858302116394,-0.7654101848602295,4.034885406494141,1.9676334857940674,-0.4532824456691742
9602,68,170,30,477,170,30,37,11,-0.692089855670929,-0.41652342677116394,-0.6980273723602295,6.538702011108398,-1.9254961013793945,-2.8044273853302
9603,78,170,30,523,170,30,37,7,-0.676953136920929,-0.26173827052116394,-0.7495410442352295,1.6074045896530151,-0.5667175650596619,-4.8654961585998535
9604,90,170,30,557,170,30,37,6,-0.678173840045929,-0.27223631739616394,-0.5237109661102295,2.41656494140625,-1.5743510723114014,-2.7586259841918945
9605,102,170,30,573,170,30,37,2,-0.678662121295929,-0.31471678614616394,-0.7217090129852295,-1.1712214946746826,0.8836641311645508,0.12687022984027863
9606,79,170,30,567,170,30,36,54,-0.672558605670929,-0.38966795802116394,-0.7707812786102295,1.6379389762878418,-24.444581985473633,-28.483816146850586
9607,24,170,30,423,170,30,39,143,-0.605419933795929,-0.45290037989616394,-0.7615039348602295,60.93564987182617,55.280609130859375,-27.67465591430664
9609,7,170,30,237,170,30,40,58,-0.586621105670929,-0.49635741114616394,-0.7204883098602295,19.347862243652344,17.7691593170166,21.500917434692383
9610,1,170,30,135,170,30,39,34,-0.587597668170929,-0.49708983302116394,-0.6950976848602295,-5.461297035217285,-10.230839729309082,19.226106643676758
9611,0,170,30,98,170,30,37,47,-0.684033215045929,-0.40260741114616394,-0.6902148723602295,-10.346793174743652,-18.444581985473633,18.813894271850586
9612,10,170,30,116,170,30,38,20,-0.671093761920929,-0.43605467677116394,-0.6553027629852295,-9.904045104980469,5.998167991638184,4.233740329742432
9613,40,170,30,221,170,30,39,17,-0.558789074420929,-0.35792967677116394,-0.7063281536102295,5.195190906524658,-9.467480659484863,-3.0792367458343506
9614,63,170,30,364,170,30,38,12,-0.698925793170929,-0.40041014552116394,-0.7138965129852295,4.12648868560791,-3.8644275665283203,4.661221504211426
9615,81,170,30,488,170,30,39,12,-0.714794933795929,-0.41676756739616394,-0.7136523723602295,-8.056716918945312,-0.07816797494888306,4.4169464111328125
9616,88,170,30,594,170,30,39,5,-0.612500011920929,-0.39845702052116394,-0.6130664348602295,2.095954179763794,-2.6125190258026123,0.8138931393623352
9617,88,170,30,669,170,30,38,13,-0.614208996295929,-0.36745116114616394,-0.7995898723602295,5.775343894958496,-5.894961833953857,2.264274835586548
9618,87,170,30,738,170,30,39,10,-0.687207043170929,-0.41286131739616394,-0.6704394817352295,-9.323892593383789,0.929465651512146,-0.27007633447647095
9619,84,170,30,788,170,30,39,17,-0.763867199420929,-0.37379881739616394,-0.7024219036102295,7.027252197265625,-10.200304985046387,0.18793892860412598
9620,44,170,30,765,170,30,40,120,-0.881787121295929,-0.22462891042232513,-0.5871875286102295,24.61503791809082,52.898929595947266,-42.95709991455078
9621,13,170,30,589,170,30,44,78,-0.47626954317092896,-0.6487011909484863,-0.7424609661102295,-30.804811477661133,29.189006805419922,-18.57541847229004
9622,3,170,30,302,170,30,47,157,-0.757763683795929,-0.20119141042232513,-0.7929980754852295,-50.49946594238281,57.57068634033203,49.04290008544922
9623,0,170,30,143,170,30,45,49,-0.35859376192092896,-0.13625000417232513,-0.7763965129852295,-18.438398361206055,16.822595596313477,-13.76625919342041
9624,0,170,30,77,170,30,39,65,-0.586865246295929,-0.33400389552116394,-0.9909961223602295,-26.66740608215332,-16.04763412475586,-23.063968658447266
9625,0,170,30,65,170,30,38,25,-0.505322277545929,-0.20290039479732513,-0.8364551067352295,-23.293359756469727,-0.1697710156440735,2.325343608856201
9626,0,170,30,92,170,30,36,119,-0.760937511920929,-0.12599609792232513,-0.7832324504852295,32.01961898803711,52.34931182861328,-35.506717681884766
9627,0,170,30,121,170,30,33,54,-0.508984386920929,-0.32277342677116394,-0.8345019817352295,10.492900848388672,-33.26900863647461,10.264275550842285
9628,0,170,30,146,170,30,33,18,-0.543896496295929,-0.28053709864616394,-0.8403613567352295,-12.774273872375488,3.158473253250122,2.1268701553344727
9629,0,170,30,174,170,30,33,43,-0.607861340045929,-0.20436523854732513,-0.8581836223602295,-29.11015510559082,3.0821373462677,11.668855667114258
9630,0,170,30,216,170,30,34,72,-0.598095715045929,-0.14455078542232513,-0.8655078411102295,-54.43839645385742,1.9981679916381836,16.020000457763672
9631,0,170,30,250,170,30,34,52,-0.642529308795929,-0.012958984822034836,-0.9182422161102295,-25.659770965576172,-8.444580078125,18.813894271850586
9632,0,170,30,287,170,30,33,78,-0.545605480670929,-0.13478516042232513,-0.9121387004852295,49.973819732666016,-7.696488380432129,-21.048702239990234
9633,0,170,30,350,170,30,33,16,-0.585644543170929,-0.14333008229732513,-0.8891894817352295,0.32496190071105957,-10.917862892150879,5.623053550720215
9634,0,170,30,403,170,30,33,15,-0.609326183795929,-0.15919922292232513,-0.8633105754852295,3.5768702030181885,-0.5667175650596619,11.027633666992188
9635,0,170,30,438,170,30,33,19,-0.660839855670929,-0.10524414479732513,-0.8345019817352295,1.347862720489502,-10.688855171203613,7.042900562286377
9636,10,170,30,497,170,30,34,29,-0.645214855670929,-0.16823242604732513,-0.7732226848602295,24.126487731933594,-2.1392366886138916,-2.8044273853302
9637,48,170,30,614,170,30,34,46,-0.713818371295929,-0.37672850489616394,-0.6098926067352295,30.15702247619629,-5.559083938598633,-10.43801498413086
9638,75,170,30,696,170,30,33,76,-0.643505871295929,-0.29860350489616394,-0.8005664348602295,18.889846801757812,-20.94839859008789,-36.48381805419922
9639,32,170,30,647,170,30,36,122,-0.729687511920929,-0.21950195729732513,-0.7309863567352295,43.71427536010742,62.501983642578125,-15.842595100402832
9640,9,170,30,426,170,30,38,51,-0.578564465045929,-0.35036131739616394,-0.8264453411102295,26.99671745300293,10.486717224121094,14.401679992675781
9641,2,170,30,271,170,30,36,76,-0.578808605670929,-0.38771483302116394,-0.7832324504852295,-13.705573081970215,-31.39114761352539,31.332977294921875
9642,14,170,30,261,170,30,36,18,-0.622753918170929,-0.38698241114616394,-0.7756640911102295,3.8669466972351074,6.028702259063721,8.416947364807129
9643,71,170,30,438,170,30,38,39,-0.737500011920929,-0.25343748927116394,-0.8310840129852295,-21.049083709716797,2.7157251834869385,15.439847946166992
9644,123,170,30,677,170,30,37,70,-1.0290038585662842,-0.07497070729732513,-1.1343066692352295,11.103588104248047,-12.337709426879883,47.53145217895508
9645,160,170,30,861,170,30,37,42,-0.831250011920929,-0.15675781667232513,-0.8991992473602295,-4.484198570251465,-9.192671775817871,29.149770736694336
9646,176,170,30,1013,170,30,37,12,-0.714794933795929,-0.09938476979732513,-0.7673633098602295,-0.9574806690216064,-3.3606104850769043,7.8520612716674805
9647,177,170,30,1088,170,30,38,2,-0.716748058795929,-0.17702148854732513,-0.7607715129852295,0.2791602611541748,-0.8873282074928284,-0.850229024887085
9648,88,170,30,1005,170,30,41,201,-1.0470702648162842,0.12644530832767487,-0.6240527629852295,41.928016662597656,132.71572875976562,-27.03343391418457
9649,25,170,30,672,170,30,50,112,-0.33662110567092896,-0.5642285346984863,-0.8911426067352295,22.73717498779297,77.18900299072266,-12.34641170501709
9650,8,170,30,374,170,30,49,23,-0.35322266817092896,-0.5234570503234863,-0.9670703411102295,5.699007987976074,12.303511619567871,-5.5830535888671875
9651,2,170,30,175,170,30,42,133,-0.501171886920929,-0.34254881739616394,-1.0652148723602295,-65.94984436035156,-34.49038314819336,33.54671859741211
9652,0,170,30,95,170,30,37,51,-0.47163087129592896,-0.24855469167232513,-0.8882129192352295,-17.217023849487305,-22.49038314819336,-11.47618293762207
9653,0,170,30,70,170,30,35,76,-0.40693360567092896,-0.26173827052116394,-0.8762500286102295,42.752445220947266,2.3645801544189453,-31.170839309692383
9654,0,170,30,64,170,30,31,58,-0.49702149629592896,-0.032978516072034836,-0.8640429973602295,13.500535011291504,-20.42931365966797,-24.132671356201172
9655,0,170,30,63,170,30,29,110,-0.525097668170929,-0.34816405177116394,-0.8191211223602295,72.15702056884766,-21.101070404052734,-17.063968658447266
9656,0,170,30,68,170,30,28,32,-0.748486340045929,-0.35988280177116394,-0.6994922161102295,8.874580383300781,-11.375877380371094,12.722290992736816
9657,0,170,30,77,170,30,32,93,-0.547558605670929,-0.41652342677116394,-0.7173144817352295,12.12648868560791,26.196640014648438,55.51618194580078
9658,0,170,30,100,170,30,35,50,-0.629589855670929,-0.36183592677116394,-0.7900683879852295,-7.140686988830566,20.318777084350586,23.3787784576416
9659,0,170,30,129,170,30,35,52,-0.518750011920929,-0.22145508229732513,-0.7749316692352295,4.355496406555176,4.334045886993408,43.348243713378906
9660,0,170,30,171,170,30,32,159,-1.6579101085662842,-0.22975586354732513,-0.7344043254852295,-91.36968994140625,-22.87206268310547,45.02763366699219
9661,0,170,30,193,170,30,35,95,-0.555371105670929,-0.35963866114616394,-0.7578418254852295,57.470001220703125,18.959999084472656,-18.865495681762695
9662,0,170,30,208,170,30,35,52,-0.659863293170929,-0.20729492604732513,-0.8164355754852295,-31.78190803527832,0.6088549494743347,20.493282318115234
9663,0,170,30,216,170,30,37,31,-0.631054699420929,-0.25368162989616394,-0.8022754192352295,-6.4536638259887695,14.166107177734375,-11.048702239990234
9664,0,170,30,208,170,30,37,44,-0.654248058795929,-0.19923828542232513,-0.8296191692352295,-27.949848175048828,5.341679573059082,-10.712823867797852
9665,0,170,30,201,170,30,37,14,-0.616406261920929,-0.29005858302116394,-0.8325488567352295,-13.110152244567871,0.24244272708892822,-0.8807633519172668
9666,0,170,30,199,170,30,36,14,-0.628857433795929,-0.19606445729732513,-0.8493945598602295,-10.74374008178711,3.982900857925415,-0.14793893694877625
9667,0,170,30,187,170,30,37,75,-0.589550793170929,-0.18117187917232513,-0.8642871379852295,-46.972747802734375,19.70808982849121,-9.063968658447266
9668,0,170,30,167,170,30,37,23,-0.569042980670929,-0.15700195729732513,-0.9006640911102295,-20.331527709960938,-3.0705342292785645,-0.16320611536502838
9669,0,170,30,161,170,30,35,44,-0.619335949420929,-0.09645508229732513,-0.8728320598602295,9.332595825195312,-17.162137985229492,17.790992736816406
9670,0,170,30,170,170,30,34,32,-0.714306652545929,-0.06984375417232513,-0.8454883098602295,7.470000267028809,-8.810992240905762,16.60015296936035
9671,0,170,30,206,170,30,34,28,-0.612011730670929,-0.12355469167232513,-0.8591601848602295,9.790610313415527,-7.879694938659668,10.508549690246582
9672,0,170,30,241,170,30,34,15,-0.625195324420929,-0.09181641042232513,-0.8423144817352295,8.874580383300781,-2.8109922409057617,3.546717643737793
9673,0,170,30,274,170,30,34,6,-0.661083996295929,-0.08913086354732513,-0.8349902629852295,-0.1635878086090088,-4.368244171142578,-2.1174046993255615
9674,0,170,30,315,170,30,34,16,-0.674023449420929,-0.08302734792232513,-0.8320605754852295,-8.377327919006348,-4.9636640548706055,3.0887022018432617
9675,0,170,30,357,170,30,35,7,-0.678662121295929,-0.08864258229732513,-0.8152148723602295,-4.148320198059082,2.6699235439300537,1.0887023210525513
9676,14,170,30,394,170,30,36,6,-0.666455090045929,-0.17482422292232513,-0.8179004192352295,-2.3620612621307373,-0.01709926128387451,-4.331145286560059
9677,38,170,30,413,170,30,36,24,-0.651806652545929,-0.08986328542232513,-0.7995898723602295,-6.07198429107666,-1.1621372699737549,-17.430381774902344
9678,64,170,30,409,170,30,37,35,-0.697216808795929,-0.06325195729732513,-0.8310840129852295,-19.155954360961914,4.471450328826904,-12.361679077148438
9679,80,170,30,397,170,30,38,17,-0.653271496295929,-0.18605469167232513,-0.7807910442352295,-10.789541244506836,4.166106700897217,3.042900800704956
9680,85,170,30,367,170,30,38,38,-0.632031261920929,0.0007128901779651642,-0.9243457317352295,-21.44603157043457,4.120305061340332,-12.789159774780273
9681,89,170,30,321,170,30,38,40,-0.564648449420929,0.09812499582767487,-0.8818652629852295,-26.133054733276367,5.631755828857422,9.149771690368652
9682,93,170,30,272,170,30,37,14,-0.649121105670929,-0.054218750447034836,-0.8664844036102295,-5.079618453979492,2.7920610904693604,-6.1479387283325195
9684,94,170,30,217,170,30,37,39,-0.573681652545929,-0.17360351979732513,-0.8379199504852295,-24.636871337890625,6.715725421905518,-8.25480842590332
9685,90,170,30,184,170,30,37,6,-0.637890636920929,-0.034443359822034836,-0.8608691692352295,5.912748336791992,-0.27664119005203247,-0.5754198431968689
9686,89,170,30,163,170,30,37,4,-0.595898449420929,-0.034687500447034836,-0.8540332317352295,-4.362061500549316,-0.13923662900924683,0.035267174243927
9687,82,170,30,131,170,30,37,20,-0.643505871295929,0.040751952677965164,-0.8835742473602295,9.7448091506958,-3.4674806594848633,-6.9723663330078125
9688,27,170,30,70,170,30,41,262,-0.669873058795929,0.007304687052965164,-0.8420703411102295,140.26390075683594,84.57832336425781,-37.506717681884766
9689,8,170,30,35,170,30,43,100,-0.41547852754592896,-0.9651074409484863,-1.2283008098602295,-5.262824058532715,-36.276641845703125,59.24137496948242
9690,2,170,30,17,170,30,39,56,-0.23554687201976776,-0.5141797065734863,-0.7785937786102295,51.347862243652344,-1.2079389095306396,4.386412143707275
9691,0,170,30,17,170,30,33,73,-0.523876965045929,-0.44313475489616394,-0.8613574504852295,20.966182708740234,-39.91022872924805,-12.14793872833252
9692,0,170,30,26,170,30,33,49,-0.624218761920929,-0.39674803614616394,-0.8640429973602295,33.68374252319336,6.440916061401367,9.867328643798828
9693,0,170,30,41,170,30,34,22,-0.608105480670929,-0.31618162989616394,-0.7739551067352295,13.073053359985352,7.662290096282959,2.2490077018737793
9694,0,170,30,42,170,30,34,36,-0.614208996295929,-0.33595702052116394,-0.8120410442352295,-14.71320629119873,5.708091735839844,15.684123039245605
9695,0,170,30,38,170,30,35,21,-0.716015636920929,-0.19093750417232513,-0.7856738567352295,-10.16358757019043,4.028702259063721,7.01236629486084
9696,0,170,30,35,170,30,35,57,-0.644726574420929,-0.19801758229732513,-0.8257129192352295,-36.1177864074707,-9.833892822265625,11.058168411254883
9697,3,170,30,62,170,30,35,48,-0.661816418170929,-0.21999023854732513,-0.7883594036102295,-28.300992965698242,10.257709503173828,9.790992736816406
9698,33,170,30,130,170,30,36,20,-0.536572277545929,-0.06886719167232513,-0.8100879192352295,-6.774274826049805,-3.2537403106689453,-10.865495681762695
9699,79,170,30,178,170,30,36,40,-0.609326183795929,-0.022724609822034836,-0.8215625286102295,-27.659770965576172,5.952366352081299,7.0276336669921875
9700,103,170,30,197,170,30,36,63,-0.40009766817092896,0.5402636528015137,-0.9670703411102295,-25.400230407714844,-4.581984519958496,-33.063968658447266
9701,120,170,30,191,170,30,36,36,-0.44916993379592896,0.10300780832767487,-0.8906543254852295,-28.22465705871582,3.9981679916381836,-4.6517558097839355
9702,105,170,30,154,170,30,37,40,-0.727246105670929,0.0007128901779651642,-0.8015429973602295,0.3402290344238281,-4.581984519958496,-35.97999954223633
9703,41,170,30,86,170,30,38,179,-0.809033215045929,-0.047626953572034836,-0.7031543254852295,78.2638931274414,72.50198364257812,-28.422748565673828
9704,10,170,30,42,170,30,45,237,-0.692333996295929,-1.0344433784484863,-0.9814746379852295,112.0806884765625,50.08977127075195,75.50091552734375
9705,2,170,30,30,170,30,41,170,0.12407226860523224,-0.34914061427116394,-0.4941699206829071,-64.25518798828125,-76.3987808227539,29.836793899536133
9706,0,170,30,28,170,30,32,197,-0.735058605670929,-0.7573437690734863,-0.9372851848602295,104.58450317382812,-69.78809356689453,22.752824783325195
9707,0,170,30,40,170,30,31,32,-0.678662121295929,-0.21168945729732513,-0.5852344036102295,10.447099685668945,-0.4598473906517029,21.653587341308594
9708,0,170,30,48,170,30,29,114,-0.811230480670929,-0.8440136909484863,-0.7812793254852295,-72.23992156982422,-25.91023063659668,16.768091201782227
9709,0,170,30,45,170,30,34,65,-0.502636730670929,-0.6438183784484863,-0.7385547161102295,12.004351615905762,39.15847396850586,-14.422747611999512
9710,0,170,30,38,170,30,34,48,-0.644482433795929,-0.30446287989616394,-0.6992480754852295,-26.560535430908203,-8.917862892150879,13.226107597351074
9711,0,170,30,30,170,30,34,37,-0.635449230670929,-0.32130858302116394,-0.7373340129852295,1.7142748832702637,-9.299541473388672,26.478015899658203
9712,14,170,30,51,170,30,35,44,-0.719677746295929,-0.13893555104732513,-0.8821094036102295,-28.16358757019043,15.524885177612305,0.9512977004051208
9713,59,170,30,112,170,30,35,78,-0.731640636920929,-0.24635742604732513,-0.6394336223602295,-51.01854705810547,12.318778991699219,-15.628854751586914
9714,97,170,30,143,170,30,36,42,-0.759472668170929,-0.32130858302116394,-0.8464648723602295,-14.041449546813965,-2.123969316482544,-25.903663635253906
9715,88,170,30,108,170,30,36,53,-0.47211915254592896,-0.19826172292232513,-0.9270312786102295,-51.82770919799805,-0.9331298470497131,-0.7738931775093079
9716,30,170,30,55,170,30,37,62,-0.675000011920929,-0.21217773854732513,-0.8840625286102295,38.81351089477539,23.356945037841797,-0.4532824456691742
9717,9,170,30,21,170,30,39,102,-0.730664074420929,-0.29567381739616394,-0.8777148723602295,74.11122131347656,20.593585968017578,-8.132671356201172
9718,1,170,30,12,170,30,39,70,-0.44941407442092896,-0.5329785346984863,-0.7146289348602295,4.095954418182373,-26.398778915405273,40.432212829589844
9719,0,170,30,15,170,30,40,79,-0.570996105670929,-0.44801756739616394,-0.7568652629852295,38.49290084838867,14.730992317199707,-26.57541847229004
9720,0,170,30,21,170,30,37,91,-0.46552735567092896,-0.6709179878234863,-0.6726367473602295,53.82114791870117,-32.16977310180664,5.455114364624023
9721,0,170,30,33,170,30,34,53,-0.47846680879592896,-0.46706053614616394,-0.7138965129852295,26.050151824951172,-18.383512496948242,9.241374969482422
9722,0,170,30,41,170,30,34,11,-0.765332043170929,-0.44215819239616394,-0.7146289348602295,-5.018548965454102,3.6164886951446533,2.5543510913848877
9723,0,170,30,45,170,30,34,43,-0.696240246295929,-0.39650389552116394,-0.6797168254852295,-8.560534477233887,-12.475114822387695,22.7222900390625
9724,1,170,30,65,170,30,35,35,-0.869580090045929,-0.48024412989616394,-0.8017871379852295,-4.362061500549316,18.364580154418945,12.6154203414917
9725,31,170,30,108,170,30,34,47,-0.546337902545929,-0.5046582221984863,-0.7654101848602295,-13.781908988952637,-16.536184310913086,-16.926565170288086
9726,43,170,30,113,170,30,35,41,-0.708691418170929,-0.5251660346984863,-0.5742480754852295,-21.094886779785156,-3.5743513107299805,-17.170839309692383
9727,38,170,30,98,170,30,35,18,-0.673535168170929,-0.45680662989616394,-0.6719043254852295,-3.5070993900299072,-8.551450729370117,-6.590687274932861
9728,10,170,30,66,170,30,40,112,-0.683544933795929,-0.46461912989616394,-0.6418750286102295,10.630305290222168,68.27297973632812,-33.23190689086914
9729,1,170,30,36,170,30,44,57,-0.48994141817092896,-0.5986523628234863,-0.7427051067352295,33.149391174316406,14.88366413116455,9.210840225219727
9730,0,170,30,25,170,30,40,91,-0.48359376192092896,-0.6318554878234863,-0.4429003894329071,30.889846801757812,-41.66595458984375,18.53908348083496
9731,0,170,30,30,170,30,36,62,-0.606884777545929,-0.5591015815734863,-0.6887500286102295,4.553969383239746,-25.406414031982422,32.24900817871094
9732,0,170,30,44,170,30,36,59,-0.668164074420929,-0.7707715034484863,-0.5346972942352295,-16.23992347717285,8.288244247436523,34.73755645751953
9733,0,170,30,62,170,30,36,27,-0.563427746295929,-0.5840039253234863,-0.5869433879852295,0.46236634254455566,-8.35297679901123,18.416946411132812
9734,4,170,30,98,170,30,36,56,-0.817822277545929,-0.5334668159484863,-0.7041308879852295,-29.04908561706543,15.189007759094238,12.600152969360352
9735,36,170,30,192,170,30,37,41,-0.639599621295929,-0.17873047292232513,-0.8786914348602295,-27.720840454101562,-1.0705342292785645,-13.048702239990234
9736,70,170,30,273,170,30,37,27,-0.733593761920929,-0.44118162989616394,-0.7676074504852295,-17.430763244628906,2.0745038986206055,-7.980000019073486
9737,85,170,30,276,170,30,37,24,-0.656201183795929,-0.25832030177116394,-0.7505176067352295,-15.247557640075684,-1.1010687351226807,-8.025800704956055
9738,72,170,30,238,170,30,37,20,-0.672314465045929,-0.37697264552116394,-0.7158496379852295,-2.2093894481658936,-10.108702659606934,-7.949465751647949
9739,21,170,30,143,170,30,42,142,-0.609570324420929,-0.5669140815734863,-0.7185351848602295,31.57686996459961,73.28060913085938,-37.30824279785156
9740,5,170,30,74,170,30,45,141,-0.46381837129592896,-0.5800976753234863,-0.9778125286102295,-56.31625747680664,62.21190643310547,-22.63648796081543
9741,1,170,30,54,170,30,37,144,-0.07807616889476776,-0.45998045802116394,-0.7522265911102295,-3.980381727218628,-93.87969207763672,-46.69755554199219
9742,0,170,30,45,170,30,29,98,-0.710888683795929,-0.16554687917232513,-0.7212207317352295,-31.736108779907227,-59.28427505493164,-7.659389495849609
9743,0,170,30,46,170,30,30,94,-0.611523449420929,-0.41505858302116394,-0.6909472942352295,-52.56053161621094,1.341679334640503,-40.712825775146484
9744,0,170,30,64,170,30,31,41,-0.716259777545929,-0.35255858302116394,-0.6816699504852295,-24.62160301208496,-4.5361833572387695,-12.05633544921875
9745,0,170,30,94,170,30,30,37,-0.655224621295929,-0.5146679878234863,-0.5869433879852295,18.508167266845703,-7.02473258972168,-11.705190658569336
9746,0,170,30,120,170,30,32,134,-0.692822277545929,-0.037128906697034836,-0.9560840129852295,12.095954895019531,33.845497131347656,-88.98764038085938
9747,0,170,30,131,170,30,30,60,-0.664746105670929,-0.47438475489616394,-0.5813281536102295,-15.47656536102295,0.5477862358093262,44.85969543457031
9748,0,170,30,119,170,30,32,27,-0.526074230670929,-0.6357617378234863,-0.6506640911102295,-4.957480430603027,-3.269007682800293,18.90549659729004
9749,0,170,30,109,170,30,32,46,-0.647167980670929,-0.40114256739616394,-0.7402637004852295,12.187557220458984,-8.429312705993652,25.897863388061523
9750,7,170,30,119,170,30,33,28,-0.762890636920929,-0.19289062917232513,-0.7695605754852295,-7.934579849243164,11.75389289855957,8.752824783325195
9751,39,170,30,171,170,30,35,47,-0.657666027545929,-0.17458008229732513,-0.8196094036102295,-35.98038101196289,11.295877456665039,-0.01053435169160366
9752,77,170,30,278,170,30,35,20,-0.685986340045929,-0.45802733302116394,-0.5669238567352295,-3.4154961109161377,-6.810992240905762,-10.331144332885742
9753,106,170,30,364,170,30,35,83,-0.866162121295929,0.0014453120529651642,-0.6806933879852295,-2.9269464015960693,-30.933130264282227,-49.5219841003418
9754,115,170,30,398,170,30,36,14,-0.667675793170929,-0.34621092677116394,-0.7168262004852295,-8.94221305847168,3.769160270690918,1.6230534315109253
9755,126,170,30,414,170,30,36,2,-0.664990246295929,-0.37770506739616394,-0.7243945598602295,0.8898472785949707,1.051603078842163,-0.10213740170001984
9756,124,170,30,433,170,30,36,2,-0.666699230670929,-0.38185545802116394,-0.7344043254852295,-1.5529005527496338,-0.2155725359916687,0.9512977004051208
9757,104,170,30,472,170,30,37,34,-0.813671886920929,-0.31666991114616394,-0.8740527629852295,-15.400229454040527,-6.078167915344238,13.485649108886719
9758,103,170,30,529,170,30,37,53,-0.15620116889476776,0.036357421427965164,-0.3948046863079071,35.866947174072266,-8.795724868774414,8.49328327178955
9759,110,170,30,589,170,30,36,55,-0.503857433795929,-0.23756836354732513,-0.6089160442352295,34.55397033691406,-9.406412124633789,11.897863388061523
9760,114,170,30,658,170,30,37,16,-0.708203136920929,-0.32716795802116394,-0.7068164348602295,-9.171220779418945,3.311145067214966,3.7451908588409424
9761,112,170,30,703,170,30,38,7,-0.728955090045929,-0.36769530177116394,-0.7341601848602295,-6.0567169189453125,0.28824424743652344,1.4093129634857178
9762,111,170,30,731,170,30,39,3,-0.709179699420929,-0.33253905177116394,-0.7009570598602295,2.279160499572754,-0.8415266871452332,0.5543511509895325
9764,116,170,30,736,170,30,40,80,-0.689648449420929,-0.23903320729732513,-0.3318164050579071,-2.117786169052124,27.738624572753906,50.35587692260742
9765,160,170,30,769,170,30,40,34,-0.699169933795929,-0.34499022364616394,-0.6291797161102295,33.637939453125,-0.8262595534324646,0.46274811029434204
9766,195,170,30,800,170,30,41,48,-0.614941418170929,-0.7214550971984863,-0.3237597644329071,11.851679801940918,14.88366413116455,22.12687110900879
9767,203,170,30,811,170,30,41,13,-0.704296886920929,-0.40016600489616394,-0.6831347942352295,7.454732894897461,-2.902595281600952,-2.6822900772094727
9768,217,170,30,810,170,30,41,48,-0.592724621295929,-0.43434569239616394,-0.4992968738079071,-21.354427337646484,21.387479782104492,5.775725364685059
9769,225,170,30,779,170,30,42,13,-0.536328136920929,-0.22389648854732513,-0.7524707317352295,3.088320732116699,5.540152549743652,-4.376946449279785
9770,223,170,30,707,170,30,42,47,-0.566601574420929,-0.047871094197034836,-0.8418262004852295,-29.201757431030273,8.639389038085938,-9.949464797973633
9771,220,170,30,621,170,30,43,45,-0.682324230670929,-0.24367187917232513,-0.7573535442352295,-32.72847366333008,8.395113945007324,-4.636488437652588
9772,202,170,30,528,170,30,42,16,-0.679638683795929,-0.18458984792232513,-0.8310840129852295,-5.415495872497559,-3.162137508392334,-7.7967939376831055
9773,77,170,30,302,170,30,46,254,-0.678173840045929,-0.09401367604732513,-0.8545215129852295,70.9661865234375,118.4867172241211,-64.68229675292969
9774,27,170,30,159,170,30,50,119,-0.41840821504592896,-0.32497069239616394,-0.6914355754852295,32.09595489501953,53.662288665771484,-33.99526596069336
9775,12,170,30,88,170,30,39,149,-0.48066407442092896,-0.47853514552116394,-0.6426074504852295,-17.400230407714844,-85.1163330078125,46.951297760009766
9776,3,170,30,56,170,30,34,50,-0.588085949420929,-0.27394530177116394,-0.7478320598602295,-25.20175552368164,16.364580154418945,8.905496597290039
9777,0,170,30,37,170,30,36,82,-0.760937511920929,-0.25172850489616394,-0.8501269817352295,-18.01091766357422,31.265342712402344,-33.65938949584961
9778,0,170,30,17,170,30,35,73,-0.571484386920929,-0.5261425971984863,-0.6179492473602295,-38.972747802734375,25.555418014526367,8.569619178771973
9779,0,170,30,5,170,30,35,53,-0.530957043170929,-0.44289061427116394,-0.8149707317352295,18.645572662353516,-8.9941987991333,26.32534408569336
9780,0,170,30,1,170,30,34,25,-0.645214855670929,-0.31154295802116394,-0.8003222942352295,-8.010915756225586,-2.688854932785034,14.554351806640625
9781,0,170,30,3,170,30,34,76,-0.583935558795929,-0.24220703542232513,-0.5722949504852295,-34.72847366333008,39.17374038696289,2.157404661178589
9782,27,170,30,28,170,30,35,11,-0.637646496295929,-0.29933592677116394,-0.8113086223602295,-1.079618215560913,6.3187785148620605,3.9131298065185547
9783,63,170,30,121,170,30,35,86,-0.712109386920929,-0.19679687917232513,-0.7622363567352295,45.25625991821289,-20.10870361328125,-21.063968658447266
9784,88,170,30,243,170,30,34,63,-0.635205090045929,-0.41823241114616394,-0.8474414348602295,5.118854999542236,-24.82625961303711,-33.97999954223633
9785,106,170,30,332,170,30,34,16,-0.638134777545929,-0.26320311427116394,-0.8384082317352295,-5.29335880279541,6.654656410217285,4.508549690246582
9786,111,170,30,386,170,30,35,11,-0.632519543170929,-0.33986327052116394,-0.7839648723602295,-9.736106872558594,1.3874808549880981,0.8444274663925171
9787,106,170,30,426,170,30,35,32,-0.633740246295929,-0.32301756739616394,-0.7793262004852295,-25.339160919189453,4.837862491607666,2.7375571727752686
9788,96,170,30,483,170,30,35,17,-0.783154308795929,-0.40138670802116394,-0.8511035442352295,-8.682671546936035,-1.085801601409912,7.546717643737793
9789,93,170,30,556,170,30,35,21,-0.800976574420929,-0.24855469167232513,-0.8887012004852295,5.225725173950195,-3.0399999618530273,13.180305480957031
9790,91,170,30,645,170,30,36,45,-0.685742199420929,-0.12111328542232513,-0.7431933879852295,31.179922103881836,-9.498015403747559,4.951297760009766
9791,103,170,30,715,170,30,36,33,-0.716015636920929,-0.5178418159484863,-0.6313769817352295,20.202823638916016,-1.3148090839385986,12.294809341430664
9792,142,170,30,776,170,30,37,20,-0.640576183795929,-0.44337889552116394,-0.5398242473602295,12.065420150756836,1.5554198026657104,7.363511562347412
9793,184,170,30,820,170,30,38,20,-0.657177746295929,-0.39015623927116394,-0.6714160442352295,13.042519569396973,1.9981679916381836,5.699389457702637
9794,206,170,30,853,170,30,38,2,-0.674023449420929,-0.35719725489616394,-0.7253711223602295,0.12648868560791016,-0.7651908993721008,-1.5525190830230713
9795,242,170,30,856,170,30,38,11,-0.34785157442092896,-0.36525389552116394,-0.5881640911102295,-3.6292364597320557,7.204274654388428,-0.17847329378128052
9796,249,170,30,774,170,30,39,22,-0.825878918170929,-0.40944334864616394,-0.7771289348602295,-9.247556686401367,12.379847526550293,-0.7433587908744812
9797,278,170,30,667,170,30,39,32,-0.680126965045929,-0.31813475489616394,-0.8059375286102295,-22.468931198120117,6.272977352142334,-4.193740367889404
9798,290,170,30,589,170,30,39,27,-0.43989259004592896,-0.21437500417232513,-0.8296191692352295,-13.217022895812988,8.303511619567871,5.592519283294678
9799,297,170,30,580,170,30,39,18,-0.661816418170929,-0.22780273854732513,-0.8442676067352295,-12.468931198120117,3.051603078842163,3.0276336669921875
9800,295,170,30,568,170,30,38,34,-0.631542980670929,-0.11720703542232513,-0.8833301067352295,-23.659770965576172,-3.543816566467285,-6.926564693450928
9801,117,170,30,324,170,30,43,306,-0.817333996295929,0.09446288645267487,-0.8950488567352295,73.07305145263672,144.27297973632812,-88.91130065917969
9802,37,170,30,153,170,30,47,57,-0.17866210639476776,-0.8935742378234863,-1.0512988567352295,29.271526336669922,9.585954666137695,-18.926565170288086
9803,15,170,30,73,170,30,37,90,-0.24897460639476776,-0.46681639552116394,-0.6421191692352295,22.17228889465332,-61.116336822509766,7.3482441902160645
9804,5,170,30,56,170,30,28,81,-0.544628918170929,-0.5603222846984863,-0.9367969036102295,5.347862720489502,-72.29190826416016,4.15740442276001
9805,0,170,30,66,170,30,28,48,-0.670361340045929,-0.5014843940734863,-0.5957324504852295,2.6455726623535156,21.326412200927734,24.829160690307617
9806,0,170,30,93,170,30,30,83,-0.662304699420929,-0.40407225489616394,-0.7534472942352295,-39.430763244628906,18.807327270507812,24.951297760009766
9807,0,170,30,109,170,30,32,68,-0.632031261920929,-0.36281248927116394,-0.7949512004852295,-44.484195709228516,-5.29954195022583,18.233741760253906
9808,0,170,30,108,170,30,33,42,-0.597363293170929,-0.34499022364616394,-0.8169238567352295,-27.44603157043457,-7.910228729248047,7.531450271606445
9809,0,170,30,104,170,30,32,25,-0.607128918170929,-0.30788084864616394,-0.8210742473602295,-4.209389686584473,-9.971297264099121,11.1650390625
9810,20,170,30,125,170,30,33,28,-0.647656261920929,-0.34889647364616394,-0.7541797161102295,23.866945266723633,1.3722137212753296,2.8138930797576904
9811,78,170,30,266,170,30,35,19,-0.670849621295929,-0.16896484792232513,-0.9306933879852295,5.5463361740112305,-3.910229206085205,-10.239541053771973
9812,113,170,30,405,170,30,34,75,-0.723583996295929,0.31956055760383606,-0.9582812786102295,-0.2551908493041992,-30.62778663635254,-44.667022705078125
9813,131,170,30,481,170,30,33,26,-0.652294933795929,-0.20973633229732513,-0.9624316692352295,-7.797175407409668,-5.833893299102783,-13.201374053955078
9814,131,170,30,494,170,30,33,28,-0.686962902545929,-0.19093750417232513,-0.9211719036102295,-9.155954360961914,-7.757556915283203,-11.96473217010498
9815,118,170,30,494,170,30,34,1,-0.646923840045929,-0.33888670802116394,-0.7756640911102295,0.6455726623535156,0.25770992040634155,0.9512977004051208
9816,99,170,30,523,170,30,35,20,-0.707714855670929,-0.37843748927116394,-0.7929980754852295,8.538702011108398,-6.826259613037109,5.470381736755371
9817,101,170,30,609,170,30,35,120,-0.739697277545929,-0.44630858302116394,-0.6440722942352295,106.59976959228516,0.16610682010650635,13.45511531829834
9818,111,170,30,773,170,30,35,46,-0.592480480670929,-0.27296873927116394,-0.4729296863079071,38.309696197509766,-6.307175636291504,1.455114483833313
9819,116,170,30,898,170,30,35,17,-0.675244152545929,-0.43629881739616394,-0.7033984661102295,13.011984825134277,-2.8262596130371094,1.9283969402313232
9820,147,170,30,961,170,30,37,49,-0.644726574420929,-0.5468945503234863,-0.6621387004852295,13.485267639160156,13.250076293945312,22.371145248413086
9821,170,170,30,981,170,30,39,19,-0.697949230670929,-0.33156248927116394,-0.8325488567352295,5.805877685546875,5.341679573059082,8.401679992675781
9822,195,170,30,1003,170,30,40,16,-0.680615246295929,-0.36110350489616394,-0.9253222942352295,12.050152778625488,-0.2155725359916687,3.8062596321105957
9823,223,170,30,1007,170,30,40,21,-0.689160168170929,-0.27418944239616394,-1.0325000286102295,14.50816822052002,-2.978931188583374,3.9894657135009766
9824,235,170,30,939,170,30,40,26,-0.47968751192092896,-0.37575194239616394,-0.5981738567352295,-8.438396453857422,12.669923782348633,5.088702201843262
9825,254,170,30,845,170,30,41,10,-0.42304688692092896,-0.25880858302116394,-0.7217090129852295,2.12648868560791,6.761526584625244,1.8215266466140747
9826,286,170,30,780,170,30,41,49,-0.38935548067092896,-0.15749023854732513,-0.7807910442352295,-33.58343505859375,10.04396915435791,-5.781526565551758
9828,291,170,30,700,170,30,40,13,-0.767529308795929,-0.30861327052116394,-0.8027637004852295,-7.659770965576172,2.272977113723755,-3.094503879547119
9829,138,170,30,391,170,30,41,209,-1.0629394054412842,-0.17628906667232513,-0.4192187488079071,38.34022903442383,105.64701843261719,-65.32351684570312
9830,47,170,30,182,170,30,47,228,-0.18964843451976776,-0.8120312690734863,-0.8547656536102295,112.61503601074219,44.34931182861328,-71.10977172851562
9831,19,170,30,76,170,30,35,311,-0.560009777545929,-0.6240429878234863,-0.3442675769329071,-74.49946594238281,-79.78809356689453,157.36351013183594
9832,6,170,30,38,170,30,35,29,-0.39179688692092896,-0.5969433784484863,-0.4638964831829071,4.050152778625488,14.71572494506836,10.279541969299316
9833,1,170,30,24,170,30,33,29,-0.508496105670929,-0.5700879096984863,-0.7988574504852295,-20.438398361206055,7.234809398651123,1.5467175245285034
9834,0,170,30,17,170,30,32,107,-0.695996105670929,-0.024921875447034836,-0.7033984661102295,-74.97274780273438,13.967633247375488,18.14213752746582
9835,0,170,30,21,170,30,32,49,-0.43110352754592896,-0.6479687690734863,-0.7773730754852295,-15.705573081970215,-31.574352264404297,2.6764886379241943
9836,0,170,30,37,170,30,32,55,-0.716748058795929,-0.43727537989616394,-0.6196582317352295,32.78297805786133,12.242443084716797,-10.178472518920898
9837,0,170,30,52,170,30,32,92,-0.714550793170929,-0.30470702052116394,-0.6787402629852295,-35.12541961669922,-18.551450729370117,39.14977264404297
9838,0,170,30,85,170,30,33,96,-0.648144543170929,-0.40016600489616394,-0.6762988567352295,-55.61396789550781,-9.360610961914062,31.668855667114258
9839,33,170,30,218,170,30,34,27,-0.674023449420929,-0.26149412989616394,-0.8718554973602295,-9.323892593383789,-6.490381717681885,-11.338778495788574
9840,88,170,30,396,170,30,33,68,-0.629589855670929,-0.36403319239616394,-0.5586230754852295,28.309694290161133,-23.757558822631836,-16.300609588623047
9841,139,170,30,510,170,30,32,119,-0.789990246295929,-0.5317578315734863,-1.1218554973602295,44.41656494140625,-42.07816696166992,-32.667022705078125
9842,183,170,30,551,170,30,33,10,-0.678173840045929,-0.5349316596984863,-0.6062304973602295,4.2180914878845215,2.3645801544189453,3.607786178588867
9843,212,170,30,590,170,30,35,14,-0.690625011920929,-0.5036816596984863,-0.5876758098602295,-8.07198429107666,2.5630533695220947,3.6688549518585205
9844,266,170,30,625,170,30,37,26,-0.703808605670929,-0.5051465034484863,-0.6030566692352295,-9.98038101196289,7.814961910247803,8.936031341552734
9845,276,170,30,654,170,30,38,23,-0.682324230670929,-0.47853514552116394,-0.6223437786102295,-12.957480430603027,6.059236526489258,4.294809341430664
9846,263,170,30,683,170,30,38,10,-0.685742199420929,-0.47047850489616394,-0.6318652629852295,-5.720839500427246,2.837862491607666,2.218473196029663
9847,256,170,30,694,170,30,38,3,-0.684521496295929,-0.46535155177116394,-0.6360156536102295,0.6150381565093994,1.051603078842163,2.1268701553344727
9848,239,170,30,712,170,30,39,24,-0.684765636920929,-0.44874998927116394,-0.6416308879852295,-9.96511459350586,6.654656410217285,8.249008178710938
9849,211,170,30,742,170,30,40,21,-0.713330090045929,-0.5581250190734863,-0.5986621379852295,3.7142748832702637,2.303511381149292,15.241374969482422
9850,199,170,30,786,170,30,40,63,-0.42011719942092896,-0.06862305104732513,-0.8225390911102295,30.73717498779297,-4.581984519958496,28.096336364746094
9851,193,170,30,835,170,30,41,29,-0.734082043170929,-0.42506834864616394,-0.6540820598602295,7.088320732116699,6.914198398590088,15.088703155517578
9852,195,170,30,893,170,30,41,24,-0.698193371295929,-0.6003613471984863,-0.5669238567352295,14.095954895019531,-2.6430532932281494,8.23374080657959
9853,225,170,30,980,170,30,41,16,-0.657177746295929,-0.5854687690734863,-0.4944140613079071,-6.682671546936035,1.0210686922073364,9.256641387939453
9854,254,170,30,1073,170,30,41,11,-0.661328136920929,-0.47023436427116394,-0.7378222942352295,7.760076522827148,-3.024732828140259,-0.5754198431968689
9855,284,170,30,1152,170,30,41,32,-0.739453136920929,-0.5676465034484863,-0.5722949504852295,20.23335838317871,-7.757556915283203,-4.438015460968018
9856,296,170,30,1156,170,30,44,43,-0.940869152545929,-0.39259764552116394,-1.1101367473602295,16.15702247619629,15.616488456726074,12.187939643859863
9857,293,170,30,1109,170,30,45,14,-0.967480480670929,-0.07838867604732513,-1.3425586223602295,-4.560534477233887,4.9294657707214355,4.936030387878418
9858,288,170,30,1048,170,30,46,18,-0.741894543170929,-0.32204100489616394,-0.7348926067352295,-9.58343505859375,3.5096182823181152,-5.033435344696045
9859,276,170,30,966,170,30,46,34,-0.667187511920929,-0.36769530177116394,-0.5346972942352295,-15.598702430725098,6.807328224182129,-12.422747611999512
9860,270,170,30,811,170,30,45,38,-0.927441418170929,-0.5219922065734863,-0.6196582317352295,-23.171222686767578,4.89893102645874,-10.89603042602539
9861,263,170,30,677,170,30,44,45,-0.798535168170929,-0.47829100489616394,-0.6616504192352295,-31.9040470123291,12.868396759033203,0.29480916261672974
9862,254,170,30,587,170,30,44,7,-0.509960949420929,-0.31569334864616394,-0.6782519817352295,0.08068704605102539,6.242442607879639,1.2719084024429321
9863,244,170,30,480,170,30,43,15,-0.638623058795929,-0.27296873927116394,-0.8335254192352295,-12.972748756408691,-2.2766411304473877,0.1574045717716217
9864,118,170,30,284,170,30,44,157,-1.0460937023162842,-0.16725586354732513,-0.6167285442352295,19.149389266967773,90.4103775024414,-47.888397216796875
9865,41,170,30,140,170,30,50,246,-0.38398438692092896,-0.5698437690734863,-0.8415820598602295,116.5692367553711,54.440914154052734,-75.26244354248047
9866,17,170,30,67,170,30,41,317,-0.40351563692092896,-1.0930371284484863,-0.6848437786102295,-101.9651107788086,-88.12397003173828,127.8367919921875
9867,5,170,30,45,170,30,35,59,-0.31074219942092896,-0.5739941596984863,-0.6980273723602295,19.17992401123047,-11.162137031555176,-28.911296844482422
9868,0,170,30,38,170,30,33,44,-0.766796886920929,-0.17042969167232513,-0.8381640911102295,-22.972749710083008,3.0668702125549316,-18.392213821411133
9869,0,170,30,34,170,30,33,31,-0.658154308795929,-0.31862303614616394,-0.7497851848602295,-1.1712214946746826,-2.1392366886138916,28.58488655090332
9870,0,170,30,26,170,30,34,23,-0.545117199420929,-0.5315136909484863,-0.7756640911102295,-0.6979386806488037,-18.581985473632812,-4.193740367889404
9871,0,170,30,30,170,30,34,20,-0.625683605670929,-0.47975584864616394,-0.6521289348602295,11.454732894897461,-2.9178626537323,-5.750992298126221
9872,0,170,30,44,170,30,33,22,-0.820751965045929,-0.43800780177116394,-0.5991504192352295,-11.155954360961914,10.517251968383789,-1.2929770946502686
9873,37,170,30,104,170,30,35,15,-0.673535168170929,-0.39235350489616394,-0.6936328411102295,-10.300992012023926,5.448549747467041,0.14213740825653076
9874,90,170,30,250,170,30,33,108,-0.711865246295929,-0.27003905177116394,-0.7988574504852295,22.263893127441406,-42.94839859008789,-43.33877944946289
9875,134,170,30,364,170,30,33,43,-0.653271496295929,-0.6323437690734863,-0.4626757800579071,11.668473243713379,-18.8873291015625,-12.987632751464844
9876,154,170,30,421,170,30,33,3,-0.668408215045929,-0.5049023628234863,-0.6120898723602295,2.0043511390686035,-0.2155725359916687,0.9360305070877075
9877,147,170,30,478,170,30,35,17,-0.653759777545929,-0.42848631739616394,-0.5339648723602295,5.8974809646606445,-1.4980151653289795,10.355877876281738
9878,151,170,30,596,170,30,36,39,-0.508984386920929,-0.43898436427116394,-0.6365039348602295,19.37839698791504,-4.459847450256348,15.684123039245605
9879,157,170,30,746,170,30,36,29,-0.736035168170929,-0.6570019721984863,-0.6907031536102295,22.401296615600586,-0.03236645460128784,7.180305480957031
9880,160,170,30,917,170,30,37,17,-0.815136730670929,-0.7898144721984863,-0.5830371379852295,14.660840034484863,-0.2613740563392639,-2.697557210922241
9881,174,170,30,1028,170,30,38,47,-1.0990722179412842,-0.6487011909484863,-0.4729296863079071,16.859312057495117,5.28061056137085,25.56198501586914
9882,207,170,30,1087,170,30,42,110,-0.938183605670929,-0.22169922292232513,-0.6936328411102295,-15.155953407287598,57.341678619384766,38.38641357421875
9883,234,170,30,1114,170,30,42,56,-0.723339855670929,-0.5725293159484863,-0.1855761706829071,9.164656639099121,27.479082107543945,19.3787784576416
9885,245,170,30,1123,170,30,43,25,-0.685986340045929,-0.5202832221984863,-0.5078418254852295,-5.232290267944336,11.524885177612305,8.310076713562012
9886,263,170,30,1137,170,30,43,2,-0.705761730670929,-0.47951170802116394,-0.5866992473602295,-1.1712214946746826,1.7538931369781494,-0.025801528245210648
9887,282,170,30,1111,170,30,43,44,-1.0473144054412842,-0.6250195503234863,-0.5339648723602295,-33.06435012817383,3.204274892807007,-8.14793872833252
9888,291,170,30,965,170,30,43,73,-0.766552746295929,-0.24586914479732513,-0.5664355754852295,-58.102516174316406,13.06687068939209,-1.8425954580307007
9889,292,170,30,818,170,30,44,64,-0.993603527545929,-0.37501952052116394,-0.6836230754852295,-45.308624267578125,14.440916061401367,4.981832027435303
9890,305,170,30,730,170,30,44,41,-0.671826183795929,-0.25954100489616394,-0.7839648723602295,-33.20175552368164,3.738626003265381,4.15740442276001
9891,185,170,30,502,170,30,43,26,-0.602001965045929,-0.37575194239616394,-0.6555469036102295,-10.545267105102539,-14.82625961303711,-1.5983206033706665
9892,63,170,30,246,170,30,50,142,-0.770947277545929,-0.44069334864616394,-0.7849414348602295,0.5997710227966309,123.92182922363281,-17.85786247253418
9893,19,170,30,106,170,30,67,647,-0.17451171576976776,-0.7719922065734863,-0.9092090129852295,-188.69793701171875,290.36456298828125,168.47801208496094
9894,7,170,30,44,170,30,69,534,0.41850584745407104,0.27634766697883606,-1.0676562786102295,-283.675048828125,95.46381378173828,155.11924743652344
9895,3,170,30,18,170,30,53,217,0.44707030057907104,0.6657519340515137,-0.6513965129852295,-173.43075561523438,-11.543816566467285,32.172672271728516
9896,1,170,30,8,170,30,34,398,0.09477539360523224,0.8871874809265137,-0.6345508098602295,151.88221740722656,-111.89496612548828,-134.89602661132812
9897,0,170,30,11,170,30,23,59,-0.15961913764476776,0.8193163871765137,-0.5893847942352295,-43.21702194213867,9.784427642822266,6.111603260040283
9898,0,170,30,16,170,30,25,110,-0.21333007514476776,0.8547167778015137,-0.5700976848602295,38.92038345336914,54.898929595947266,17.1650390625
9899,0,170,30,20,170,30,30,149,0.20024414360523224,1.2050585746765137,-1.1379687786102295,38.7677116394043,79.7386245727539,31.34824562072754
9900,0,170,30,23,170,30,24,80,0.32426756620407104,0.47068360447883606,-0.8738086223602295,22.73717498779297,-28.520917892456055,28.829160690307617
