timestamp,tipPressure,tipUpperRange,tipLowerRange,fingerPressure,fingerUpperRange,fingerLowerRange,angle,writtingSpeed,accX,accY,accZ,gyroX,gyroY,gyroZ
1774,0,170,30,16,170,30,39,4,-0.686718761920929,-0.36378905177116394,-0.7141406536102295,-1.980381727218628,-0.9331298470497131,1.57725191116333
1775,0,170,30,16,170,30,39,1,-0.679150402545929,-0.36208006739616394,-0.7107226848602295,-0.3315267562866211,0.4256488084793091,0.874961793422699
1776,0,170,30,16,170,30,40,2,-0.685009777545929,-0.36305662989616394,-0.7075488567352295,1.4700000286102295,0.4409160017967224,0.17267175018787384
1777,0,170,30,16,170,30,40,2,-0.688183605670929,-0.36452147364616394,-0.7087695598602295,0.8287787437438965,-1.1010687351226807,0.4932824671268463
1778,0,170,30,16,170,30,40,1,-0.676708996295929,-0.36012694239616394,-0.7180469036102295,0.7677099704742432,0.013435065746307373,0.6764885187149048
1779,0,170,30,16,170,30,40,0,-0.680371105670929,-0.36623045802116394,-0.7207324504852295,0.3554961681365967,0.16610682010650635,0.478015273809433
1780,0,170,30,16,170,30,40,0,-0.677685558795929,-0.36598631739616394,-0.7043750286102295,0.4776337146759033,-0.0018320679664611816,-0.11740458011627197
1781,0,170,30,16,170,30,40,1,-0.673535168170929,-0.36110350489616394,-0.7048633098602295,-0.34679388999938965,0.28824424743652344,0.6612213253974915
1782,0,170,30,16,170,30,40,1,-0.684765636920929,-0.35695311427116394,-0.7109668254852295,-1.186488389968872,-0.49038165807724,-0.041068702936172485
1783,0,170,30,16,170,30,40,8,-0.693066418170929,-0.39625975489616394,-0.7009570598602295,-6.804808616638184,1.1279388666152954,0.6306869983673096
1784,0,170,30,14,170,30,39,8,-0.761181652545929,-0.33253905177116394,-0.6479785442352295,0.3860306739807129,-7.284275054931641,-1.3082443475723267
1785,0,170,30,10,170,30,40,5,-0.630566418170929,-0.43336912989616394,-0.7243945598602295,-1.6597707271575928,-1.406412124633789,2.1726717948913574
1786,0,170,30,7,170,30,42,65,-0.673291027545929,-0.33375975489616394,-0.7212207317352295,26.950916290283203,32.517250061035156,-5.85786247253418
1787,0,170,30,2,170,30,43,26,-0.656933605670929,-0.41823241114616394,-0.7077929973602295,-13.613968849182129,9.540152549743652,-3.4761831760406494
1788,0,170,30,0,170,30,42,38,-0.512646496295929,-0.5017285346984863,-0.8481738567352295,-26.5910701751709,-8.581984519958496,-3.201374053955078
1789,0,170,30,0,170,30,40,42,-0.685986340045929,-0.19679687917232513,-0.8393847942352295,-10.850610733032227,14.944732666015625,16.92076301574707
1792,0,170,30,16,170,30,37,51,-0.688671886920929,-0.28273436427116394,-0.7168262004852295,-32.17885208129883,-9.085801124572754,10.126871109008789
1793,0,170,30,18,170,30,37,17,-0.660107433795929,-0.31227537989616394,-0.7715137004852295,-13.384961128234863,0.5172518491744995,3.2871756553649902
1794,0,170,30,18,170,30,37,6,-0.661572277545929,-0.29372069239616394,-0.7717578411102295,-2.9574806690216064,1.662290096282959,1.7757251262664795
1795,0,170,30,16,170,30,37,10,-0.647900402545929,-0.30153319239616394,-0.7920215129852295,-3.76664137840271,-3.2842745780944824,3.9131298065185547
1796,0,170,30,14,170,30,38,8,-0.654736340045929,-0.29982420802116394,-0.8032519817352295,-4.438396453857422,0.7004579901695251,3.5161831378936768
1797,0,170,30,11,170,30,37,18,-0.671337902545929,-0.27370116114616394,-0.7690722942352295,-3.8124425411224365,-7.86442756652832,7.042900562286377
1798,0,170,30,11,170,30,36,80,-0.650341808795929,-0.33546873927116394,-0.8166797161102295,-19.140687942504883,-34.82625961303711,26.829160690307617
1799,73,170,30,24,170,30,36,69,-0.728710949420929,-0.33644530177116394,-0.6264941692352295,50.01961898803711,-7.894961357116699,11.790992736816406
1800,153,170,30,59,170,30,37,18,-0.746044933795929,-0.21999023854732513,-0.7151172161102295,8.737175941467285,-4.1392364501953125,5.394045829772949
1801,201,170,30,109,170,30,38,26,-0.646679699420929,-0.34328123927116394,-0.6357715129852295,24.004350662231445,-1.8186259269714355,0.4474809169769287
1802,233,170,30,155,170,30,38,86,-0.879833996295929,-0.5381054878234863,-0.6299121379852295,67.21045684814453,-7.177404403686523,12.386412620544434
1803,250,170,30,192,170,30,39,82,-0.783642590045929,-0.47975584864616394,-0.6015918254852295,58.370765686035156,-12.612519264221191,11.470381736755371
1804,259,170,30,216,170,30,39,29,-0.758984386920929,-0.41359373927116394,-0.5398242473602295,23.531068801879883,-4.429312705993652,1.95893132686615
1805,240,170,30,227,170,30,40,2,-0.763623058795929,-0.44777342677116394,-0.5849902629852295,-0.1941220760345459,1.5248854160308838,0.7833587527275085
1806,195,170,30,216,170,30,42,20,-0.761914074420929,-0.42750975489616394,-0.5747363567352295,-12.178854942321777,3.6012213230133057,-4.6517558097839355
1807,77,170,30,151,170,30,46,198,-0.783642590045929,-0.44655272364616394,-0.5876758098602295,54.06542205810547,69.96763610839844,-74.28534698486328
1808,26,170,30,61,170,30,49,88,-0.41718751192092896,-0.7155957221984863,-0.6689746379852295,-8.392595291137695,26.578319549560547,-53.842594146728516
1809,10,170,30,24,170,30,40,249,-0.43916016817092896,-0.6135449409484863,-0.7497851848602295,-97.04907989501953,-103.45221710205078,49.25664138793945
1810,3,170,30,33,170,30,37,57,-0.837597668170929,-0.31251952052116394,-0.4443652331829071,-12.026183128356934,-11.436946868896484,34.18793869018555
1811,0,170,30,41,170,30,37,74,-0.693066418170929,-0.5056347846984863,-0.6250293254852295,9.760076522827148,-32.62778854370117,32.126869201660156
1812,0,170,30,58,170,30,38,89,-0.665478527545929,-0.5954785346984863,-0.5930469036102295,69.65320587158203,9.295877456665039,10.920763969421387
1813,0,170,30,85,170,30,38,49,-0.767285168170929,-0.33717772364616394,-0.5222461223602295,34.202823638916016,-6.0323662757873535,9.607787132263184
1814,0,170,30,110,170,30,39,22,-0.758007824420929,-0.44191405177116394,-0.5610644817352295,-12.270458221435547,0.13557249307632446,10.14213752746582
1815,0,170,30,118,170,30,40,27,-0.711376965045929,-0.5390820503234863,-0.5110156536102295,-9.446030616760254,-0.36824434995651245,17.638320922851562
1816,0,170,30,126,170,30,41,32,-0.732861340045929,-0.49220702052116394,-0.5613086223602295,-11.278091430664062,-5.604885578155518,15.607787132263184
1817,24,170,30,117,170,30,42,37,-0.754101574420929,-0.48976561427116394,-0.3957812488079071,-28.316259384155273,7.692824363708496,-1.4456489086151123
1818,83,170,30,97,170,30,44,24,-0.786816418170929,-0.34254881739616394,-0.5810840129852295,-20.896413803100586,3.3569467067718506,0.6306869983673096
1819,121,170,30,80,170,30,45,18,-0.758007824420929,-0.44582030177116394,-0.4734179675579071,-13.949847221374512,0.7920610308647156,-3.2929770946502686
1820,142,170,30,72,170,30,44,69,-0.740429699420929,-0.43874022364616394,-0.5105273723602295,22.0959529876709,-25.604887008666992,-22.193740844726562
1821,153,170,30,74,170,30,43,31,-0.797558605670929,-0.38234373927116394,-0.7868945598602295,-1.7208397388458252,-15.253741264343262,-14.285343170166016
1822,162,170,30,97,170,30,44,4,-0.786572277545929,-0.48854491114616394,-0.4836718738079071,-0.28572511672973633,-2.3529770374298096,-1.812061071395874
1823,170,170,30,139,170,30,43,40,-0.850292980670929,-0.49489256739616394,-0.5422656536102295,25.531068801879883,-13.757556915283203,1.2719084024429321
1824,166,170,30,175,170,30,43,61,-0.951367199420929,-0.5735058784484863,-0.6042773723602295,43.17992401123047,-10.459847450256348,7.775725364685059
1825,145,170,30,210,170,30,44,35,-0.841503918170929,-0.6342968940734863,-0.3708789050579071,25.866945266723633,3.127938985824585,6.951297760009766
1826,125,170,30,243,170,30,46,41,-0.778271496295929,-0.43556639552116394,-0.4756152331829071,10.79824447631836,19.005800247192383,11.36351203918457
1827,110,170,30,275,170,30,49,41,-0.812695324420929,-0.48097655177116394,-0.3210742175579071,-8.926946640014648,21.49435043334961,10.584885597229004
1828,104,170,30,289,170,30,50,38,-0.797314465045929,-0.36769530177116394,-0.5051562786102295,-14.362061500549316,18.761526107788086,5.806259632110596
1829,102,170,30,275,170,30,51,34,-0.779736340045929,-0.41920897364616394,-0.5549609661102295,-15.87351131439209,14.654656410217285,3.5314502716064453
1830,81,170,30,225,170,30,52,62,-0.853955090045929,-0.42848631739616394,-0.5268847942352295,-50.31625747680664,6.944732666015625,-5.56778621673584
1831,27,170,30,135,170,30,55,110,-0.667187511920929,-0.45021483302116394,-0.6633594036102295,32.263893127441406,41.25007629394531,-36.712825775146484
1833,8,170,30,79,170,30,56,73,-0.685498058795929,-0.5420117378234863,-0.6030566692352295,30.569236755371094,37.677555084228516,-5.705190658569336
1834,2,170,30,50,170,30,56,54,-0.555615246295929,-0.5583691596984863,-0.6496875286102295,14.065420150756836,31.95236587524414,-8.697556495666504
1835,1,170,30,25,170,30,53,161,-0.601757824420929,-0.5862011909484863,-0.6470019817352295,-79.2170181274414,6.196641445159912,-76.376953125
1836,0,170,30,8,170,30,48,102,-0.49238282442092896,-0.48512694239616394,-0.7141406536102295,-3.125419855117798,-20.2308406829834,-79.07923889160156
1837,0,170,30,2,170,30,40,109,-0.545117199420929,-0.5630078315734863,-0.7698047161102295,-35.323890686035156,-44.673587799072266,29.332977294921875
1838,0,170,30,6,170,30,37,63,-0.530712902545929,-0.6145215034484863,-0.6992480754852295,-29.0338191986084,-26.597251892089844,-7.918931484222412
1839,0,170,30,9,170,30,35,84,-0.738964855670929,-0.17287109792232513,-0.7036426067352295,-42.39259338378906,-18.337711334228516,23.897863388061523
1840,0,170,30,15,170,30,35,24,-0.614941418170929,-0.34474608302116394,-0.8039844036102295,10.233358383178711,6.99053430557251,7.729923725128174
1841,0,170,30,21,170,30,34,41,-0.735058605670929,-0.28297850489616394,-0.6738574504852295,-9.140686988830566,-22.352977752685547,9.623053550720215
1842,0,170,30,35,170,30,34,28,-0.778271496295929,-0.29616209864616394,-0.6245410442352295,7.83641242980957,-9.146870613098145,11.806260108947754
1843,4,170,30,53,170,30,36,31,-0.768750011920929,-0.22584961354732513,-0.6350390911102295,22.29442596435547,-5.482748031616211,4.050534248352051
1844,34,170,30,70,170,30,37,27,-0.742382824420929,-0.32082030177116394,-0.6438281536102295,16.279159545898438,-5.849160194396973,4.966564655303955
1845,71,170,30,82,170,30,37,87,-0.703320324420929,-0.28346678614616394,-0.6335742473602295,47.424198150634766,-20.50564956665039,-19.21664047241211
1846,102,170,30,107,170,30,38,16,-0.779492199420929,-0.39821287989616394,-0.5476367473602295,7.439465522766113,-4.16977071762085,-4.926564693450928
1847,63,170,30,104,170,30,41,75,-0.836865246295929,-0.37526366114616394,-0.4272753894329071,-35.00328063964844,31.799694061279297,8.43221378326416
1848,20,170,30,66,170,30,44,46,-0.625683605670929,-0.5051465034484863,-0.7058398723602295,-23.049083709716797,7.189007759094238,16.233741760253906
1849,6,170,30,34,170,30,43,76,-0.716992199420929,-0.40773436427116394,-0.6506640911102295,-28.04145050048828,-16.154504776000977,32.157405853271484
1850,27,170,30,34,170,30,43,57,-0.737011730670929,-0.35939452052116394,-0.6069629192352295,41.66847610473633,-14.841526985168457,1.027633547782898
1851,71,170,30,67,170,30,44,62,-0.737744152545929,-0.19289062917232513,-0.5962207317352295,49.77534484863281,-5.635419845581055,6.615419864654541
1852,86,170,30,127,170,30,44,6,-0.781689465045929,-0.29616209864616394,-0.5334765911102295,-0.2551908493041992,3.9676337242126465,-2.6212213039398193
1853,32,170,30,131,170,30,50,117,-0.671582043170929,-0.5061230659484863,-0.7654101848602295,4.7219085693359375,56.36457824707031,-56.13267135620117
1854,10,170,30,92,170,30,49,57,-0.646679699420929,-0.48561522364616394,-0.6369922161102295,-15.720839500427246,-12.581984519958496,-29.65938949584961
1855,3,170,30,78,170,30,44,47,-0.716503918170929,-0.46608397364616394,-0.5801074504852295,-10.529999732971191,-24.520917892456055,-12.224274635314941
1856,0,170,30,70,170,30,41,80,-0.754101574420929,-0.34743162989616394,-0.6089160442352295,-39.33916091918945,-18.017099380493164,23.18030548095703
1857,0,170,30,70,170,30,43,106,-0.741650402545929,-0.25075194239616394,-0.6787402629852295,66.40129852294922,17.326412200927734,22.294809341430664
1858,0,170,30,90,170,30,41,55,-0.674023449420929,-0.5175976753234863,-0.5666797161102295,10.050152778625488,-30.032367706298828,15.913129806518555
1859,0,170,30,113,170,30,42,30,-0.749707043170929,-0.42750975489616394,-0.5449512004852295,6.859313011169434,8.578320503234863,15.027633666992188
1860,0,170,30,129,170,30,41,36,-0.804638683795929,-0.39064452052116394,-0.5066211223602295,-11.49183177947998,-14.82625961303711,10.676488876342773
1861,0,170,30,136,170,30,41,54,-0.771435558795929,-0.44948241114616394,-0.5652148723602295,-15.67503833770752,-25.696489334106445,13.439847946166992
1862,8,170,30,137,170,30,42,3,-0.775830090045929,-0.41627928614616394,-0.5073535442352295,-1.155954122543335,-0.24610692262649536,-1.8578625917434692
1863,52,170,30,124,170,30,43,29,-0.695019543170929,-0.20021484792232513,-0.5461719036102295,-11.278091430664062,-4.826259613037109,-13.537251472473145
1864,103,170,30,108,170,30,45,25,-0.833935558795929,-0.48952147364616394,-0.4853808581829071,-18.697938919067383,-1.0247328281402588,-5.323511600494385
1865,138,170,30,95,170,30,46,26,-0.796582043170929,-0.5217480659484863,-0.5261523723602295,-16.102519989013672,4.761526584625244,-5.338778495788574
1866,160,170,30,80,170,30,47,7,-0.754101574420929,-0.35133787989616394,-0.5312793254852295,-6.759007453918457,1.1126717329025269,0.08106870204210281
1867,169,170,30,66,170,30,47,18,-0.737500011920929,-0.35817381739616394,-0.5512988567352295,-10.300992012023926,3.876030683517456,-4.13267183303833
1868,167,170,30,54,170,30,47,12,-0.798535168170929,-0.37575194239616394,-0.4429003894329071,-7.2780914306640625,-0.10870236158370972,-5.247175693511963
1869,164,170,30,45,170,30,48,7,-0.782666027545929,-0.33351561427116394,-0.6074512004852295,-3.842977285385132,2.3645801544189453,-1.2471755743026733
1870,166,170,30,39,170,30,47,19,-0.859326183795929,-0.5376172065734863,-0.5486133098602295,-10.010915756225586,-3.406412124633789,6.508549690246582
1871,157,170,30,36,170,30,48,0,-0.762646496295929,-0.36378905177116394,-0.5932910442352295,0.1112213134765625,0.30351144075393677,-0.2548091411590576
1872,121,170,30,32,170,30,48,12,-0.777539074420929,-0.33571287989616394,-0.5639941692352295,-11.064351081848145,-0.07816797494888306,-1.5983206033706665
1873,43,170,30,17,170,30,49,49,-0.732617199420929,-0.38771483302116394,-0.6233203411102295,7.805877685546875,21.05160140991211,-20.529617309570312
1874,14,170,30,11,170,30,49,38,-0.727001965045929,-0.33742186427116394,-0.6279590129852295,-22.056718826293945,15.662290573120117,-0.6670229434967041
1875,5,170,30,7,170,30,50,90,-0.690869152545929,-0.30446287989616394,-0.6987597942352295,-58.23992156982422,28.700456619262695,-3.170839786529541
1876,1,170,30,0,170,30,52,100,-0.580517590045929,-0.34059569239616394,-0.8703906536102295,-52.1635856628418,42.02870178222656,6.645954132080078
1877,0,170,30,0,170,30,52,130,-0.502636730670929,-0.14918945729732513,-0.8645312786102295,-85.44602966308594,42.4256477355957,2.8444273471832275
1878,0,170,30,0,170,30,50,25,-0.662792980670929,-0.16676758229732513,-0.8144824504852295,4.233358860015869,18.776792526245117,-1.9952671527862549
1879,0,170,30,0,170,30,50,128,-0.572705090045929,-0.34645506739616394,-0.8752734661102295,-74.5452651977539,43.265342712402344,10.340611457824707
1880,0,170,30,0,170,30,49,139,-0.25629884004592896,-0.25050780177116394,-1.1992480754852295,-109.40023040771484,30.288244247436523,0.06580153107643127
1881,0,170,30,0,170,30,44,99,-0.580273449420929,-0.12453125417232513,-0.8481738567352295,58.00435256958008,-7.971297264099121,-33.33877944946289
1883,0,170,30,0,170,30,39,80,-0.47553712129592896,-0.34499022364616394,-0.8484179973602295,65.22572326660156,-14.261374473571777,0.9665648937225342
1884,0,170,30,0,170,30,38,186,-0.544873058795929,-0.12965820729732513,-0.9192187786102295,-139.88877868652344,4.792060852050781,41.80625915527344
1885,0,170,30,0,170,30,36,137,-0.566357433795929,-0.10109375417232513,-0.9355762004852295,130.06541442871094,-1.7880916595458984,5.8520612716674805
1886,0,170,30,0,170,30,35,54,-0.508984386920929,-0.26198241114616394,-0.8283984661102295,44.966182708740234,4.99053430557251,-4.376946449279785
1887,0,170,30,0,170,30,34,73,-0.504345715045929,-0.16505859792232513,-0.9480273723602295,-31.094884872436523,-23.971298217773438,-18.224273681640625
1888,0,170,30,0,170,30,32,107,-0.47504884004592896,-0.17653320729732513,-0.9050586223602295,-85.15595245361328,-6.933129787445068,-15.76625919342041
1889,0,170,30,0,170,30,30,80,-0.48945313692092896,0.008281249552965164,-0.9768359661102295,-33.644500732421875,-7.543816566467285,-39.09450149536133
1890,0,170,30,0,170,30,29,219,-0.640087902545929,-0.24611328542232513,-0.7165820598602295,179.34786987304688,-33.29954147338867,-6.880763530731201
1891,0,170,30,4,170,30,29,56,-0.36176759004592896,-0.21144531667232513,-0.9260547161102295,24.080686569213867,2.5783205032348633,29.852062225341797
1892,0,170,30,14,170,30,26,169,-0.551464855670929,0.051982421427965164,-0.8930957317352295,-54.087249755859375,-62.6888542175293,52.554351806640625
1893,0,170,30,23,170,30,26,105,-0.631298840045929,-0.12331055104732513,-0.8572070598602295,74.7066421508789,-15.146870613098145,15.36351203918457
1894,0,170,30,31,170,30,28,32,-0.731640636920929,-0.031513672322034836,-0.7532031536102295,20.477632522583008,0.9752671718597412,10.676488876342773
1895,0,170,30,37,170,30,28,58,-0.743603527545929,-0.08693359792232513,-0.7512500286102295,-21.9040470123291,-25.92549705505371,10.508549690246582
1896,19,170,30,43,170,30,31,15,-0.686230480670929,-0.17653320729732513,-0.7756640911102295,-7.018548965454102,-2.3987786769866943,-6.254809379577637
1897,60,170,30,54,170,30,32,16,-0.724560558795929,-0.14772461354732513,-0.6777637004852295,1.1951909065246582,-3.162137508392334,-11.689923286437988
1898,98,170,30,78,170,30,33,35,-0.645703136920929,-0.19752930104732513,-0.6206347942352295,8.889847755432129,-5.482748031616211,-21.29297637939453
1899,124,170,30,88,170,30,35,63,-0.682812511920929,-0.25636717677116394,-0.7480762004852295,21.866945266723633,-11.02473258972168,-30.8349609375
1900,134,170,30,87,170,30,36,4,-0.727490246295929,-0.23878906667232513,-0.7329394817352295,0.37076330184936523,0.9141984581947327,3.149770975112915
1901,142,170,30,88,170,30,38,1,-0.727246105670929,-0.25929686427116394,-0.7246387004852295,0.5387022495269775,0.18137401342391968,1.0581679344177246
1902,133,170,30,91,170,30,39,58,-0.840527355670929,-0.21291016042232513,-0.7898242473602295,40.14175796508789,-11.620152473449707,7.119236469268799
1903,135,170,30,109,170,30,38,71,-0.795117199420929,-0.22560547292232513,-0.6408984661102295,52.85931396484375,-10.337709426879883,8.78335952758789
1904,140,170,30,135,170,30,38,114,-0.861523449420929,-0.46217772364616394,-0.7270801067352295,83.54633331298828,-26.139238357543945,4.584885597229004
1905,133,170,30,152,170,30,39,48,-0.825390636920929,-0.43141600489616394,-0.6157519817352295,38.72190856933594,-8.566717147827148,-0.9265649318695068
1906,132,170,30,153,170,30,40,1,-0.785839855670929,-0.41310545802116394,-0.4963671863079071,0.37076330184936523,-0.3377099633216858,-0.4074808955192566
1907,130,170,30,147,170,30,43,37,-0.786083996295929,-0.33058592677116394,-0.6604297161102295,30.309694290161133,3.3874809741973877,3.6230533123016357
1908,131,170,30,155,170,30,45,42,-0.835644543170929,-0.30543944239616394,-0.6054980754852295,29.286792755126953,4.517251968383789,9.149771690368652
1909,140,170,30,162,170,30,47,29,-0.777539074420929,-0.44826170802116394,-0.3630664050579071,18.660839080810547,4.364580154418945,6.966564655303955
1910,149,170,30,159,170,30,48,19,-0.781689465045929,-0.43239256739616394,-0.5193164348602295,17.225725173950195,-1.696488618850708,-0.8044275045394897
1911,163,170,30,148,170,30,48,14,-0.814648449420929,-0.36134764552116394,-0.5632617473602295,-7.827709197998047,1.662290096282959,-4.7586259841918945
1912,179,170,30,123,170,30,48,25,-0.696240246295929,-0.24245117604732513,-0.4941699206829071,-18.68267250061035,4.9294657707214355,-1.9341984987258911
1913,201,170,30,110,170,30,48,43,-0.566113293170929,-0.23976562917232513,-0.4917285144329071,-32.972747802734375,9.433282852172852,-1.0334351062774658
1914,214,170,30,102,170,30,48,36,-0.854199230670929,-0.26247069239616394,-0.8589160442352295,-26.850610733032227,4.0745038986206055,5.3482441902160645
1915,217,170,30,90,170,30,48,7,-0.737255871295929,-0.29494139552116394,-0.6562793254852295,-6.988015174865723,0.8225954174995422,-0.11740458011627197
1916,190,170,30,71,170,30,48,48,-0.729199230670929,-0.23244141042232513,-0.6025683879852295,-35.27809143066406,6.639389514923096,-6.1479387283325195
1917,97,170,30,43,170,30,48,171,-1.0973632335662842,-0.09914062917232513,-0.2466113269329071,72.14175415039062,33.280609130859375,-65.73572540283203
1918,38,170,30,22,170,30,55,160,-0.540722668170929,-0.6679883003234863,-0.6277148723602295,73.4547348022461,62.60885238647461,-24.331144332885742
1919,13,170,30,17,170,30,54,142,-0.41376954317092896,-0.6460156440734863,-0.7812793254852295,102.24862670898438,23.082136154174805,-16.987632751464844
1920,4,170,30,10,170,30,49,65,-0.47749024629592896,-0.6875195503234863,-0.6877734661102295,38.248626708984375,-17.604887008666992,9.531451225280762
1921,1,170,30,3,170,30,48,107,-0.640087902545929,-0.5822949409484863,-0.7312304973602295,42.66083908081055,58.19664001464844,-7.048702239990234
1922,0,170,30,0,170,30,47,39,-0.591015636920929,-0.6591992378234863,-0.4985644519329071,-11.110152244567871,4.303511142730713,24.20320701599121
1923,0,170,30,0,170,30,45,39,-0.550244152545929,-0.6836133003234863,-0.5588672161102295,-27.44603157043457,-3.696488380432129,8.126871109008789
1924,0,170,30,0,170,30,43,41,-0.683544933795929,-0.42287108302116394,-0.6814258098602295,-17.18648910522461,13.219541549682617,10.798625946044922
1925,0,170,30,0,170,30,42,76,-0.610546886920929,-0.5500683784484863,-0.6445605754852295,-53.87350845336914,-12.658320426940918,10.020000457763672
1926,0,170,30,0,170,30,41,83,-0.630810558795929,-0.43654295802116394,-0.7424609661102295,-66.56053161621094,-1.58961820602417,15.592519760131836
1927,0,170,30,0,170,30,40,67,-0.627148449420929,-0.37770506739616394,-0.7502734661102295,-39.751373291015625,-8.963664054870605,19.18030548095703
1928,6,170,30,0,170,30,38,38,-0.692578136920929,-0.16994141042232513,-0.8196094036102295,-19.9040470123291,-2.307175636291504,15.867328643798828
1929,51,170,30,19,170,30,38,67,-0.563427746295929,-0.22316406667232513,-0.6584765911102295,35.13412094116211,-14.627786636352539,-17.369312286376953
1930,103,170,30,75,170,30,36,113,-0.48774415254592896,-0.42677733302116394,-0.6557910442352295,62.676109313964844,-25.818626403808594,-24.758625030517578
1931,122,170,30,104,170,30,37,27,-0.702099621295929,-0.35158202052116394,-0.6828906536102295,-24.1483211517334,1.1126717329025269,2.3406107425689697
1932,53,170,30,66,170,30,41,159,-0.647656261920929,-0.32252928614616394,-0.8259570598602295,48.21809387207031,59.41801452636719,-52.30060958862305
1933,19,170,30,24,170,30,39,91,-0.562695324420929,-0.5454297065734863,-0.7051074504852295,17.469999313354492,-48.001834869384766,-25.705190658569336
1934,7,170,30,13,170,30,34,72,-0.651806652545929,-0.43483397364616394,-0.5852344036102295,-27.06435203552246,-32.90259552001953,-12.178472518920898
1935,2,170,30,13,170,30,33,28,-0.684277355670929,-0.47291991114616394,-0.6643359661102295,-14.07198429107666,-11.101068496704102,3.7451908588409424
1936,0,170,30,15,170,30,34,14,-0.705761730670929,-0.42165037989616394,-0.6413867473602295,1.0425190925598145,-1.192671775817871,12.294809341430664
1937,13,170,30,21,170,30,35,21,-0.732617199420929,-0.39625975489616394,-0.6694629192352295,9.271526336669922,-2.9331297874450684,8.829160690307617
1938,59,170,30,45,170,30,37,15,-0.654736340045929,-0.49611327052116394,-0.4924609363079071,0.8135113716125488,2.5019845962524414,12.249008178710938
1939,119,170,30,106,170,30,37,95,-0.900585949420929,-0.7033886909484863,-0.5478808879852295,67.36312866210938,-16.795726776123047,11.45511531829834
1940,143,170,30,151,170,30,38,7,-0.705273449420929,-0.5195508003234863,-0.4870898425579071,-5.613968849182129,1.0668702125549316,0.7833587527275085
1941,89,170,30,137,170,30,40,84,-0.969921886920929,-0.39333006739616394,-0.3493945300579071,-19.18648910522461,23.7691593170166,-41.491451263427734
1942,29,170,30,63,170,30,43,55,-0.569531261920929,-0.6904492378234863,-0.5312793254852295,20.950916290283203,-0.7346565127372742,-33.36931228637695
1943,11,170,30,33,170,30,39,60,-0.659863293170929,-0.5857129096984863,-0.4936816394329071,-13.613968849182129,-45.23847579956055,-2.13267183303833
1944,3,170,30,34,170,30,37,38,-0.679882824420929,-0.5984082221984863,-0.5144336223602295,-13.644503593444824,-16.261375427246094,8.310076713562012
1945,1,170,30,44,170,30,37,29,-0.789013683795929,-0.36916014552116394,-0.4634082019329071,-10.331526756286621,3.3569467067718506,15.867328643798828
1946,0,170,30,55,170,30,38,30,-0.704785168170929,-0.5566601753234863,-0.4795214831829071,-5.033816337585449,-3.2537403106689453,22.249008178710938
1947,0,170,30,68,170,30,40,18,-0.704541027545929,-0.5695996284484863,-0.5039355754852295,18.279159545898438,-0.18503814935684204,-0.4074808955192566
1948,1,170,30,79,170,30,40,19,-0.775097668170929,-0.45656248927116394,-0.4975878894329071,8.080687522888184,3.738626003265381,7.516183376312256
1949,20,170,30,86,170,30,42,33,-0.727978527545929,-0.45949217677116394,-0.4949023425579071,-16.560535430908203,10.822595596313477,6.508549690246582
1950,59,170,30,85,170,30,43,24,-0.845898449420929,-0.5930371284484863,-0.5005176067352295,-7.354427337646484,8.730992317199707,8.03526782989502
1951,94,170,30,82,170,30,44,17,-0.661572277545929,-0.37965819239616394,-0.5781543254852295,-10.209388732910156,0.7920610308647156,-6.42274808883667
1952,123,170,30,84,170,30,44,26,-0.866894543170929,-0.5363965034484863,-0.5390918254852295,-14.026183128356934,-4.887328147888184,-7.84259557723999
1953,141,170,30,90,170,30,43,62,-0.722363293170929,-0.5327343940734863,-0.7195117473602295,16.706640243530273,-24.581985473632812,-21.09450340270996
1954,150,170,30,98,170,30,43,18,-0.750195324420929,-0.49025389552116394,-0.5212695598602295,2.233358860015869,-9.482748031616211,-7.00290060043335
1955,156,170,30,117,170,30,42,10,-0.745800793170929,-0.5949902534484863,-0.4319140613079071,-10.117786407470703,-0.23083966970443726,0.29480916261672974
1956,151,170,30,148,170,30,42,26,-0.750195324420929,-0.5156445503234863,-0.4909960925579071,15.240992546081543,-10.566717147827148,0.3711450397968292
1958,144,170,30,185,170,30,41,27,-0.762646496295929,-0.5486035346984863,-0.4221484363079071,19.240991592407227,-7.330076217651367,0.9665648937225342
1959,142,170,30,216,170,30,42,35,-0.826611340045929,-0.6369824409484863,-0.3237597644329071,24.660839080810547,0.5783206224441528,10.539084434509277
1960,138,170,30,240,170,30,44,20,-0.759228527545929,-0.6162304878234863,-0.3042285144329071,9.149389266967773,6.166106700897217,5.363511562347412
1961,135,170,30,263,170,30,45,33,-0.751416027545929,-0.5705761909484863,-0.3877246081829071,10.645572662353516,14.578320503234863,8.707023620605469
1962,127,170,30,266,170,30,46,24,-0.779980480670929,-0.5583691596984863,-0.4521777331829071,-6.4536638259887695,12.120305061340332,5.668854713439941
1963,119,170,30,249,170,30,47,28,-0.712597668170929,-0.5163769721984863,-0.3012988269329071,-18.178855895996094,9.295877456665039,1.1803053617477417
1964,92,170,30,198,170,30,48,21,-0.757763683795929,-0.44655272364616394,-0.4748828113079071,-13.919312477111816,5.219542026519775,2.6001527309417725
1965,36,170,30,127,170,30,49,89,-0.749951183795929,-0.5305371284484863,-0.5158984661102295,33.744808197021484,16.425647735595703,-39.384578704833984
1966,12,170,30,84,170,30,49,44,-0.681347668170929,-0.6042675971984863,-0.4429003894329071,16.9814510345459,9.585954666137695,-17.567785263061523
1967,4,170,30,74,170,30,48,14,-0.666699230670929,-0.6465039253234863,-0.4380175769329071,5.378396987915039,6.9294657707214355,1.7909923791885376
1968,1,170,30,74,170,30,47,41,-0.592236340045929,-0.6853222846984863,-0.4409472644329071,18.462366104125977,7.372213840484619,-15.888396263122559
1969,0,170,30,76,170,30,44,48,-0.607128918170929,-0.7212109565734863,-0.3796679675579071,17.408931732177734,-13.620152473449707,-16.987632751464844
1970,0,170,30,68,170,30,43,60,-0.572949230670929,-0.7470898628234863,-0.3872363269329071,31.866945266723633,-4.948396682739258,-23.231908798217773
1971,0,170,30,55,170,30,39,63,-0.624707043170929,-0.7190136909484863,-0.4001757800579071,-11.96511459350586,-24.597251892089844,27.42458152770996
1972,0,170,30,49,170,30,40,45,-0.682324230670929,-0.5617871284484863,-0.4043261706829071,-12.575800895690918,13.341679573059082,19.913129806518555
1973,0,170,30,43,170,30,41,55,-0.687939465045929,-0.6252636909484863,-0.4324023425579071,-14.575800895690918,17.585952758789062,23.073434829711914
1974,0,170,30,42,170,30,42,32,-0.736279308795929,-0.5717968940734863,-0.4060351550579071,-4.133053779602051,12.700458526611328,15.348244667053223
1975,0,170,30,51,170,30,44,30,-0.581494152545929,-0.6799511909484863,-0.5129687786102295,6.9356489181518555,17.402748107910156,6.0963358879089355
1976,0,170,30,55,170,30,43,33,-0.701367199420929,-0.5996289253234863,-0.4365527331829071,0.6150381565093994,-7.635419845581055,25.332977294921875
1977,5,170,30,70,170,30,42,54,-0.775341808795929,-0.5368847846984863,-0.4934374988079071,23.943281173706055,3.952366352081299,26.936031341552734
1978,41,170,30,98,170,30,41,65,-0.707714855670929,-0.5717968940734863,-0.3015429675579071,21.31732749938965,-33.20793914794922,-10.60595417022705
1979,78,170,30,132,170,30,41,5,-0.750683605670929,-0.6230664253234863,-0.3103320300579071,-4.377327919006348,-0.09343510866165161,-0.9112977385520935
1980,42,170,30,123,170,30,44,73,-0.848339855670929,-0.44508787989616394,-0.2961718738079071,-2.2857253551483154,42.76152420043945,-28.132671356201172
1981,15,170,30,73,170,30,45,38,-0.674755871295929,-0.6562695503234863,-0.3989550769329071,-19.140687942504883,2.1355724334716797,17.668855667114258
1982,4,170,30,45,170,30,44,81,-0.673779308795929,-0.7133984565734863,-0.3620898425579071,-22.194122314453125,-18.139238357543945,41.63832092285156
1983,57,170,30,68,170,30,45,50,-0.716992199420929,-0.6841015815734863,-0.3264453113079071,41.54633712768555,-6.765190601348877,2.371145009994507
1984,104,170,30,137,170,30,45,13,-0.712597668170929,-0.5410351753234863,-0.3027636706829071,8.950916290283203,1.9676334857940674,2.2795419692993164
1985,69,170,30,154,170,30,47,126,-1.0294921398162842,-0.38917967677116394,-0.0776660144329071,-12.499464988708496,36.669921875,-76.8655014038086
1986,23,170,30,77,170,30,49,80,-0.570751965045929,-0.7497754096984863,-0.4123828113079071,24.477632522583008,14.68519115447998,-41.67465591430664
1987,9,170,30,39,170,30,45,47,-0.612744152545929,-0.7290234565734863,-0.3179003894329071,-19.20175552368164,-27.406414031982422,1.348244309425354
1988,3,170,30,24,170,30,39,147,-0.692089855670929,-0.6057324409484863,-0.0935351550579071,-82.46893310546875,-43.452213287353516,-21.781526565551758
1989,1,170,30,19,170,30,35,91,-0.599072277545929,-0.7185254096984863,-0.3515917956829071,-39.85824203491211,-4.459847450256348,46.90549850463867
1990,0,170,30,16,170,30,38,58,-0.706738293170929,-0.6831250190734863,-0.5527637004852295,-11.354427337646484,24.257709503173828,22.7222900390625
1991,0,170,30,26,170,30,40,71,-0.736035168170929,-0.5576367378234863,-0.4743945300579071,34.141754150390625,5.8607635498046875,31.409313201904297
1992,0,170,30,52,170,30,41,45,-0.747265636920929,-0.5764355659484863,-0.3713671863079071,20.73717498779297,-2.0018320083618164,23.226106643676758
1993,0,170,30,83,170,30,42,61,-0.684765636920929,-0.6115918159484863,-0.4311816394329071,46.81351089477539,-3.330076217651367,11.699389457702637
1994,0,170,30,106,170,30,41,31,-0.742382824420929,-0.5676465034484863,-0.3508593738079071,-2.4231297969818115,-2.7804579734802246,26.355878829956055
1995,20,170,30,127,170,30,43,11,-0.729443371295929,-0.5341992378234863,-0.2727343738079071,-2.1788547039031982,-1.833893060684204,-7.125038146972656
1996,105,170,30,126,170,30,43,4,-0.744091808795929,-0.5183300971984863,-0.1711718738079071,-0.62160325050354,-1.085801601409912,-2.636488676071167
1997,188,170,30,116,170,30,44,15,-0.782421886920929,-0.5393261909484863,-0.3650195300579071,-12.484198570251465,1.7844274044036865,-1.0639694929122925
1998,237,170,30,97,170,30,44,30,-0.755566418170929,-0.45290037989616394,-0.3564746081829071,-20.850610733032227,-6.0323662757873535,-3.7662596702575684
1999,252,170,30,72,170,30,45,16,-0.799023449420929,-0.6364941596984863,-0.3579394519329071,-13.217022895812988,0.7767938375473022,-2.7280917167663574
2000,228,170,30,57,170,30,46,24,-0.765576183795929,-0.5490918159484863,-0.3999316394329071,-14.224656105041504,4.593587875366211,-5.415114402770996
2001,93,170,30,36,170,30,51,216,-0.687939465045929,-0.5322461128234863,-0.5066211223602295,60.5234375,61.50961685180664,-94.13267517089844
2002,37,170,30,24,170,30,47,47,-0.49409180879592896,-0.7917675971984863,-0.4172656238079071,9.271526336669922,-33.879695892333984,3.974198341369629
2003,14,170,30,31,170,30,43,42,-0.591503918170929,-0.8095898628234863,-0.2856738269329071,5.622672080993652,-22.49038314819336,-14.667022705078125
2004,4,170,30,39,170,30,43,69,-0.749218761920929,-0.5725293159484863,-0.4150683581829071,-28.34679412841797,27.387479782104492,13.913129806518555
2005,1,170,30,37,170,30,44,57,-0.748974621295929,-0.5737500190734863,-0.4255664050579071,-40.37732696533203,-1.4369466304779053,15.256641387939453
2006,0,170,30,28,170,30,45,85,-0.704296886920929,-0.5703320503234863,-0.5019824504852295,-41.033817291259766,15.26534366607666,28.813894271850586
2007,0,170,30,27,170,30,45,32,-0.743847668170929,-0.5295605659484863,-0.4917285144329071,-9.67503833770752,-6.872061252593994,15.592519760131836
2008,42,170,30,45,170,30,45,40,-0.748486340045929,-0.48219725489616394,-0.6394336223602295,21.042518615722656,-12.368244171142578,7.195572376251221
2009,118,170,30,88,170,30,43,51,-0.795361340045929,-0.6416211128234863,-0.3935839831829071,27.97381591796875,-15.940762519836426,7.653587818145752
2010,183,170,30,120,170,30,42,52,-0.670605480670929,-0.46144530177116394,-0.5080859661102295,20.17228889465332,-22.337711334228516,-9.67465591430664
2011,221,170,30,134,170,30,42,8,-0.764111340045929,-0.5964550971984863,-0.3020312488079071,5.714274883270264,-0.20030540227890015,3.0276336669921875
2012,237,170,30,132,170,30,44,11,-0.769238293170929,-0.5744824409484863,-0.3252246081829071,3.5158016681671143,3.799694776535034,4.661221504211426
2013,214,170,30,135,170,30,45,57,-0.863476574420929,-0.43117186427116394,-0.5119922161102295,35.05778503417969,-0.5361831784248352,21.500917434692383
2014,202,170,30,153,170,30,46,51,-0.825634777545929,-0.5984082221984863,-0.2055957019329071,38.294429779052734,0.24244272708892822,12.920763969421387
2015,198,170,30,184,170,30,46,47,-0.706982433795929,-0.5268750190734863,-0.1120898425579071,36.584503173828125,-8.398778915405273,-2.346412181854248
2016,192,170,30,195,170,30,47,3,-0.800976574420929,-0.5996289253234863,-0.1750781238079071,0.15702295303344727,-1.4522137641906738,-2.13267183303833
2017,183,170,30,185,170,30,48,7,-0.793896496295929,-0.5727734565734863,-0.2138964831829071,4.12648868560791,-2.093435049057007,-1.0945038795471191
2018,161,170,30,181,170,30,50,51,-0.814892590045929,-0.5476269721984863,0.010224608704447746,-23.140687942504883,27.63175392150879,1.0734350681304932
2019,150,170,30,188,170,30,52,8,-0.803173840045929,-0.5727734565734863,-0.5976855754852295,1.2257251739501953,6.089770793914795,-1.5372519493103027
2020,158,170,30,203,170,30,52,17,-0.785107433795929,-0.5551953315734863,-0.3176562488079071,13.653206825256348,-3.3606104850769043,-0.025801528245210648
2021,168,170,30,208,170,30,52,2,-0.787060558795929,-0.5649609565734863,-0.2637011706829071,0.844045877456665,0.8531297445297241,0.8444274663925171
2023,183,170,30,205,170,30,51,1,-0.781445324420929,-0.5571484565734863,-0.3025195300579071,-1.4460303783416748,0.08977097272872925,-0.2853434979915619
2024,194,170,30,162,170,30,51,30,-0.964794933795929,-0.6604199409484863,-0.3249804675579071,-20.300992965698242,1.9065649509429932,-8.25480842590332
2025,222,170,30,103,170,30,52,54,-0.855419933795929,-0.6562695503234863,-0.2497851550579071,-39.18648910522461,9.967633247375488,-5.506717681884766
2026,238,170,30,70,170,30,51,22,-0.760937511920929,-0.5376172065734863,-0.3279101550579071,-8.117786407470703,-3.7422900199890137,-10.224274635314941
2027,118,170,30,44,170,30,52,195,-1.0827147960662842,-0.29811522364616394,-0.0820605456829071,55.866947174072266,32.45618438720703,-107.2777099609375
2028,45,170,30,27,170,30,53,103,-0.552441418170929,-0.7749218940734863,-0.3227832019329071,20.340229034423828,49.295875549316406,-34.13267135620117
2029,15,170,30,24,170,30,52,56,-0.44306641817092896,-0.7834668159484863,-0.4521777331829071,26.81351089477539,26.34931182861328,-3.781526803970337
2030,6,170,30,24,170,30,48,45,-0.517041027545929,-0.8083691596984863,-0.3796679675579071,12.553969383239746,-22.352977752685547,-10.407480239868164
2031,2,170,30,23,170,30,44,40,-0.538281261920929,-0.7558789253234863,-0.3701464831829071,13.668473243713379,-2.9178626537323,23.699390411376953
2032,0,170,30,25,170,30,44,57,-0.594189465045929,-0.7238965034484863,-0.2939746081829071,7.073053359985352,38.440914154052734,12.462748527526855
2033,0,170,30,17,170,30,47,72,-0.640332043170929,-0.7170605659484863,-0.3750292956829071,-23.537633895874023,23.7691593170166,25.073434829711914
2034,0,170,30,9,170,30,47,17,-0.585400402545929,-0.7539258003234863,-0.4031054675579071,2.7982442378997803,-0.7041221261024475,14.126871109008789
2035,0,170,30,3,170,30,45,16,-0.663037121295929,-0.7124218940734863,-0.3432910144329071,6.019618034362793,-0.6277863383293152,10.172672271728516
2036,0,170,30,1,170,30,44,27,-0.595654308795929,-0.6960644721984863,-0.3982226550579071,-24.881145477294922,1.8454961776733398,-0.43801525235176086
2037,0,170,30,0,170,30,43,63,-0.648876965045929,-0.6450390815734863,-0.4485156238079071,-48.63686752319336,5.769160270690918,8.737557411193848
2038,0,170,30,0,170,30,42,72,-0.697705090045929,-0.5671582221984863,-0.4575488269329071,-41.99564743041992,6.669923782348633,23.439847946166992
2039,0,170,30,0,170,30,42,48,-0.672558605670929,-0.5937695503234863,-0.5322558879852295,-28.881147384643555,2.2119083404541016,17.226106643676758
2040,0,170,30,3,170,30,42,40,-0.664013683795929,-0.5029492378234863,-0.6225879192352295,-25.980382919311523,0.33404576778411865,14.386412620544434
2041,9,170,30,8,170,30,41,30,-0.734326183795929,-0.35207030177116394,-0.6067187786102295,-11.186488151550293,2.8989312648773193,16.890230178833008
2042,70,170,30,57,170,30,42,79,-0.627392590045929,-0.36403319239616394,-0.6892383098602295,59.149391174316406,-8.765191078186035,11.974199295043945
2043,161,170,30,151,170,30,40,121,-0.748486340045929,-0.42995116114616394,-0.3547656238079071,64.99671936035156,-39.055267333984375,-17.354045867919922
2044,220,170,30,232,170,30,38,14,-0.729687511920929,-0.5681347846984863,-0.5088183879852295,9.943282127380371,-3.7117557525634766,0.4016793966293335
2045,224,170,30,240,170,30,40,51,-0.736035168170929,-0.5454297065734863,-0.4201953113079071,-41.53763198852539,7.677557468414307,2.2795419692993164
2046,89,170,30,151,170,30,44,146,-0.627880871295929,-0.5681347846984863,-0.6079394817352295,39.69900894165039,42.379844665527344,-64.27008056640625
2047,32,170,30,70,170,30,41,58,-0.610546886920929,-0.6943554878234863,-0.4966113269329071,-10.972747802734375,-43.375877380371094,3.897862672805786
2048,11,170,30,45,170,30,37,67,-0.676953136920929,-0.6045117378234863,-0.4328906238079071,-21.873512268066406,-32.50564956665039,-13.109770774841309
2049,3,170,30,42,170,30,36,57,-0.717724621295929,-0.6662793159484863,-0.4175097644329071,28.706640243530273,-23.52855110168457,5.149770736694336
2050,1,170,30,39,170,30,37,26,-0.754589855670929,-0.6526074409484863,-0.2866503894329071,-5.766640663146973,-10.032366752624512,10.997099876403809
2051,0,170,30,35,170,30,38,18,-0.688427746295929,-0.6616406440734863,-0.3913867175579071,8.538702011108398,-4.1392364501953125,5.745190620422363
2052,23,170,30,40,170,30,40,29,-0.767773449420929,-0.5952343940734863,-0.3445117175579071,13.408931732177734,3.662290096282959,12.03526782989502
2053,79,170,30,75,170,30,40,77,-0.781689465045929,-0.5378613471984863,-0.4106738269329071,48.53870391845703,-18.70412254333496,10.737557411193848
2054,134,170,30,168,170,30,40,58,-0.579296886920929,-0.49953123927116394,-0.2309863269329071,41.77534484863281,-15.879694938659668,0.8444274663925171
2055,154,170,30,237,170,30,41,15,-0.768750011920929,-0.5986523628234863,-0.2026660144329071,12.065420150756836,-1.7728242874145508,-1.6288549900054932
2056,101,170,30,204,170,30,44,55,-0.878125011920929,-0.5578808784484863,-0.2168261706829071,-35.65977096557617,2.120305299758911,-18.132671356201172
2057,33,170,30,106,170,30,46,67,-0.587353527545929,-0.8122754096984863,-0.2312304675579071,14.462367057800293,14.944732666015625,-37.59832000732422
2058,13,170,30,55,170,30,44,33,-0.649365246295929,-0.7280468940734863,-0.2270800769329071,-7.049083709716797,-19.894962310791016,-6.743358612060547
2059,4,170,30,37,170,30,42,14,-0.644238293170929,-0.7329297065734863,-0.2866503894329071,5.531068801879883,-6.200305461883545,-3.2166411876678467
2060,1,170,30,30,170,30,42,19,-0.679150402545929,-0.6694531440734863,-0.1914355456829071,-5.58343505859375,-3.803358554840088,-9.949464797973633
2061,0,170,30,14,170,30,41,18,-0.600781261920929,-0.7868847846984863,-0.2285449206829071,-11.78190803527832,2.1355724334716797,4.783358573913574
2062,0,170,30,4,170,30,43,128,-0.710888683795929,-0.5664258003234863,-0.4433886706829071,-69.5223617553711,29.67755699157715,29.149770736694336
2063,0,170,30,0,170,30,46,185,-0.644238293170929,-0.7282910346984863,-0.3979785144329071,-114.37732696533203,46.486717224121094,24.737558364868164
2064,0,170,30,0,170,30,46,25,-0.630078136920929,-0.5818066596984863,-0.5871875286102295,8.889847755432129,-7.818625450134277,-8.987632751464844
2065,0,170,30,0,170,30,44,17,-0.634228527545929,-0.46706053614616394,-0.6194140911102295,6.080687046051025,-10.765191078186035,0.17267175018787384
2066,0,170,30,0,170,30,42,31,-0.667431652545929,-0.6096386909484863,-0.4663378894329071,9.424198150634766,-19.711755752563477,-2.2242748737335205
2067,0,170,30,0,170,30,42,62,-0.669873058795929,-0.5490918159484863,-0.5442187786102295,-53.705570220947266,8.700457572937012,0.019999999552965164
2068,0,170,30,0,170,30,42,38,-0.684277355670929,-0.5444531440734863,-0.5603320598602295,-33.93457794189453,-0.2919084429740906,4.386412143707275
2069,0,170,30,0,170,30,42,14,-0.707958996295929,-0.5498242378234863,-0.5412890911102295,6.477633476257324,0.8531297445297241,6.752824306488037
2070,0,170,30,0,170,30,42,22,-0.727001965045929,-0.49879881739616394,-0.5427539348602295,6.41656494140625,7.555419921875,8.920763969421387
2071,0,170,30,0,170,30,42,39,-0.678173840045929,-0.44997069239616394,-0.5898730754852295,7.92801570892334,11.723359107971191,19.638320922851562
2072,0,170,30,1,170,30,42,54,-0.723339855670929,-0.46828123927116394,-0.5913379192352295,-26.34679412841797,8.33404541015625,19.653587341308594
2073,0,170,30,8,170,30,41,29,-0.673291027545929,-0.5410351753234863,-0.5830371379852295,-0.4383969306945801,-14.414045333862305,14.874961853027344
2074,3,170,30,12,170,30,41,12,-0.740429699420929,-0.39308592677116394,-0.5412890911102295,4.874580383300781,2.120305299758911,5.103969573974609
2075,26,170,30,16,170,30,42,24,-0.768505871295929,-0.42409178614616394,-0.6213672161102295,-20.697938919067383,2.5630533695220947,-1.1861069202423096
2076,54,170,30,17,170,30,43,42,-0.777539074420929,-0.5630078315734863,-0.5920703411102295,-33.53763198852539,6.257709980010986,-2.3616793155670166
2077,73,170,30,14,170,30,44,53,-0.685986340045929,-0.33766600489616394,-0.6094043254852295,-44.972747802734375,5.677557468414307,-2.667022943496704
2078,80,170,30,9,170,30,44,48,-0.655712902545929,-0.30788084864616394,-0.6926562786102295,-40.82007598876953,2.3645801544189453,-5.2777099609375
2080,79,170,30,5,170,30,44,26,-0.694775402545929,-0.27223631739616394,-0.6528613567352295,-24.300992965698242,0.8683969378471375,-1.7357251644134521
2081,78,170,30,2,170,30,44,39,-0.739941418170929,-0.30446287989616394,-0.6782519817352295,-27.155954360961914,-4.688854694366455,-7.659389495849609
2082,77,170,30,4,170,30,43,43,-0.699414074420929,-0.33668944239616394,-0.6218554973602295,-37.4918327331543,1.876030445098877,3.9283969402313232
2083,83,170,30,13,170,30,43,11,-0.706494152545929,-0.33766600489616394,-0.6872851848602295,5.714274883270264,-3.6506872177124023,-2.1784732341766357
2084,85,170,30,21,170,30,42,43,-0.686718761920929,-0.31398436427116394,-0.6272265911102295,18.492900848388672,-13.452213287353516,-11.155571937561035
2085,85,170,30,30,170,30,42,28,-0.709912121295929,-0.31862303614616394,-0.6626269817352295,18.401296615600586,-7.971297264099121,-2.315877914428711
2086,91,170,30,45,170,30,41,49,-0.723095715045929,-0.32594725489616394,-0.7004687786102295,33.8364143371582,-8.73465633392334,6.584885597229004
2087,98,170,30,64,170,30,41,44,-0.746289074420929,-0.29372069239616394,-0.5808398723602295,34.85931396484375,-2.9941983222961426,7.058167934417725
2088,103,170,30,83,170,30,42,34,-0.714062511920929,-0.29713866114616394,-0.6316211223602295,20.767709732055664,4.746259689331055,8.584885597229004
2089,111,170,30,95,170,30,44,57,-0.836132824420929,-0.25246092677116394,-0.6250293254852295,-17.278091430664062,21.647022247314453,19.027633666992188
2090,112,170,30,101,170,30,45,24,-0.754589855670929,-0.39528319239616394,-0.5808398723602295,-2.9269464015960693,10.776793479919434,11.027633666992188
2091,108,170,30,99,170,30,46,23,-0.697460949420929,-0.44606444239616394,-0.5617969036102295,1.454732894897461,10.730992317199707,11.332977294921875
2092,106,170,30,88,170,30,46,10,-0.757763683795929,-0.33009764552116394,-0.6582324504852295,7.256259918212891,2.730992317199707,0.12687022984027863
2093,75,170,30,61,170,30,46,32,-0.803906261920929,-0.20753906667232513,-0.6323535442352295,8.03488540649414,-0.12396949529647827,-24.43801498413086
2094,27,170,30,29,170,30,51,146,-0.547802746295929,-0.6237988471984863,-0.6457812786102295,67.88221740722656,44.30350875854492,-34.52961730957031
2095,10,170,30,16,170,30,50,55,-0.605664074420929,-0.5241894721984863,-0.6733691692352295,20.676105499267578,12.761527061462402,-21.705190658569336
2096,3,170,30,18,170,30,45,63,-0.588330090045929,-0.6120800971984863,-0.5906054973602295,17.17992401123047,-31.757556915283203,14.691756248474121
2097,1,170,30,22,170,30,41,33,-0.666699230670929,-0.5366406440734863,-0.5547168254852295,-14.957480430603027,-17.879695892333984,0.9665648937225342
2098,0,170,30,13,170,30,42,181,-0.716748058795929,-0.6096386909484863,-0.4922167956829071,-119.67503356933594,33.43328094482422,28.691755294799805
2099,0,170,30,0,170,30,44,132,-0.642041027545929,-0.39870116114616394,-0.6450488567352295,-107.49182891845703,2.547786235809326,-22.23954200744629
2100,0,170,30,0,170,30,44,152,-0.592724621295929,-0.10207031667232513,-1.0395801067352295,-127.43075561523438,6.456183433532715,18.462749481201172
2101,0,170,30,0,170,30,43,139,-0.578320324420929,-0.056660156697034836,-0.8960254192352295,-112.04145050048828,14.211908340454102,13.424580574035645
2102,0,170,30,0,170,30,42,77,-0.624218761920929,-0.10768555104732513,-0.8891894817352295,45.2104606628418,20.53251838684082,11.500916481018066
2103,0,170,30,0,170,30,42,41,-0.542675793170929,-0.09767578542232513,-1.1770312786102295,32.233360290527344,7.387480735778809,1.7757251262664795
2104,0,170,30,0,170,30,38,76,-0.590039074420929,-0.11623047292232513,-0.8503711223602295,40.41656494140625,-19.14687156677246,-17.430381774902344
2105,0,170,30,0,170,30,36,120,-0.632031261920929,-0.18874023854732513,-0.8442676067352295,93.8974838256836,-14.9941987991333,-12.086870193481445
2106,0,170,30,0,170,30,34,84,-0.49995118379592896,-0.5759472846984863,-0.6946094036102295,64.92037963867188,-15.238472938537598,4.355877876281738
2107,0,170,30,0,170,30,32,19,-0.583203136920929,-0.6565136909484863,-0.5530078411102295,1.790610671043396,-2.978931188583374,-14.239541053771973
2108,0,170,30,0,170,30,32,64,-0.596875011920929,-0.5549511909484863,-0.6582324504852295,28.569236755371094,-15.971297264099121,-20.1784725189209
2109,0,170,30,0,170,30,29,68,-0.534863293170929,-0.7038769721984863,-0.5371387004852295,16.767709732055664,-33.84916305541992,-17.888397216796875
2110,0,170,30,0,170,30,27,124,-0.49750977754592896,-0.7495312690734863,-0.5625293254852295,64.17228698730469,-48.673587799072266,-11.369312286376953
2111,0,170,30,9,170,30,25,70,-0.582470715045929,-0.7036328315734863,-0.4236132800579071,-7.461297035217285,-42.74992370605469,-20.63648796081543
2112,0,170,30,47,170,30,25,16,-0.767529308795929,-0.48097655177116394,-0.4785449206829071,-12.728472709655762,-1.085801601409912,2.7833588123321533
2113,0,170,30,71,170,30,25,112,-0.737500011920929,-0.5883984565734863,-0.4512011706829071,65.8974838256836,-45.543819427490234,0.874961793422699
2114,0,170,30,70,170,30,30,64,-0.550488293170929,-0.8515820503234863,-0.2339160144329071,-29.552900314331055,19.31114387512207,15.45511531829834
2115,0,170,30,73,170,30,35,109,-0.685986340045929,-0.5874218940734863,-0.4736621081829071,-52.514732360839844,47.662288665771484,9.790992736816406
2116,0,170,30,71,170,30,37,55,-0.666943371295929,-0.5766797065734863,-0.5283496379852295,-31.262826919555664,8.456183433532715,15.439847946166992
2117,0,170,30,68,170,30,38,44,-0.639843761920929,-0.5986523628234863,-0.5801074504852295,-13.140686988830566,-4.551450252532959,26.752824783325195
2118,24,170,30,82,170,30,38,38,-0.728466808795929,-0.5774121284484863,-0.5093066692352295,32.61503982543945,-5.986564636230469,-0.0868702232837677
2119,121,170,30,145,170,30,38,55,-0.760693371295929,-0.46242186427116394,-0.3105761706829071,25.485265731811523,-21.574352264404297,-8.285343170166016
2120,204,170,30,215,170,30,37,25,-0.729443371295929,-0.5639843940734863,-0.4128710925579071,17.8516788482666,-5.803358554840088,-1.7357251644134521
2121,209,170,30,223,170,30,39,54,-0.739941418170929,-0.5520215034484863,-0.4465624988079071,-45.82770919799805,4.089770793914795,-4.086870193481445
2122,77,170,30,153,170,30,43,91,-0.645214855670929,-0.6203808784484863,-0.5263965129852295,29.39366340637207,27.158472061157227,-35.125038146972656
2123,27,170,30,70,170,30,42,32,-0.770458996295929,-0.43336912989616394,-0.4768359363079071,-22.78954315185547,2.975267171859741,6.5238165855407715
2124,17,170,30,41,170,30,41,18,-0.779003918170929,-0.25929686427116394,-0.5327441692352295,-0.34679388999938965,2.7462594509124756,15.56198501586914
2125,76,170,30,71,170,30,41,35,-0.542187511920929,-0.32594725489616394,-0.3882128894329071,24.41656494140625,-3.559083938598633,7.516183376312256
2126,130,170,30,143,170,30,40,15,-0.722363293170929,-0.6938672065734863,-0.4165332019329071,10.111221313476562,-4.337709903717041,-1.5372519493103027
2127,135,170,30,186,170,30,41,5,-0.702832043170929,-0.5727734565734863,-0.3801562488079071,3.454732894897461,1.8302290439605713,0.34061068296432495
2128,54,170,30,130,170,30,44,148,-0.617138683795929,-0.7102246284484863,-0.4121386706829071,38.00435256958008,36.73099136352539,-73.82733154296875
2129,19,170,30,53,170,30,44,16,-0.605175793170929,-0.6718945503234863,-0.4563281238079071,5.714274883270264,2.4714503288269043,-8.773892402648926
2130,7,170,30,28,170,30,42,52,-0.574169933795929,-0.6899609565734863,-0.4433886706829071,-21.323894500732422,-14.566717147827148,-16.331144332885742
2131,2,170,30,24,170,30,37,79,-0.634472668170929,-0.6819043159484863,-0.4089648425579071,-33.369693756103516,-23.7880916595459,22.294809341430664
2132,0,170,30,25,170,30,38,45,-0.608837902545929,-0.6772656440734863,-0.4582812488079071,-23.64450454711914,-2.0629007816314697,19.500917434692383
2133,0,170,30,28,170,30,38,36,-0.721875011920929,-0.5717968940734863,-0.5117480754852295,-11.03381633758545,-8.520915985107422,16.737558364868164
2134,0,170,30,35,170,30,38,32,-0.689648449420929,-0.6257519721984863,-0.4836718738079071,-2.3925955295562744,7.662290096282959,22.096336364746094
2135,0,170,30,45,170,30,40,34,-0.747998058795929,-0.5603222846984863,-0.4509570300579071,19.408931732177734,4.547786235809326,10.478015899658203
2136,0,170,30,64,170,30,40,51,-0.732373058795929,-0.5359082221984863,-0.4751269519329071,46.7677116394043,2.1813740730285645,2.4932823181152344
2137,0,170,30,92,170,30,40,90,-0.765820324420929,-0.5537304878234863,-0.3713671863079071,59.912750244140625,-16.917863845825195,13.806260108947754
2138,0,170,30,116,170,30,40,41,-0.680126965045929,-0.6867871284484863,-0.3740527331829071,17.683740615844727,-11.345343589782715,12.81389331817627
2139,0,170,30,134,170,30,41,27,-0.784130871295929,-0.5185742378234863,-0.3176562488079071,5.576869964599609,-4.383511543273926,17.775726318359375
2140,11,170,30,145,170,30,42,19,-0.767773449420929,-0.35841795802116394,-0.2727343738079071,-3.3849618434906006,-5.498015403747559,-10.667022705078125
2141,80,170,30,128,170,30,43,42,-0.747265636920929,-0.5251660346984863,-0.3056933581829071,-19.018550872802734,-9.436946868896484,-14.14793872833252
2142,147,170,30,104,170,30,44,74,-0.856884777545929,-0.6570019721984863,-0.4121386706829071,-42.56053161621094,-12.505648612976074,-19.705190658569336
2143,194,170,30,92,170,30,44,44,-0.745312511920929,-0.6828808784484863,-0.3103320300579071,-29.155954360961914,-3.4980154037475586,-11.491450309753418
2144,203,170,30,78,170,30,45,9,-0.755322277545929,-0.6111035346984863,-0.3149707019329071,-7.8887786865234375,1.5554198026657104,-0.3311450183391571
2145,97,170,30,52,170,30,48,104,-0.980419933795929,-0.39992186427116394,-0.3310839831829071,13.683740615844727,31.250076293945312,-59.24717330932617
2146,38,170,30,35,170,30,47,62,-0.49531251192092896,-0.8515820503234863,-0.2790820300579071,32.27915954589844,-6.16977071762085,-24.331144332885742
2147,14,170,30,32,170,30,43,25,-0.717968761920929,-0.7011914253234863,-0.1533496081829071,-19.24755859375,-1.4674808979034424,4.829160213470459
2148,5,170,30,33,170,30,44,83,-0.667187511920929,-0.6579785346984863,-0.3386523425579071,-19.613969802856445,25.021068572998047,39.317710876464844
2149,1,170,30,35,170,30,44,55,-0.701855480670929,-0.6220898628234863,-0.3957812488079071,-37.0490837097168,-2.8262596130371094,15.882596015930176
2150,0,170,30,30,170,30,45,130,-0.635693371295929,-0.7363476753234863,-0.4702441394329071,-80.3162612915039,21.830228805541992,28.355878829956055
2152,0,170,30,23,170,30,46,37,-0.607861340045929,-0.6892285346984863,-0.5356738567352295,-16.178855895996094,1.7386260032653809,19.409313201904297
2153,0,170,30,20,170,30,45,76,-0.760205090045929,-0.5068554878234863,-0.5190722942352295,-29.629236221313477,-10.169771194458008,37.14977264404297
2154,26,170,30,31,170,30,45,14,-0.748730480670929,-0.44655272364616394,-0.5268847942352295,1.5463359355926514,-3.513282299041748,9.348244667053223
2155,74,170,30,57,170,30,44,71,-0.706738293170929,-0.39748045802116394,-0.5544726848602295,21.51580047607422,-31.833892822265625,-17.979999542236328
2156,114,170,30,83,170,30,42,41,-0.789990246295929,-0.6069531440734863,-0.2458789050579071,24.141754150390625,-13.681221008300781,-3.3387787342071533
2157,138,170,30,100,170,30,42,9,-0.759716808795929,-0.5466504096984863,-0.3901660144329071,4.905114650726318,1.6164884567260742,2.9207632541656494
2158,144,170,30,112,170,30,44,23,-0.767773449420929,-0.5591015815734863,-0.3550097644329071,10.202824592590332,5.311145305633545,8.249008178710938
2159,141,170,30,134,170,30,44,54,-0.763623058795929,-0.5769238471984863,-0.3352343738079071,34.248626708984375,-17.314809799194336,3.149770975112915
2160,143,170,30,212,170,30,44,35,-0.777539074420929,-0.5730175971984863,-0.2317187488079071,25.57686996459961,-6.9636640548706055,-2.4685497283935547
2161,140,170,30,284,170,30,45,20,-0.760693371295929,-0.6010937690734863,-0.2451464831829071,14.080687522888184,-4.078167915344238,-1.9189313650131226
2162,135,170,30,307,170,30,45,2,-0.777783215045929,-0.5810742378234863,-0.2422167956829071,1.9280153512954712,0.08977097272872925,-0.4532824456691742
2163,116,170,30,300,170,30,48,20,-0.782666027545929,-0.6347851753234863,-0.2947070300579071,-0.9269464015960693,16.379846572875977,3.500916004180908
2164,95,170,30,285,170,30,51,33,-0.861767590045929,-0.6533398628234863,-0.3933398425579071,5.683740615844727,23.75389289855957,4.401679515838623
2165,93,170,30,275,170,30,51,8,-0.777539074420929,-0.5844922065734863,-0.3303515613079071,7.210457801818848,1.051603078842163,-0.31587785482406616
2166,98,170,30,272,170,30,51,6,-0.774121105670929,-0.5739941596984863,-0.3095996081829071,5.85167932510376,-0.5514504313468933,-0.27007633447647095
2167,112,170,30,269,170,30,50,23,-0.888134777545929,-0.7912793159484863,-0.3852832019329071,-12.041450500488281,-6.230839729309082,-5.262442588806152
2168,129,170,30,219,170,30,50,33,-0.927441418170929,-0.6972851753234863,-0.3970019519329071,-20.300992965698242,10.97526741027832,2.43221378326416
2169,142,170,30,140,170,30,52,84,-0.683056652545929,-0.5268750190734863,-0.4699999988079071,-66.56053161621094,17.09740447998047,-1.3235114812850952
2170,146,170,30,93,170,30,51,18,-0.742626965045929,-0.5442090034484863,-0.4104296863079071,-14.789542198181152,0.25770992040634155,-3.6135878562927246
2171,121,170,30,69,170,30,51,43,-0.760693371295929,-0.5520215034484863,-0.4389941394329071,-38.43839645385742,4.807328224182129,-0.7280915975570679
2172,42,170,30,42,170,30,54,218,-0.643261730670929,-0.6084179878234863,-0.4333789050579071,110.11122131347656,30.288244247436523,-77.87313079833984
2173,14,170,30,30,170,30,52,74,-0.607128918170929,-0.6404004096984863,-0.4192187488079071,21.882213592529297,27.43328094482422,-25.231908798217773
2174,5,170,30,24,170,30,51,64,-0.49970704317092896,-0.8335156440734863,-0.4429003894329071,30.401296615600586,20.608854293823242,-13.170839309692383
2175,1,170,30,14,170,30,49,96,-0.561718761920929,-0.6985058784484863,-0.4956347644329071,75.1951904296875,18.807327270507812,2.4169466495513916
2176,0,170,30,3,170,30,50,74,-0.533154308795929,-0.7768750190734863,-0.3352343738079071,5.866946697235107,45.341678619384766,22.951297760009766
2177,0,170,30,0,170,30,50,51,-0.523388683795929,-0.8073925971984863,-0.4634082019329071,-26.98801612854004,14.807328224182129,9.85206127166748
2178,0,170,30,0,170,30,47,57,-0.580029308795929,-0.7404980659484863,-0.3860156238079071,-32.77427291870117,-19.116336822509766,5.30244255065918
2179,0,170,30,0,170,30,45,66,-0.584912121295929,-0.7353711128234863,-0.3664843738079071,-41.9193115234375,2.517251968383789,21.92839813232422
2180,0,170,30,0,170,30,44,104,-0.652783215045929,-0.6159863471984863,-0.4856249988079071,-70.43839263916016,-5.421679496765137,28.874961853027344
2181,0,170,30,0,170,30,42,58,-0.611523449420929,-0.5735058784484863,-0.6389453411102295,-28.071985244750977,-8.581984519958496,21.897863388061523
2182,0,170,30,2,170,30,41,50,-0.623242199420929,-0.5883984565734863,-0.5945117473602295,-11.934579849243164,-14.872060775756836,23.852062225341797
2183,13,170,30,6,170,30,40,40,-0.790966808795929,-0.36769530177116394,-0.6775195598602295,29.637937545776367,-10.078167915344238,0.9360305070877075
2184,80,170,30,45,170,30,40,88,-0.851269543170929,-0.38942381739616394,-0.7241504192352295,45.515804290771484,-29.589618682861328,-13.537251472473145
2185,155,170,30,131,170,30,35,95,-0.648876965045929,-0.42287108302116394,-0.4255664050579071,39.62267303466797,-40.35297775268555,-15.99526596069336
2186,184,170,30,183,170,30,36,28,-0.727978527545929,-0.5974316596984863,-0.4155566394329071,-26.102519989013672,-2.5667176246643066,0.14213740825653076
2187,79,170,30,129,170,30,42,169,-0.737255871295929,-0.44557616114616394,-0.5063769817352295,38.584503173828125,54.71572494506836,-76.51435089111328
2188,28,170,30,67,170,30,41,35,-0.548291027545929,-0.7285351753234863,-0.5327441692352295,1.2867939472198486,-22.2308406829834,12.401679992675781
2189,10,170,30,59,170,30,38,52,-0.624707043170929,-0.6855664253234863,-0.4319140613079071,13.179924011230469,-34.612518310546875,-4.880763530731201
2190,3,170,30,62,170,30,36,42,-0.673046886920929,-0.6320996284484863,-0.4778124988079071,9.92801570892334,-31.00946617126465,-1.812061071395874
2191,1,170,30,53,170,30,36,21,-0.678906261920929,-0.6118359565734863,-0.4658496081829071,-12.026183128356934,-7.162137031555176,2.7222900390625
2192,0,170,30,49,170,30,37,14,-0.734570324420929,-0.6030468940734863,-0.3789355456829071,0.309694766998291,-13.635419845581055,-0.8349618315696716
2193,1,170,30,45,170,30,38,19,-0.858105480670929,-0.42360350489616394,-0.2466113269329071,-1.980381727218628,2.1508395671844482,15.210840225219727
2194,46,170,30,51,170,30,39,62,-0.853466808795929,-0.6633496284484863,-0.2551562488079071,51.62267303466797,-6.978931427001953,3.8215267658233643
2195,108,170,30,122,170,30,40,113,-0.717968761920929,-0.44606444239616394,-0.4946582019329071,77.34786224365234,-33.879695892333984,1.8520610332489014
2196,152,170,30,214,170,30,40,53,-0.736523449420929,-0.6362500190734863,-0.1545703113079071,44.92038345336914,-1.6048853397369385,6.645954132080078
2197,168,170,30,279,170,30,41,12,-0.768750011920929,-0.7287793159484863,-0.1579882800579071,8.90511417388916,-3.5743513107299805,-0.4074808955192566
2198,146,170,30,276,170,30,43,72,-0.794384777545929,-0.6189160346984863,-0.056181639432907104,-43.90404510498047,20.85312843322754,-8.224274635314941
2199,48,170,30,157,170,30,47,91,-0.568798840045929,-0.8442578315734863,-0.1706835925579071,14.233359336853027,14.379847526550293,-62.987632751464844
2200,17,170,30,77,170,30,45,34,-0.658154308795929,-0.6675000190734863,-0.2278124988079071,-14.331526756286621,-11.28427505493164,-8.957098960876465
2201,5,170,30,53,170,30,43,23,-0.623486340045929,-0.7761425971984863,-0.2295214831829071,-5.201755523681641,-11.543816566467285,-7.125038146972656
2203,1,170,30,46,170,30,41,24,-0.663769543170929,-0.7004590034484863,-0.1858203113079071,-10.865877151489258,-11.803359031677246,2.111603021621704
2204,0,170,30,41,170,30,41,19,-0.643017590045929,-0.7417187690734863,-0.2314746081829071,-12.194122314453125,1.5706870555877686,6.233740329742432
2205,0,170,30,35,170,30,42,84,-0.701367199420929,-0.6877636909484863,-0.3537890613079071,-50.087249755859375,18.944732666015625,15.85206127166748
2206,0,170,30,37,170,30,42,41,-0.673779308795929,-0.6687207221984863,-0.2705371081829071,-20.178855895996094,0.6393892765045166,20.92076301574707
2207,0,170,30,44,170,30,43,37,-0.715039074420929,-0.6499218940734863,-0.3489062488079071,-22.02618408203125,6.532519340515137,9.119236946105957
2208,0,170,30,52,170,30,44,35,-0.771679699420929,-0.6257519721984863,-0.3833300769329071,20.324960708618164,-2.4598472118377686,12.645955085754395
2209,0,170,30,72,170,30,43,47,-0.631054699420929,-0.6782422065734863,-0.3428027331829071,26.263893127441406,-8.749923706054688,12.020000457763672
2210,0,170,30,92,170,30,43,33,-0.709912121295929,-0.6384472846984863,-0.3010546863079071,-8.728472709655762,3.4943511486053467,21.592519760131836
2211,0,170,30,109,170,30,44,51,-0.736523449420929,-0.5813183784484863,-0.3401171863079071,-24.392595291137695,4.456182956695557,22.38641357421875
2212,36,170,30,112,170,30,46,35,-0.753125011920929,-0.6059765815734863,-0.2737109363079071,-14.759007453918457,13.295877456665039,7.714656352996826
2213,105,170,30,121,170,30,47,6,-0.784130871295929,-0.6181836128234863,-0.3572070300579071,2.7829771041870117,2.8989312648773193,0.8902289867401123
2214,163,170,30,139,170,30,46,4,-0.735058605670929,-0.47072264552116394,-0.2497851550579071,-1.9345800876617432,-0.4445801377296448,1.684122085571289
2215,212,170,30,172,170,30,44,25,-0.861279308795929,-0.6128125190734863,-0.1794726550579071,10.370763778686523,-13.818625450134277,-1.689923644065857
2216,239,170,30,211,170,30,43,19,-0.826611340045929,-0.5866894721984863,-0.3503710925579071,-0.23992371559143066,-18.459848403930664,-0.5754198431968689
2217,240,170,30,257,170,30,42,60,-0.747509777545929,-0.6098828315734863,-0.3806445300579071,37.1951904296875,-11.482748031616211,11.332977294921875
2218,214,170,30,305,170,30,43,50,-0.798046886920929,-0.5752148628234863,-0.1462695300579071,37.98908615112305,-0.3377099633216858,12.03526782989502
2219,186,170,30,347,170,30,45,40,-0.855664074420929,-0.6069531440734863,-0.1233203113079071,18.172290802001953,16.379846572875977,6.3100762367248535
2220,174,170,30,380,170,30,48,17,-0.758984386920929,-0.5971875190734863,-0.1621386706829071,2.202824592590332,14.42564868927002,-1.2319084405899048
2221,167,170,30,396,170,30,50,2,-0.783398449420929,-0.5822949409484863,-0.1592089831829071,0.23335886001586914,-1.940763235092163,-0.5754198431968689
2222,161,170,30,393,170,30,51,2,-0.783886730670929,-0.5705761909484863,-0.2671191394329071,-0.4994657039642334,1.2042747735977173,1.0581679344177246
2223,154,170,30,376,170,30,52,45,-0.766552746295929,-0.5913281440734863,-0.1128222644329071,-18.743741989135742,25.143205642700195,1.86732816696167
2224,146,170,30,348,170,30,53,19,-0.769726574420929,-0.5991406440734863,-0.2187792956829071,-11.217022895812988,8.13557243347168,-0.6059542298316956
2225,137,170,30,309,170,30,53,48,-0.781445324420929,-0.5337109565734863,-0.2947070300579071,-33.736106872558594,9.967633247375488,-4.789160251617432
2226,64,170,30,237,170,30,54,112,-0.812939465045929,-0.47218748927116394,-0.4328906238079071,22.03488540649414,22.71572494506836,-67.65939331054688
2227,22,170,30,154,170,30,54,68,-0.661328136920929,-0.6909375190734863,-0.3635546863079071,31.51580047607422,21.555418014526367,-15.018167495727539
2228,8,170,30,136,170,30,53,61,-0.639111340045929,-0.7168164253234863,-0.3227832019329071,22.584503173828125,10.761527061462402,-28.025800704956055
2229,2,170,30,129,170,30,50,28,-0.556835949420929,-0.7715039253234863,-0.3181445300579071,8.828778266906738,-8.551450729370117,-10.712823867797852
2230,0,170,30,117,170,30,45,48,-0.598095715045929,-0.7693066596984863,-0.2053515613079071,-3.446030378341675,-23.971298217773438,21.027633666992188
2231,0,170,30,106,170,30,41,47,-0.624951183795929,-0.8325390815734863,-0.1694628894329071,-7.018548965454102,-35.36061096191406,5.57725191116333
2232,0,170,30,100,170,30,38,85,-0.724072277545929,-0.7060742378234863,-0.1972949206829071,-38.209388732910156,-20.643054962158203,27.119237899780273
2233,0,170,30,81,170,30,41,53,-0.663525402545929,-0.5881543159484863,-0.2883593738079071,-12.209388732910156,36.517250061035156,-4.315877914428711
2234,0,170,30,69,170,30,41,116,-0.727490246295929,-0.5542187690734863,-0.3037402331829071,-75.98037719726562,4.1813740730285645,36.41694641113281
2235,0,170,30,70,170,30,41,53,-0.534619152545929,-0.8408398628234863,-0.3633105456829071,-25.24755859375,-4.337709903717041,23.94366455078125
2236,0,170,30,76,170,30,41,22,-0.653271496295929,-0.7021679878234863,-0.3991992175579071,-5.446030616760254,-0.047633588314056396,17.18030548095703
2237,6,170,30,87,170,30,41,44,-0.894482433795929,-0.6430859565734863,-0.4226367175579071,14.401297569274902,8.776793479919434,21.241374969482422
2238,75,170,30,128,170,30,40,70,-0.768994152545929,-0.5783886909484863,-0.6802051067352295,32.81351089477539,-33.69649124145508,4.2032060623168945
2239,153,170,30,216,170,30,37,89,-0.688427746295929,-0.5683789253234863,-0.2720019519329071,36.309696197509766,-44.24610900878906,-8.972366333007812
2240,153,170,30,258,170,30,39,72,-0.770703136920929,-0.6079297065734863,0.055878907442092896,-50.74374008178711,20.4561824798584,-1.0029008388519287
2241,51,170,30,203,170,30,44,67,-0.633251965045929,-0.7473340034484863,-0.3293749988079071,-12.270458221435547,24.85312843322754,-30.544885635375977
2242,18,170,30,110,170,30,44,66,-0.730664074420929,-0.6130566596984863,-0.3144824206829071,-29.40022850036621,4.364580154418945,32.64595413208008
2243,37,170,30,86,170,30,45,77,-0.631054699420929,-0.44850584864616394,-0.2131640613079071,66.2638931274414,-5.5743513107299805,5.760457992553711
2244,114,170,30,138,170,30,45,118,-0.757763683795929,-0.6074414253234863,-0.2453906238079071,90.41656494140625,-18.352977752685547,9.39404582977295
2245,156,170,30,192,170,30,45,11,-0.772900402545929,-0.5637402534484863,-0.1396777331829071,-9.78190803527832,0.9599999785423279,1.0123664140701294
2246,86,170,30,156,170,30,48,115,-1.0370604991912842,-0.37648436427116394,-0.3034960925579071,-27.980382919311523,27.021068572998047,-60.51435089111328
2247,33,170,30,86,170,30,48,41,-0.575878918170929,-0.8144726753234863,-0.3288867175579071,-1.9498474597930908,-17.681222915649414,-22.331144332885742
2248,12,170,30,51,170,30,43,68,-0.592968761920929,-0.8029980659484863,-0.1941210925579071,-27.155954360961914,-34.30717468261719,-7.063969612121582
2249,3,170,30,55,170,30,43,57,-0.884228527545929,-0.5527539253234863,-0.2807910144329071,-22.530000686645508,6.12030553817749,29.10396957397461
2250,1,170,30,81,170,30,45,49,-0.685009777545929,-0.7780957221984863,-0.1594531238079071,13.179924011230469,6.853129863739014,29.012367248535156
2251,0,170,30,117,170,30,47,60,-0.718212902545929,-0.6240429878234863,-0.2856738269329071,28.43183135986328,25.066869735717773,6.783358573913574
2252,0,170,30,152,170,30,48,39,-0.819775402545929,-0.5468945503234863,-0.1885058581829071,1.057786226272583,8.105037689208984,30.661222457885742
2253,2,170,30,185,170,30,49,31,-0.852490246295929,-0.5971875190734863,-0.1233203113079071,6.263893127441406,-0.9941985011100769,24.371145248413086
2254,62,170,30,200,170,30,49,36,-0.738720715045929,-0.5862011909484863,-0.2602832019329071,-11.842976570129395,-14.627786636352539,-10.25480842590332
2255,156,170,30,201,170,30,49,51,-0.879345715045929,-0.5627636909484863,-0.2539355456829071,-33.293357849121094,-17.589618682861328,0.4016793966293335
2256,230,170,30,191,170,30,47,42,-0.875439465045929,-0.6198925971984863,-0.044951170682907104,-27.537633895874023,-13.696488380432129,-1.6746565103530884
2257,259,170,30,172,170,30,47,10,-0.809277355670929,-0.5527539253234863,-0.3049609363079071,8.401297569274902,1.8454961776733398,0.1574045717716217
2258,160,170,30,125,170,30,49,69,-0.928906261920929,-0.43117186427116394,-0.2092578113079071,-24.820077896118164,30.71572494506836,-13.979999542236328
2259,62,170,30,89,170,30,49,51,-0.589794933795929,-0.7138867378234863,-0.2175585925579071,10.737175941467285,-12.53618335723877,-28.224273681640625
2260,25,170,30,64,170,30,47,14,-0.636914074420929,-0.7795605659484863,-0.1262499988079071,-8.16358757019043,-0.0018320679664611816,6.126870155334473
2261,9,170,30,48,170,30,46,200,-0.862988293170929,-0.5019726753234863,-0.2771289050579071,-151.85824584960938,15.311144828796387,32.85969543457031
2262,3,170,30,43,170,30,47,46,-0.681103527545929,-0.6826367378234863,-0.3381640613079071,-14.667405128479004,0.349312961101532,31.195573806762695
2263,5,170,30,67,170,30,47,31,-0.783154308795929,-0.5495800971984863,-0.3633105456829071,17.912748336791992,2.303511381149292,11.516183853149414
2264,68,170,30,110,170,30,47,83,-0.731640636920929,-0.5105175971984863,-0.4241015613079071,58.85931396484375,-21.559083938598633,3.302442789077759
2265,161,170,30,169,170,30,44,140,-0.719677746295929,-0.7029004096984863,-0.8755176067352295,51.37839889526367,-72.01709747314453,-16.865495681762695
2266,214,170,30,194,170,30,42,28,-0.736523449420929,-0.5495800971984863,-0.007109375670552254,21.699007034301758,-4.826259613037109,1.7451908588409424
2267,233,170,30,211,170,30,44,6,-0.789013683795929,-0.5930371284484863,-0.1040332019329071,-0.11778616905212402,3.021068811416626,3.8520610332489014
2268,235,170,30,217,170,30,46,30,-0.772412121295929,-0.5361523628234863,-0.1179492175579071,13.225725173950195,10.746259689331055,6.218473434448242
2269,218,170,30,227,170,30,49,70,-0.807812511920929,-0.8398633003234863,-0.2219531238079071,39.897483825683594,9.051603317260742,21.500917434692383
2270,213,170,30,242,170,30,50,70,-0.807080090045929,-0.7268261909484863,-0.1631152331829071,55.2104606628418,-6.322442531585693,8.52381706237793
2271,219,170,30,239,170,30,50,17,-0.813427746295929,-0.5300488471984863,-0.031279295682907104,-13.583434104919434,3.158473253250122,-0.8654962182044983
2272,218,170,30,228,170,30,51,6,-0.816357433795929,-0.5644726753234863,-0.015410156920552254,2.477633476257324,-3.055267333984375,-1.384580135345459
2273,196,170,30,230,170,30,53,83,-0.836621105670929,-0.6938672065734863,-0.5085742473602295,-30.60633659362793,51.295875549316406,1.332977056503296
2274,177,170,30,230,170,30,56,13,-0.776074230670929,-0.5398144721984863,-0.2131640613079071,-5.522366523742676,1.7233587503433228,-6.468549728393555
2275,177,170,30,216,170,30,56,3,-0.808789074420929,-0.5339550971984863,-0.1604296863079071,-0.4383969306945801,-0.7957251667976379,2.401679277420044
2276,186,170,30,202,170,30,55,8,-0.799023449420929,-0.5896191596984863,-0.1653124988079071,-5.720839500427246,1.7386260032653809,1.2108396291732788
2277,199,170,30,163,170,30,54,20,-0.665966808795929,-0.5007519721984863,-0.1699511706829071,-14.056717872619629,-0.383511483669281,-6.270076274871826
2278,213,170,30,112,170,30,54,31,-0.820751965045929,-0.6069531440734863,-0.2158496081829071,-23.4612979888916,2.4256489276885986,-5.949465751647949
2279,225,170,30,75,170,30,54,48,-0.595654308795929,-0.39870116114616394,-0.1125781238079071,-30.10251808166504,0.5783206224441528,-17.964733123779297
2280,226,170,30,50,170,30,54,16,-0.767285168170929,-0.5239453315734863,-0.2514941394329071,-4.392595291137695,-4.215572357177734,-7.949465751647949
2282,137,170,30,26,170,30,53,54,-1.0717284679412842,-0.12672851979732513,-0.1850878894329071,4.798244476318359,-2.7499237060546875,-47.018165588378906
2283,53,170,30,9,170,30,53,99,-0.580761730670929,-0.7758984565734863,-0.2319628894329071,31.8516788482666,27.799694061279297,-40.01053237915039
2284,19,170,30,2,170,30,52,34,-0.587597668170929,-0.7856640815734863,-0.3066699206829071,-6.759007453918457,11.326412200927734,-16.07160186767578
2285,7,170,30,4,170,30,52,73,-0.619335949420929,-0.7155957221984863,-0.3635546863079071,-35.9193115234375,35.17374038696289,2.142137289047241
2286,3,170,30,3,170,30,51,49,-0.614697277545929,-0.6562695503234863,-0.4599902331829071,-18.48419952392578,16.776792526245117,-14.34641170501709
2287,1,170,30,1,170,30,50,67,-0.515820324420929,-0.8144726753234863,-0.4543749988079071,-36.545265197753906,23.1126708984375,8.203207015991211
2288,0,170,30,0,170,30,49,75,-0.613720715045929,-0.6755566596984863,-0.5107715129852295,-32.514732360839844,24.257709503173828,18.432214736938477
2289,0,170,30,0,170,30,48,59,-0.624218761920929,-0.6870312690734863,-0.5093066692352295,-19.659770965576172,10.868396759033203,29.30244255065918
2290,0,170,30,0,170,30,46,65,-0.681103527545929,-0.5178418159484863,-0.5786426067352295,-35.4918327331543,2.837862491607666,27.409313201904297
2291,0,170,30,0,170,30,45,65,-0.639843761920929,-0.44337889552116394,-0.7458789348602295,-36.74374008178711,3.662290096282959,25.34824562072754
2292,0,170,30,0,170,30,44,48,-0.631298840045929,-0.43922850489616394,-0.7395312786102295,6.370763301849365,-15.727023124694824,26.249008178710938
2293,49,170,30,8,170,30,43,36,-0.693066418170929,-0.44508787989616394,-0.6011035442352295,-14.438397407531738,1.7538931369781494,20.111602783203125
2294,123,170,30,91,170,30,40,224,-0.783886730670929,-0.30885741114616394,-0.7143847942352295,115.43946838378906,-61.98656463623047,-47.048702239990234
2295,188,170,30,209,170,30,39,17,-0.704785168170929,-0.5207715034484863,-0.6186816692352295,-0.37732815742492676,1.9981679916381836,15.149771690368652
2296,198,170,30,233,170,30,40,21,-0.711865246295929,-0.5175976753234863,-0.5583789348602295,-16.48419952392578,3.127938985824585,-2.3616793155670166
2297,76,170,30,123,170,30,45,220,-0.580029308795929,-0.5446972846984863,-0.8100879192352295,86.69137573242188,47.61648941040039,-86.49908447265625
2298,31,170,30,48,170,30,38,136,-0.512158215045929,-0.6733593940734863,-0.5383594036102295,31.179922103881836,-78.16976928710938,27.317710876464844
2299,11,170,30,48,170,30,34,49,-0.698681652545929,-0.5852246284484863,-0.4038378894329071,-7.507099151611328,-13.330076217651367,29.073434829711914
2300,3,170,30,43,170,30,36,39,-0.716015636920929,-0.6169629096984863,-0.4382617175579071,-9.186488151550293,7.2500762939453125,23.48564910888672
2301,28,170,30,42,170,30,38,53,-0.773388683795929,-0.5503125190734863,-0.4158007800579071,45.30206298828125,-1.7880916595458984,5.9589314460754395
2302,110,170,30,98,170,30,41,90,-0.809277355670929,-0.39674803614616394,-0.5454394817352295,67.50053405761719,-3.833893299102783,19.012367248535156
2303,201,170,30,205,170,30,41,72,-0.577099621295929,-0.25172850489616394,-0.2058398425579071,61.68374252319336,-6.551450252532959,4.111603260040283
2304,241,170,30,241,170,30,43,27,-0.793896496295929,-0.6465039253234863,-0.1777636706829071,-20.071985244750977,0.9141984581947327,-6.590687274932861
2305,124,170,30,172,170,30,45,86,-1.0766112804412842,-0.38576170802116394,-0.057158201932907104,-8.74374008178711,11.677556991577148,-66.57542419433594
2306,42,170,30,82,170,30,46,50,-0.595166027545929,-0.7854199409484863,-0.2934863269329071,-13.308625221252441,3.692824363708496,-33.99526596069336
2307,16,170,30,46,170,30,41,83,-0.605419933795929,-0.7297558784484863,-0.2524707019329071,-26.056718826293945,-41.375877380371094,16.40167999267578
2308,5,170,30,49,170,30,41,17,-0.743603527545929,-0.6516308784484863,-0.3227832019329071,-9.888778686523438,1.5248854160308838,5.928396701812744
2309,1,170,30,72,170,30,41,28,-0.722363293170929,-0.6333203315734863,-0.3044726550579071,-15.705573081970215,-1.2537403106689453,11.195572853088379
2310,0,170,30,95,170,30,43,14,-0.712841808795929,-0.6264843940734863,-0.3562304675579071,-2.804809331893921,11.387480735778809,0.6459541916847229
2311,0,170,30,107,170,30,44,37,-0.744824230670929,-0.6050000190734863,-0.3843066394329071,-21.598703384399414,3.311145067214966,12.737557411193848
2312,0,170,30,116,170,30,44,16,-0.734570324420929,-0.5905957221984863,-0.3166796863079071,12.233359336853027,0.4867175221443176,-3.918931245803833
2313,0,170,30,122,170,30,45,19,-0.758984386920929,-0.5927929878234863,-0.3503710925579071,-1.0032823085784912,1.891297698020935,16.661222457885742
2314,0,170,30,129,170,30,45,26,-0.673535168170929,-0.6938672065734863,-0.3442675769329071,-11.29335880279541,2.6393892765045166,12.966565132141113
2315,8,170,30,124,170,30,46,13,-0.761425793170929,-0.6582226753234863,-0.3088671863079071,3.1188549995422363,1.7996946573257446,8.691756248474121
2316,76,170,30,126,170,30,47,5,-0.799755871295929,-0.5456738471984863,-0.3418261706829071,2.7982442378997803,-0.7346565127372742,-1.6441221237182617
2318,150,170,30,144,170,30,46,37,-0.825390636920929,-0.6245312690734863,-0.3535449206829071,5.393664360046387,-22.29191017150879,-9.689923286437988
2319,206,170,30,187,170,30,45,49,-0.762402355670929,-0.5676465034484863,-0.1311328113079071,26.920381546020508,-20.68885612487793,-1.689923644065857
2320,238,170,30,231,170,30,43,95,-0.868359386920929,-0.6838574409484863,-0.1689746081829071,43.515804290771484,-49.40641403198242,2.5543510913848877
2321,249,170,30,271,170,30,42,82,-0.835888683795929,-0.6716504096984863,-0.2741992175579071,44.09595489501953,-28.169771194458008,9.85206127166748
2322,240,170,30,303,170,30,42,60,-0.788037121295929,-0.5717968940734863,-0.2099902331829071,39.43946838378906,-8.872060775756836,12.050535202026367
2323,219,170,30,337,170,30,44,30,-0.832714855670929,-0.6999707221984863,-0.0845019519329071,23.057785034179688,-1.192671775817871,6.218473434448242
2324,201,170,30,370,170,30,47,47,-0.852246105670929,-0.6467480659484863,0.1012890636920929,-0.48419833183288574,38.059234619140625,8.645955085754395
2325,193,170,30,384,170,30,50,33,-0.787060558795929,-0.6159863471984863,-0.2978808581829071,-11.995648384094238,19.066869735717773,-2.1479389667510986
2326,182,170,30,380,170,30,52,40,-0.767773449420929,-0.6272168159484863,-0.1584765613079071,-11.430763244628906,23.845495223999023,-5.369312763214111
2327,174,170,30,353,170,30,54,50,-0.731884777545929,-0.5674023628234863,-0.0749804675579071,-26.056718826293945,11.921832084655762,-12.102136611938477
2328,168,170,30,315,170,30,54,37,-0.739453136920929,-0.5984082221984863,-0.060087889432907104,-16.54526710510254,16.8989315032959,-4.483816623687744
2329,159,170,30,261,170,30,54,45,-0.779003918170929,-0.5268750190734863,-0.3039843738079071,-34.88114547729492,2.166106939315796,-8.34641170501709
2330,75,170,30,190,170,30,54,95,-0.772656261920929,-0.5097851753234863,-0.3332812488079071,22.523433685302734,19.23480796813965,-53.24717330932617
2331,26,170,30,128,170,30,53,73,-0.667187511920929,-0.7404980659484863,-0.2446582019329071,33.27152633666992,8.074503898620605,-31.827327728271484
2332,9,170,30,105,170,30,51,38,-0.599804699420929,-0.7563672065734863,-0.2571093738079071,19.363128662109375,-2.3835113048553467,-16.63648796081543
2333,3,170,30,96,170,30,48,15,-0.626660168170929,-0.7910351753234863,-0.1777636706829071,-0.8048093318939209,-12.398778915405273,2.5543510913848877
2334,1,170,30,90,170,30,45,30,-0.652783215045929,-0.7500195503234863,-0.1728808581829071,4.905114650726318,-22.398778915405273,3.470381736755371
2335,0,170,30,86,170,30,43,19,-0.629589855670929,-0.7634472846984863,-0.1999804675579071,-0.7132060527801514,-8.749923706054688,9.989465713500977
2336,0,170,30,77,170,30,43,28,-0.667431652545929,-0.6189160346984863,-0.3115527331829071,-7.0643510818481445,19.005800247192383,2.4169466495513916
2337,0,170,30,48,170,30,44,23,-0.683300793170929,-0.7063183784484863,-0.2143847644329071,-11.537632942199707,10.868396759033203,1.3787785768508911
2338,0,170,30,28,170,30,44,28,-0.677685558795929,-0.7072949409484863,-0.2497851550579071,-15.705573081970215,6.593587875366211,6.325343608856201
2339,0,170,30,26,170,30,42,81,-0.656445324420929,-0.7170605659484863,-0.2761523425579071,-39.40022659301758,-41.620155334472656,0.29480916261672974
2340,0,170,30,48,170,30,37,80,-0.735791027545929,-0.6972851753234863,-0.1745898425579071,21.07305335998535,-53.46748352050781,5.57725191116333
2341,0,170,30,75,170,30,38,43,-0.760693371295929,-0.5715527534484863,-0.1665332019329071,-2.3467938899993896,18.822593688964844,21.94366455078125
2342,0,170,30,86,170,30,42,88,-0.776562511920929,-0.6487011909484863,-0.2778613269329071,-54.37732696533203,24.13557243347168,10.249008178710938
2343,0,170,30,102,170,30,44,23,-0.741650402545929,-0.6057324409484863,-0.2702929675579071,11.332595825195312,3.876030683517456,8.768092155456543
2344,0,170,30,110,170,30,45,58,-0.734082043170929,-0.6452832221984863,-0.2844531238079071,-26.117786407470703,15.219541549682617,17.058168411254883
2345,32,170,30,116,170,30,45,161,-0.811718761920929,-0.5261425971984863,-0.3530566394329071,126.61503601074219,-27.559083938598633,7.042900562286377
2346,153,170,30,203,170,30,41,114,-0.734814465045929,-0.43605467677116394,-0.020537110045552254,57.10358810424805,-53.162139892578125,4.172671794891357
2347,164,170,30,267,170,30,43,124,-0.789257824420929,-0.49025389552116394,0.3888867199420929,-57.766639709472656,52.21190643310547,-14.560152053833008
2348,55,170,30,161,170,30,47,63,-0.584667980670929,-0.8857617378234863,-0.0932910144329071,-20.40786361694336,-5.498015403747559,-37.20137405395508
2349,21,170,30,77,170,30,47,43,-0.742382824420929,-0.6162304878234863,-0.2937304675579071,-12.362060546875,-2.841526746749878,27.867328643798828
2350,44,170,30,62,170,30,47,95,-0.944042980670929,-0.6335644721984863,-0.3730761706829071,64.09595489501953,-21.162137985229492,10.355877876281738
2351,120,170,30,128,170,30,46,75,-0.790722668170929,-0.7173047065734863,-0.2134082019329071,53.347862243652344,-12.64305305480957,10.004733085632324
2352,149,170,30,204,170,30,47,14,-0.786328136920929,-0.5779004096984863,-0.039091795682907104,-6.6674041748046875,0.4256488084793091,-7.9036641120910645
2353,58,170,30,142,170,30,50,98,-0.731396496295929,-0.7168164253234863,-0.047880858182907104,14.401297569274902,-5.620152473449707,-78.27008056640625
2354,23,170,30,73,170,30,48,30,-0.654248058795929,-0.6960644721984863,-0.0852343738079071,1.2409923076629639,-8.291908264160156,20.645954132080078
2355,8,170,30,52,170,30,47,37,-0.752880871295929,-0.6645703315734863,-0.044707030057907104,-6.362060546875,16.73099136352539,14.340611457824707
2356,2,170,30,46,170,30,50,130,-0.724804699420929,-0.6604199409484863,-0.1338183581829071,-50.8048095703125,57.738624572753906,21.54671859741211
2357,0,170,30,40,170,30,51,30,-0.778759777545929,-0.6325879096984863,-0.1526171863079071,-13.781908988952637,-4.826259613037109,12.096336364746094
2358,11,170,30,54,170,30,51,65,-0.812207043170929,-0.36452147364616394,-0.3442675769329071,16.81351089477539,23.601221084594727,25.531450271606445
2359,85,170,30,106,170,30,51,14,-0.819775402545929,-0.6543164253234863,-0.3012988269329071,0.01961827278137207,-3.116335868835449,11.638320922851562
2360,180,170,30,149,170,30,50,45,-0.679638683795929,-0.47316405177116394,-0.2690722644329071,9.699007987976074,-29.131603240966797,-6.453282356262207
2361,249,170,30,141,170,30,47,22,-0.927685558795929,-0.7043652534484863,0.034394532442092896,-6.4536638259887695,-14.872060775756836,-0.7891603112220764
2362,282,170,30,130,170,30,46,14,-0.778027355670929,-0.39162108302116394,0.3154003918170929,-10.9116792678833,0.7615267038345337,2.7680916786193848
2363,291,170,30,114,170,30,45,25,-0.792919933795929,-0.6237988471984863,-0.0754687488079071,13.729541778564453,-9.375877380371094,2.187938928604126
2364,238,170,30,104,170,30,47,30,-0.847363293170929,-0.6225781440734863,-0.021757813170552254,-16.16358757019043,5.814961910247803,-8.132671356201172
2366,94,170,30,81,170,30,51,116,-0.764111340045929,-0.6430859565734863,-0.1682421863079071,18.248624801635742,19.189006805419922,-78.72809600830078
2367,38,170,30,51,170,30,49,108,-0.585156261920929,-0.26393553614616394,-0.2688281238079071,21.546335220336914,-43.25374221801758,-43.61358642578125
2368,13,170,30,43,170,30,47,36,-0.813671886920929,-0.5842480659484863,-0.0786425769329071,6.660840034484863,24.07450294494629,-5.445648670196533
2369,4,170,30,47,170,30,48,109,-0.583203136920929,-0.6887402534484863,-0.3076464831829071,-65.70557403564453,29.860761642456055,13.714656829833984
2370,1,170,30,23,170,30,49,99,-0.673535168170929,-0.7614941596984863,-0.2268359363079071,-85.67503356933594,-10.215572357177734,3.7757251262664795
2371,1,170,30,20,170,30,48,59,-0.717480480670929,-0.6450390815734863,-0.3157031238079071,-24.453664779663086,0.3187786340713501,34.554351806640625
2372,41,170,30,68,170,30,48,43,-0.771191418170929,-0.5432324409484863,-0.4441210925579071,34.53870391845703,-0.5056489109992981,8.020000457763672
2373,110,170,30,163,170,30,44,239,-0.673535168170929,-0.7573437690734863,-0.3694140613079071,147.36312866210938,-88.78045654296875,-3.0029008388519287
2374,161,170,30,259,170,30,43,20,-0.768750011920929,-0.6469922065734863,-0.006376953795552254,14.32496166229248,-3.4674806594848633,2.325343608856201
2375,179,170,30,283,170,30,45,13,-0.778027355670929,-0.6174511909484863,-0.0749804675579071,-2.4841983318328857,7.4638166427612305,3.394045829772949
2376,183,170,30,297,170,30,47,80,-0.594677746295929,-0.5171093940734863,-0.1760546863079071,55.515804290771484,8.837862014770508,15.74519157409668
2377,190,170,30,329,170,30,48,75,-0.927929699420929,-0.8073925971984863,0.052705079317092896,50.40129852294922,4.654656410217285,20.890230178833008
2378,191,170,30,346,170,30,50,16,-0.809765636920929,-0.5405468940734863,-0.050810545682907104,9.439465522766113,-4.795725345611572,2.0658016204833984
2379,190,170,30,337,170,30,51,9,-0.804150402545929,-0.5754590034484863,-0.0027148444205522537,-5.384961128234863,3.631755828857422,0.7680915594100952
2380,169,170,30,316,170,30,52,61,-0.765576183795929,-0.32619139552116394,0.1647656261920929,-12.087251663208008,40.547786712646484,-9.338778495788574
2381,146,170,30,282,170,30,57,65,-0.811474621295929,-0.5295605659484863,-0.1755664050579071,-30.16358757019043,34.41038131713867,0.6917557120323181
2382,157,170,30,255,170,30,57,7,-0.801220715045929,-0.5813183784484863,-0.1272265613079071,0.7982442378997803,4.883664131164551,-2.239542007446289
2383,170,170,30,237,170,30,56,2,-0.796093761920929,-0.5864453315734863,-0.1509082019329071,1.1951909065246582,0.10503816604614258,1.1803053617477417
2384,193,170,30,218,170,30,55,50,-0.649121105670929,-0.48097655177116394,-0.2785937488079071,-18.23992347717285,-13.162137031555176,-19.583053588867188
2385,225,170,30,169,170,30,54,25,-0.553173840045929,-0.45265623927116394,-0.041533201932907104,-10.224656105041504,-8.658320426940918,-6.1479387283325195
2386,250,170,30,132,170,30,53,41,-0.883984386920929,-0.7302441596984863,-0.3100878894329071,-32.69793701171875,3.0058016777038574,-5.445648670196533
2387,145,170,30,85,170,30,54,78,-1.1178710460662842,-0.12916992604732513,-0.059843748807907104,11.607404708862305,27.982900619506836,-38.987632751464844
2388,52,170,30,43,170,30,52,263,-0.42963868379592896,-0.9489941596984863,-0.2114550769329071,115.43946838378906,-52.50564956665039,-95.52198791503906
2389,32,170,30,18,170,30,26,905,-0.11030273139476776,-0.8728222846984863,-0.0810839831829071,412.3554992675781,-425.65069580078125,67.28717041015625
2390,12,170,30,8,170,30,4,611,-0.16938476264476776,0.22043944895267487,0.5336620807647705,229.66847229003906,-169.05526733398438,213.0734405517578
2391,5,170,30,3,170,30,10,370,-0.10786132514476776,0.23362304270267487,0.5116894245147705,273.72955322265625,9.814961433410645,86.5543441772461
2392,3,170,30,2,170,30,11,405,0.41752928495407104,0.29832032322883606,0.1313183605670929,293.4700012207031,102.47145080566406,9.699389457702637
2393,1,170,30,2,170,30,11,378,0.18242187798023224,0.46726563572883606,1.3991405963897705,-317.35443115234375,-39.498016357421875,21.56198501586914
