timestamp,tipPressure,tipUpperRange,tipLowerRange,fingerPressure,fingerUpperRange,fingerLowerRange,angle,writtingSpeed,accX,accY,accZ,gyroX,gyroY,gyroZ
26535,0,170,30,0,170,30,34,61,-0.860791027545929,-0.0002636723220348358,-0.6003711223602295,37.65320587158203,-5.0705342292785645,-18.361679077148438
26536,0,170,30,0,170,30,35,57,-0.646679699420929,0.34055665135383606,-0.7998340129852295,17.439464569091797,-26.444581985473633,-13.979999542236328
26537,0,170,30,0,170,30,36,17,-0.647900402545929,0.30759766697883606,-0.8000781536102295,5.85167932510376,-0.01709926128387451,11.913129806518555
26538,0,170,30,0,170,30,36,13,-0.694531261920929,0.29246094822883606,-0.7727344036102295,6.370763301849365,1.051603078842163,6.5238165855407715
26539,0,170,30,0,170,30,37,32,-0.721630871295929,0.22141601145267487,-0.7497851848602295,24.15702247619629,2.8683969974517822,-5.781526565551758
26540,0,170,30,0,170,30,39,52,-0.645458996295929,0.18088866770267487,-0.8374316692352295,29.439464569091797,20.822593688964844,2.4474809169769287
26541,0,170,30,0,170,30,41,42,-0.722363293170929,0.12498046457767487,-0.8396289348602295,3.6074047088623047,22.868396759033203,15.85206127166748
26542,0,170,30,0,170,30,41,16,-0.610791027545929,0.20017577707767487,-0.8723437786102295,11.454732894897461,-0.9941985011100769,3.6230533123016357
26543,0,170,30,0,170,30,40,40,-0.652294933795929,0.13987304270267487,-0.8100879192352295,29.347862243652344,5.341679573059082,-5.6899237632751465
26544,0,170,30,0,170,30,40,101,-0.665966808795929,-0.011005859822034836,-0.8872363567352295,66.20282745361328,-0.41404587030410767,-34.43801498413086
26545,1,170,30,0,170,30,39,52,-0.612744152545929,0.040019530802965164,-0.8948047161102295,38.5081672668457,7.509618282318115,6.325343608856201
26546,1,170,30,2,170,30,39,13,-0.682812511920929,0.004619140177965164,-0.8305957317352295,8.630305290222168,-0.7957251667976379,4.187938690185547
26547,1,170,30,2,170,30,39,33,-0.597363293170929,-0.054707031697034836,-0.7971484661102295,3.1035878658294678,20.868396759033203,-9.56778621673584
26548,0,170,30,0,170,30,41,127,-0.46748048067092896,-0.005878906697034836,-1.0522754192352295,94.01962280273438,23.158472061157227,10.096336364746094
26549,0,170,30,0,170,30,40,64,-0.597607433795929,-0.13161133229732513,-0.9472949504852295,-43.38496017456055,10.349312782287598,-10.499083518981934
26550,0,170,30,0,170,30,37,36,-0.530224621295929,0.013408202677965164,-0.9316699504852295,15.485267639160156,-18.749923706054688,-1.812061071395874
26551,0,170,30,0,170,30,36,45,-0.565380871295929,0.031230468302965164,-0.9280078411102295,-40.01091384887695,-1.4369466304779053,4.0963358879089355
26552,0,170,30,0,170,30,35,39,-0.614453136920929,0.037822265177965164,-0.8772265911102295,-27.217023849487305,-3.223206043243408,8.569619178771973
26553,0,170,30,0,170,30,34,19,-0.621289074420929,0.011943358927965164,-0.8750293254852295,-13.186488151550293,-2.8262596130371094,3.546717643737793
26554,0,170,30,0,170,30,35,53,-0.570996105670929,0.10349608957767487,-0.8967578411102295,-26.194122314453125,18.501983642578125,9.119236946105957
26555,0,170,30,0,170,30,36,33,-0.544384777545929,0.10862304270267487,-0.9807422161102295,-18.392595291137695,13.982900619506836,1.256641149520874
26556,0,170,30,0,170,30,35,13,-0.612011730670929,0.10032226145267487,-0.8330371379852295,-1.3238933086395264,10.13557243347168,-2.2548091411590576
26557,0,170,30,0,170,30,35,24,-0.551953136920929,0.14841796457767487,-0.8916308879852295,12.767709732055664,3.021068811416626,-8.468548774719238
26558,0,170,30,0,170,30,35,50,-0.572705090045929,0.12742187082767487,-0.8594043254852295,31.088319778442383,8.700457572937012,-10.941831588745117
26559,0,170,30,0,170,30,34,33,-0.554882824420929,0.07566405832767487,-0.9297168254852295,24.15702247619629,-6.093435287475586,-2.773893117904663
26560,0,170,30,0,170,30,33,21,-0.545361340045929,0.024882812052965164,-0.8965137004852295,11.118854522705078,4.547786235809326,-5.537251949310303
26561,0,170,30,0,170,30,32,14,-0.526806652545929,0.054423827677965164,-0.9404590129852295,1.2257251739501953,-12.795724868774414,-0.8654962182044983
26562,0,170,30,0,170,30,31,9,-0.573925793170929,0.006572265177965164,-0.8908984661102295,-6.392595291137695,-1.5590839385986328,1.6230534315109253
26563,0,170,30,1,170,30,30,65,-0.556347668170929,0.13352538645267487,-0.9040820598602295,-34.88114547729492,-21.86442756652832,-8.972366333007812
26564,0,170,30,2,170,30,28,70,-0.638623058795929,0.22629882395267487,-0.8908984661102295,-13.904046058654785,-32.84152603149414,-23.59832000732422
26565,0,170,30,4,170,30,29,19,-0.597119152545929,0.11790038645267487,-0.8576953411102295,10.370763778686523,-0.0629008412361145,8.645955085754395
26566,0,170,30,5,170,30,28,34,-0.629589855670929,0.09592773020267487,-0.8545215129852295,-5.446030616760254,-24.154504776000977,5.1345038414001465
26567,0,170,30,7,170,30,26,67,-0.685253918170929,0.11301757395267487,-0.8030078411102295,-2.4994657039642334,-57.42168045043945,7.424580097198486
26568,0,170,30,9,170,30,27,45,-0.752148449420929,0.16868163645267487,-0.7102344036102295,-29.094884872436523,-6.291908264160156,-10.25480842590332
26569,0,170,30,15,170,30,29,24,-0.815869152545929,0.056132812052965164,-0.6299121379852295,-2.7132060527801514,-8.780458450317383,12.768092155456543
26570,0,170,30,15,170,30,32,10,-0.728955090045929,0.19163085520267487,-0.7566211223602295,-2.5299999713897705,6.028702259063721,1.5314503908157349
26571,0,170,30,11,170,30,35,16,-0.754101574420929,0.15281249582767487,-0.7585742473602295,-8.468931198120117,-0.7499236464500427,7.653587818145752
26572,0,170,30,10,170,30,37,13,-0.734082043170929,0.19626952707767487,-0.7473437786102295,-4.636870384216309,1.982900857925415,6.676488399505615
26573,0,170,30,10,170,30,37,2,-0.781933605670929,0.13547851145267487,-0.6843554973602295,1.5463359355926514,-0.7346565127372742,-0.6364885568618774
26574,0,170,30,12,170,30,38,22,-0.761914074420929,0.15842773020267487,-0.7200000286102295,4.034885406494141,-12.093435287475586,-6.499083995819092
26575,0,170,30,16,170,30,39,10,-0.745800793170929,0.17283202707767487,-0.7175586223602295,-1.0643513202667236,-8.505648612976074,0.5085496306419373
26577,0,170,30,23,170,30,40,33,-0.751904308795929,0.15281249582767487,-0.7578418254852295,9.699007987976074,-14.520915985107422,-8.987632751464844
26578,32,170,30,34,170,30,41,12,-0.787060558795929,0.14622069895267487,-0.7165820598602295,-1.8124425411224365,-4.581984519958496,-6.560152530670166
26581,203,170,30,143,170,30,42,8,-0.802197277545929,0.19846679270267487,-0.6443164348602295,-2.3925955295562744,-2.8262596130371094,3.0276336669921875
26583,219,170,30,147,170,30,43,5,-0.802929699420929,0.22581054270267487,-0.7085254192352295,0.32496190071105957,1.9065649509429932,2.9512977600097656
26584,219,170,30,144,170,30,44,23,-0.800244152545929,0.36814454197883606,-0.5207812786102295,-2.6674044132232666,-5.986564636230469,15.1650390625
26585,216,170,30,147,170,30,45,8,-0.806347668170929,0.23972655832767487,-0.6304004192352295,3.5005342960357666,0.624122142791748,4.035267353057861
26586,114,170,30,125,170,30,48,264,-1.0731933116912842,-0.5930371284484863,0.1286328136920929,-37.98038101196289,134.15084838867188,91.94366455078125
26587,41,170,30,46,170,30,50,63,-0.48408204317092896,0.42258790135383606,-0.9109179973602295,24.920381546020508,-28.414047241210938,-10.453282356262207
26588,18,170,30,12,170,30,46,45,-1.1413085460662842,-0.000019531697034835815,-0.2241503894329071,-35.88877868652344,-8.475114822387695,-1.155572533607483
26589,8,170,30,3,170,30,44,53,-0.816357433795929,0.19675780832767487,-0.6194140911102295,1.4700000286102295,-30.658321380615234,-21.231908798217773
26590,5,170,30,1,170,30,44,4,-0.813671886920929,0.27610352635383606,-0.5674121379852295,0.5845038890838623,-0.35297709703445435,-3.4303817749023438
26591,3,170,30,2,170,30,45,14,-0.787792980670929,0.28586915135383606,-0.6621387004852295,1.7753435373306274,-6.429312705993652,-5.995267391204834
26592,18,170,30,10,170,30,46,4,-0.800000011920929,0.29929688572883606,-0.6035449504852295,-0.7895419597625732,-0.6430534720420837,-2.6212213039398193
26593,106,170,30,36,170,30,46,36,-0.791943371295929,0.11033202707767487,-0.6264941692352295,4.99671745300293,-14.902595520019531,16.645954132080078
26594,194,170,30,79,170,30,44,74,-0.765820324420929,0.42527344822883606,-0.1372363269329071,7.912748336791992,-21.07053565979004,45.88259506225586
26595,231,170,30,119,170,30,44,52,-1.0512206554412842,0.33713868260383606,-1.0222461223602295,-6.1025190353393555,-18.49038314819336,27.775726318359375
26596,227,170,30,129,170,30,45,12,-0.814648449420929,0.25657227635383606,-0.5962207317352295,5.408931255340576,0.05923664569854736,7.500916004180908
26597,89,170,30,83,170,30,55,254,-0.18647460639476776,1.2192187309265137,-1.4863574504852295,-79.40023040771484,137.0058135986328,38.126869201660156
26598,41,170,30,30,170,30,48,112,-0.46552735567092896,0.21067382395267487,-0.5657031536102295,33.69900894165039,-78.29190826416016,0.29480916261672974
26599,19,170,30,10,170,30,42,76,-0.589062511920929,0.11057616770267487,0.1645214855670929,-41.644500732421875,18.15083885192871,16.554351806640625
26600,8,170,30,4,170,30,40,28,-0.981640636920929,0.06296874582767487,-0.3620898425579071,-2.6063358783721924,-20.917863845825195,-4.911297798156738
26601,5,170,30,4,170,30,41,29,-0.810986340045929,0.33005860447883606,-0.5503222942352295,-6.285724639892578,-11.131603240966797,-12.086870193481445
26602,3,170,30,6,170,30,43,20,-0.797314465045929,0.32957032322883606,-0.5237109661102295,-8.2551908493042,-5.5743513107299805,-6.880763530731201
26603,3,170,30,8,170,30,44,10,-0.784863293170929,0.40256837010383606,-0.5630176067352295,-4.820075988769531,-4.978931427001953,-0.6212213635444641
26604,2,170,30,11,170,30,46,19,-0.779248058795929,0.45603516697883606,-0.5632617473602295,-17.110153198242188,-1.29954195022583,1.2108396291732788
26605,3,170,30,15,170,30,45,50,-0.816113293170929,0.39890626072883606,-0.5176074504852295,4.874580383300781,-22.90259552001953,-23.15557289123535
26606,83,170,30,30,170,30,46,8,-0.834667980670929,0.38181641697883606,-0.4431445300579071,-1.7208397388458252,-3.375877857208252,-3.247175693511963
26607,216,170,30,61,170,30,44,93,-0.714794933795929,0.003642577677965164,-1.7444140911102295,10.294427871704102,-45.436946868896484,38.06580352783203
26608,297,170,30,106,170,30,44,29,-0.826123058795929,0.36716797947883606,-0.6240527629852295,17.271526336669922,5.372213840484619,7.180305480957031
26609,265,170,30,124,170,30,45,29,-0.871289074420929,0.34348633885383606,-0.4587695300579071,19.744808197021484,0.8989312648773193,8.874961853027344
26610,90,170,30,80,170,30,56,334,-0.34077149629592896,0.9064745903015137,-0.8630664348602295,-72.97274780273438,151.93710327148438,110.0657958984375
26611,37,170,30,27,170,30,51,110,-0.35590821504592896,0.42478516697883606,-0.5522754192352295,24.569236755371094,-45.833892822265625,-40.239540100097656
26612,18,170,30,6,170,30,41,383,-2.049999952316284,1.6542773246765137,-0.2646777331829071,93.95854949951172,-127.02473449707031,-162.68228149414062
26613,9,170,30,2,170,30,40,109,-0.760693371295929,0.5998339653015137,-0.5498340129852295,17.97381591796875,-28.36824607849121,-63.2777099609375
26614,6,170,30,2,170,30,43,26,-0.735302746295929,0.5781054496765137,-0.5376269817352295,-17.12541961669922,2.8225953578948975,-6.941832065582275
26615,5,170,30,3,170,30,45,27,-0.822705090045929,0.41355469822883606,-0.4885546863079071,-20.575801849365234,4.089770793914795,3.0581679344177246
26616,8,170,30,8,170,30,45,11,-0.907421886920929,0.29001954197883606,-0.3664843738079071,-5.613968849182129,-1.8949618339538574,-4.102137565612793
26617,111,170,30,25,170,30,47,29,-0.850537121295929,0.31223633885383606,-0.4575488269329071,21.928014755249023,0.4867175221443176,-7.521984577178955
26619,248,170,30,69,170,30,44,24,-0.846386730670929,0.26145508885383606,-0.026152344420552254,6.447099208831787,-8.490381240844727,9.729924201965332
26620,302,170,30,95,170,30,44,42,-0.855908215045929,0.5986132621765137,-0.5923144817352295,23.057785034179688,-5.467480659484863,14.462748527526855
26621,262,170,30,105,170,30,46,22,-0.858593761920929,0.38035157322883606,-0.3283984363079071,12.691374778747559,1.9370992183685303,8.03526782989502
26622,89,170,30,68,170,30,57,360,-0.39912110567092896,1.1855273246765137,-0.7800586223602295,-109.46129608154297,164.7310028076172,86.44747924804688
26623,35,170,30,23,170,30,53,113,-0.29633790254592896,0.43284180760383606,-0.6723926067352295,29.302061080932617,-37.36061096191406,-47.18610763549805
26624,19,170,30,9,170,30,43,134,-0.14594726264476776,-1.8767285346984863,1.1955273151397705,-58.957481384277344,72.45618438720703,-3.4303817749023438
26625,9,170,30,7,170,30,41,85,-0.878613293170929,0.20896483957767487,-0.3489062488079071,16.9814510345459,-16.643054962158203,-51.781524658203125
26626,6,170,30,10,170,30,45,26,-0.737011730670929,0.5763964653015137,-0.5205371379852295,-17.598703384399414,3.372213840484619,-5.55251932144165
26627,5,170,30,16,170,30,46,25,-0.791943371295929,0.49900391697883606,-0.4577929675579071,-13.751374244689941,2.7462594509124756,-8.621220588684082
26628,15,170,30,27,170,30,46,10,-0.838818371295929,0.14377929270267487,-0.3760058581829071,2.2944273948669434,-6.73465633392334,-1.7967939376831055
26629,128,170,30,57,170,30,47,62,-0.823925793170929,0.15476562082767487,-0.7634570598602295,17.561603546142578,-21.101070404052734,23.989465713500977
26630,266,170,30,103,170,30,46,70,-0.941357433795929,0.7045702934265137,-0.3533007800579071,27.882213592529297,-30.719390869140625,11.790992736816406
26631,326,170,30,120,170,30,46,23,-0.802441418170929,0.5668749809265137,-0.2151171863079071,14.340229034423828,3.6775572299957275,5.394045829772949
26632,329,170,30,117,170,30,48,5,-0.859326183795929,0.5080370903015137,-0.3423144519329071,4.798244476318359,-0.35297709703445435,0.035267174243927
26633,269,170,30,97,170,30,50,63,-0.864208996295929,0.24534179270267487,-0.3059374988079071,37.805877685546875,4.669923782348633,21.088703155517578
26634,81,170,30,37,170,30,67,361,-0.654492199420929,1.2577929496765137,-0.2258593738079071,-68.3162612915039,198.63938903808594,94.12686920166016
26635,31,170,30,8,170,30,66,167,-0.21577148139476776,0.9997363090515137,-0.6404101848602295,48.263893127441406,27.265342712402344,-92.14794158935547
26636,16,170,30,0,170,30,58,87,-0.549755871295929,0.29954102635383606,-0.5027148723602295,-2.2857253551483154,-22.963665008544922,-61.873130798339844
26637,10,170,30,0,170,30,50,133,-0.627392590045929,0.41038087010383606,-0.7473437786102295,-49.96511459350586,-44.84152603149414,-38.52961730957031
26638,7,170,30,0,170,30,44,93,-0.604443371295929,0.46067383885383606,-0.5744922161102295,25.882213592529297,-23.055267333984375,-44.30060958862305
26639,7,170,30,0,170,30,40,83,-0.854443371295929,0.42063477635383606,-0.3882128894329071,-7.644503593444824,-47.14686965942383,-28.270076751708984
26640,6,170,30,0,170,30,40,55,-0.800488293170929,0.5109667778015137,-0.4192187488079071,-26.22465705871582,-12.749923706054688,-16.71282386779785
26641,6,170,30,0,170,30,42,60,-0.867382824420929,0.35154297947883606,-0.4721972644329071,-41.644500732421875,-8.82625961303711,-10.193739891052246
26642,5,170,30,0,170,30,41,69,-0.809277355670929,0.48313477635383606,-0.3689257800579071,-8.65213680267334,-36.41404724121094,-24.209007263183594
26643,5,170,30,1,170,30,42,27,-0.837597668170929,0.5019335746765137,-0.3530566394329071,-7.904045104980469,-19.131603240966797,0.5543511509895325
26644,4,170,30,6,170,30,43,25,-0.858105480670929,0.47825196385383606,-0.2898242175579071,-5.4918317794799805,-15.635418891906738,-4.71282434463501
26645,5,170,30,12,170,30,45,15,-0.838085949420929,0.5199999809265137,-0.2495410144329071,2.523435115814209,-12.902595520019531,0.4932824671268463
26646,4,170,30,18,170,30,45,46,-0.866406261920929,0.48484376072883606,-0.2602832019329071,10.889847755432129,-19.421680450439453,-16.025800704956055
26647,4,170,30,28,170,30,46,46,-0.885449230670929,0.45994141697883606,-0.2178027331829071,8.553969383239746,-23.223207473754883,-15.048702239990234
26648,37,170,30,46,170,30,48,15,-0.890820324420929,0.5265917778015137,-0.1743457019329071,-6.65213680267334,2.9600000381469727,-5.720458030700684
26649,160,170,30,74,170,30,51,4,-0.907421886920929,0.38083985447883606,-0.1550585925579071,-2.25519061088562,0.5935877561569214,-1.6288549900054932
26650,301,170,30,104,170,30,53,18,-0.965771496295929,0.6022753715515137,-0.2307421863079071,-1.797175645828247,-2.475114583969116,-14.43801498413086
26651,364,170,30,83,170,30,57,142,-0.612744152545929,0.5051074028015137,0.2270214855670929,42.0806884765625,60.837860107421875,39.210838317871094
26652,345,170,30,47,170,30,59,95,-1.0072753429412842,0.46653321385383606,-0.4724414050579071,51.98908615112305,16.563053131103516,27.28717613220215
26653,209,170,30,19,170,30,60,64,-1.0985839366912842,0.35764649510383606,-0.1181933581829071,24.019617080688477,17.63175392150879,23.210840225219727
26654,74,170,30,0,170,30,63,52,-0.32709962129592896,1.0138964653015137,-0.7073047161102295,11.775343894958496,-3.6048855781555176,-36.667022705078125
26655,32,170,30,0,170,30,52,125,-1.1159179210662842,-0.07814453542232513,0.2033398449420929,9.408931732177734,-57.20793914794922,-58.728092193603516
26657,13,170,30,0,170,30,51,60,-0.806347668170929,0.5942187309265137,-0.3362109363079071,-7.171220779418945,-34.12397003173828,-19.308244705200195
26658,8,170,30,0,170,30,49,36,-0.834423840045929,0.5680956840515137,-0.1592089831829071,-3.155954122543335,-25.177406311035156,-7.674656391143799
26659,16,170,30,6,170,30,47,49,-0.933300793170929,0.35642579197883606,-0.1067187488079071,6.798244476318359,-29.574352264404297,-12.957098960876465
26660,124,170,30,46,170,30,51,20,-0.885449230670929,0.5055956840515137,-0.034697264432907104,-8.74374008178711,-2.1087021827697754,-10.041068077087402
26661,270,170,30,99,170,30,54,21,-0.899609386920929,0.33372071385383606,-0.4878222644329071,11.7448091506958,5.524885654449463,-4.69755744934082
26662,343,170,30,78,170,30,56,29,-1.2833983898162842,0.9042773246765137,-0.5654590129852295,12.70664119720459,7.051603317260742,9.348244667053223
26663,350,170,30,40,170,30,58,23,-0.768261730670929,0.11521483957767487,0.0033886712044477463,5.928015232086182,6.272977352142334,11.241374969482422
26664,288,170,30,20,170,30,59,65,-0.859814465045929,0.37449219822883606,-0.2842089831829071,29.45473289489746,13.509618759155273,22.5085506439209
26665,100,170,30,0,170,30,68,413,-0.13862304389476776,1.3437304496765137,-1.1076953411102295,-116.63687133789062,96.8531265258789,199.6993865966797
26666,44,170,30,0,170,30,54,204,-0.600781261920929,0.32517579197883606,-0.2998339831829071,13.882213592529297,-93.1163330078125,-97.21664428710938
26667,19,170,30,0,170,30,46,132,-0.812939465045929,0.5453906059265137,-0.030546875670552254,-33.7208366394043,-90.67359161376953,8.23374080657959
26668,10,170,30,0,170,30,44,58,-0.906445324420929,0.46360352635383606,-0.0957324206829071,-9.384961128234863,-25.162137985229492,-23.4914493560791
26669,7,170,30,0,170,30,46,19,-0.864941418170929,0.48337891697883606,-0.1860644519329071,1.0883207321166992,-14.673587799072266,-3.247175693511963
26670,6,170,30,12,170,30,46,49,-0.820019543170929,0.5846972465515137,-0.1806933581829071,0.8745801448822021,-24.734657287597656,-24.331144332885742
26671,23,170,30,40,170,30,48,23,-0.889599621295929,0.48313477635383606,-0.0996386706829071,-7.705572128295898,-9.86442756652832,-6.331145286560059
26672,139,170,30,98,170,30,51,10,-0.892529308795929,0.44407227635383606,-0.1470019519329071,-5.400228500366211,0.8073282241821289,-4.6517558097839355
26673,269,170,30,116,170,30,54,34,-1.1701171398162842,1.0993456840515137,-0.2700488269329071,-2.6674044132232666,23.463815689086914,8.630687713623047
26674,325,170,30,71,170,30,58,70,-1.3034179210662842,0.29490235447883606,0.2111523449420929,22.263893127441406,37.83022689819336,10.172672271728516
26675,310,170,30,28,170,30,60,38,-0.820507824420929,0.5312304496765137,-0.3120410144329071,14.981451034545898,13.509618759155273,9.94366455078125
26676,238,170,30,5,170,30,61,82,-0.918896496295929,0.46677735447883606,-0.1741015613079071,39.31732940673828,15.448549270629883,27.62305450439453
26677,85,170,30,0,170,30,66,229,-0.43305665254592896,0.9902148246765137,-0.4016406238079071,-60.1635856628418,60.19664001464844,108.9970932006836
26678,36,170,30,0,170,30,54,195,-0.649121105670929,0.41282227635383606,-0.3491503894329071,10.752442359924316,-88.215576171875,-96.57542419433594
26679,17,170,30,0,170,30,51,42,-1.0185058116912842,0.30344727635383606,0.3420117199420929,-3.720839738845825,-27.07053565979004,-11.812060356140137
26680,9,170,30,0,170,30,50,76,-0.829052746295929,0.5986132621765137,-0.2097460925579071,12.737175941467285,-34.52091598510742,-29.09450340270996
26681,7,170,30,0,170,30,51,41,-0.831494152545929,0.5602831840515137,-0.1506640613079071,10.737175941467285,-16.76519203186035,-13.918931007385254
26682,61,170,30,0,170,30,51,42,-0.871777355670929,0.49119141697883606,-0.041533201932907104,-31.06435203552246,-6.978931427001953,-4.453282356262207
26683,198,170,30,14,170,30,54,66,-0.44868165254592896,0.06882812082767487,0.6274120807647705,1.1341221332550049,34.31877899169922,30.70702362060547
26684,287,170,30,14,170,30,57,21,-0.757031261920929,0.49656251072883606,-0.4324023425579071,-7.29335880279541,13.0058012008667,0.8138931393623352
26686,285,170,30,0,170,30,59,35,-0.883740246295929,0.5492968559265137,-0.1247851550579071,8.050152778625488,15.326412200927734,11.760458946228027
26687,171,170,30,0,170,30,59,60,-0.853222668170929,0.42551758885383606,-0.7087695598602295,23.607404708862305,-14.841526985168457,22.081069946289062
26688,63,170,30,0,170,30,58,53,-0.30830079317092896,1.3019824028015137,-0.4946582019329071,-2.5605342388153076,-14.35297679901123,-36.987632751464844
26689,26,170,30,0,170,30,52,161,-1.0268065929412842,0.9245409965515137,0.2077343761920929,22.55396842956543,-65.66595458984375,-72.95709991455078
26690,12,170,30,0,170,30,52,48,-0.622998058795929,0.8910937309265137,-0.4387499988079071,-0.7132060527801514,-23.956031799316406,-23.384580612182617
26691,6,170,30,0,170,30,50,19,-0.850537121295929,0.5402636528015137,-0.1135546863079071,-5.140686988830566,-8.139236450195312,6.050534248352051
26692,39,170,30,0,170,30,50,29,-0.847119152545929,0.6042284965515137,-0.1306445300579071,-27.033817291259766,-1.5438168048858643,-0.544885516166687
26693,180,170,30,0,170,30,53,102,-0.610058605670929,0.42454102635383606,-0.0893847644329071,28.23335838317871,65.32640838623047,-9.155571937561035
26694,274,170,30,0,170,30,57,39,-1.0170409679412842,1.0593066215515137,-0.5537402629852295,-10.117786407470703,26.288244247436523,-3.1097710132598877
26695,227,170,30,0,170,30,60,45,-0.893261730670929,0.5368456840515137,-0.4424121081829071,26.87458038330078,15.127939224243164,3.180305242538452
26696,97,170,30,0,170,30,67,437,-0.909619152545929,0.27756837010383606,-0.1557910144329071,-90.56053161621094,111.25007629394531,235.5314483642578
26697,37,170,30,0,170,30,65,87,-0.43330079317092896,1.1449999809265137,-0.3276660144329071,19.622671127319336,46.181373596191406,21.714656829833984
26698,16,170,30,0,170,30,62,59,-0.613720715045929,0.44968751072883606,-0.3462207019329071,-24.1483211517334,26.196640014648438,-8.941831588745117
26699,10,170,30,0,170,30,55,46,-0.532421886920929,0.6508593559265137,-0.4333789050579071,-27.690305709838867,-6.810992240905762,-11.613587379455566
26700,7,170,30,0,170,30,48,80,-0.676708996295929,0.7082324028015137,-0.3762499988079071,21.882213592529297,-16.597251892089844,-41.7051887512207
26701,6,170,30,0,170,30,46,82,-0.716748058795929,0.45530274510383606,-0.5093066692352295,-19.537633895874023,-8.078167915344238,-55.14030456542969
26702,6,170,30,0,170,30,46,47,-0.770703136920929,0.6130175590515137,-0.2688281238079071,5.103588104248047,0.8989312648773193,-41.949466705322266
26703,5,170,30,0,170,30,47,22,-0.740673840045929,0.6230273246765137,-0.3855273425579071,-0.5452673435211182,-8.444580078125,-13.934198379516602
26704,4,170,30,0,170,30,48,53,-0.852490246295929,0.48948243260383606,-0.2637011706829071,28.767709732055664,19.036334991455078,-5.598320484161377
26705,4,170,30,0,170,30,50,12,-0.787548840045929,0.5077929496765137,-0.3020312488079071,-2.3773281574249268,-8.551450729370117,1.5467175245285034
26706,4,170,30,0,170,30,50,66,-0.865185558795929,0.39451172947883606,-0.3210742175579071,-34.45366287231445,-15.11633586883545,17.210840225219727
26707,4,170,30,0,170,30,50,13,-0.869580090045929,0.44651368260383606,-0.3005664050579071,-3.8582441806793213,-4.673587799072266,-4.468549728393555
26708,9,170,30,0,170,30,50,21,-0.811718761920929,0.46775391697883606,-0.2710253894329071,-17.949848175048828,-3.452213764190674,-0.39221373200416565
26709,52,170,30,0,170,30,52,50,-0.868847668170929,0.5063281059265137,-0.2929980456829071,-35.55289840698242,8.517251968383789,-6.025801658630371
26710,107,170,30,0,170,30,51,67,-0.949902355670929,0.7023730278015137,-0.4709765613079071,-11.720839500427246,-39.162139892578125,-16.605953216552734
26711,168,170,30,23,170,30,47,78,-0.761669933795929,0.49509766697883606,-0.017607422545552254,24.23335838317871,-36.97893142700195,17.42458152770996
26712,190,170,30,33,170,30,47,22,-0.785839855670929,0.33420899510383606,-0.0659472644329071,-0.3009922504425049,0.9447327852249146,21.3787784576416
26713,167,170,30,15,170,30,53,72,-0.808300793170929,0.47410157322883606,0.0007031243294477463,22.43183135986328,45.677555084228516,4.600152492523193
26715,142,170,30,9,170,30,56,80,-0.847851574420929,0.6423144340515137,-0.4009082019329071,-0.7132060527801514,57.87602996826172,-22.132671356201172
26716,127,170,30,12,170,30,57,48,-0.863232433795929,0.40305665135383606,-0.3479296863079071,-39.33916091918945,1.891297698020935,-7.262442588806152
26717,122,170,30,33,170,30,57,38,-0.834912121295929,0.43967774510383606,-0.2007128894329071,-17.06435203552246,-15.421679496765137,5.653587818145752
26718,57,170,30,35,170,30,59,235,-0.875683605670929,0.39207032322883606,-0.1748339831829071,-54.82007598876953,51.44854736328125,129.3787841796875
26719,29,170,30,14,170,30,54,122,-0.44111329317092896,0.41062501072883606,-0.4365527331829071,42.46236801147461,-52.780460357666016,-27.125038146972656
26720,15,170,30,2,170,30,45,57,-1.2384765148162842,-1.5403027534484863,0.8405468463897705,26.218090057373047,28.410381317138672,-3.063969373703003
26721,8,170,30,0,170,30,45,39,-0.990673840045929,0.16233398020267487,-0.056669920682907104,5.637938976287842,-6.078167915344238,-27.567785263061523
26722,6,170,30,0,170,30,46,30,-0.798046886920929,0.6257128715515137,-0.1728808581829071,-1.5987021923065186,-12.53618335723877,-16.43801498413086
26723,6,170,30,0,170,30,47,11,-0.896435558795929,0.24485351145267487,-0.1186816394329071,1.454732894897461,-4.520915985107422,-5.750992298126221
26724,66,170,30,0,170,30,49,11,-0.874462902545929,0.5510058403015137,-0.1255175769329071,-8.362060546875,1.6317557096481323,-1.812061071395874
26725,131,170,30,1,170,30,51,34,-0.902050793170929,0.45188477635383606,0.1950390636920929,11.83641242980957,-11.711755752563477,-11.308243751525879
26726,195,170,30,29,170,30,47,65,-0.749218761920929,0.37644532322883606,-0.058623045682907104,21.897480010986328,-35.330078125,-7.888396739959717
26727,197,170,30,45,170,30,48,64,-0.845410168170929,0.5470995903015137,0.1723339855670929,32.87458038330078,15.555419921875,15.623053550720215
26728,162,170,30,40,170,30,54,49,-0.904736340045929,0.6425585746765137,-0.026396485045552254,-7.079618453979492,40.059234619140625,2.371145009994507
26729,134,170,30,39,170,30,57,55,-0.833447277545929,0.5097460746765137,-0.4861132800579071,-30.1483211517334,19.036334991455078,-6.438015460968018
26730,121,170,30,50,170,30,58,34,-0.897412121295929,0.6357226371765137,-0.3359667956829071,-22.102519989013672,-0.2155725359916687,-11.796792984008789
26731,76,170,30,51,170,30,60,88,-1.0658690929412842,0.06541015207767487,-0.055205076932907104,0.09595417976379395,37.23480987548828,50.70702362060547
26732,30,170,30,21,170,30,62,60,-0.604931652545929,0.8071093559265137,-0.3337695300579071,5.240992546081543,24.563053131103516,30.798625946044922
26733,14,170,30,4,170,30,54,160,-0.697460949420929,0.43625977635383606,-0.3139941394329071,45.531070709228516,-74.32244110107422,-40.86549758911133
26734,8,170,30,0,170,30,52,40,-0.865185558795929,0.48142579197883606,-0.1184374988079071,-0.14832067489624023,-26.444581985473633,-13.750991821289062
26735,6,170,30,0,170,30,52,49,-0.806347668170929,0.6520800590515137,-0.2480761706829071,7.363129615783691,-21.375879287719727,-20.65175437927246
26736,4,170,30,0,170,30,52,27,-0.835156261920929,0.5712695121765137,-0.1553027331829071,-5.00328254699707,-10.856793403625488,11.531451225280762
26737,7,170,30,0,170,30,52,13,-0.930615246295929,0.35911133885383606,-0.1352832019329071,0.6913740634918213,-5.665954113006592,-6.682290077209473
26738,48,170,30,0,170,30,53,11,-0.872021496295929,0.5129199028015137,-0.1477343738079071,-9.598702430725098,-1.9712977409362793,-0.11740458011627197
26739,106,170,30,0,170,30,53,38,-0.935253918170929,0.6471972465515137,-0.052519530057907104,-13.781908988952637,-7.284275054931641,-17.47618293762207
26741,151,170,30,7,170,30,53,52,-0.719677746295929,0.11790038645267487,0.4526074230670929,24.859312057495117,-14.139236450195312,-13.094503402709961
26742,169,170,30,40,170,30,52,70,-0.815625011920929,0.37034180760383606,-0.0849902331829071,26.17228889465332,-22.04763412475586,22.5085506439209
26743,160,170,30,75,170,30,54,80,-0.993359386920929,0.5424609184265137,-0.0002734381705522537,26.447097778320312,37.677555084228516,16.249008178710938
26744,139,170,30,69,170,30,60,71,-0.780468761920929,0.5600390434265137,-0.2546679675579071,9.302061080932617,54.01343536376953,8.43221378326416
26745,132,170,30,63,170,30,62,81,-0.883984386920929,0.30491212010383606,-0.1211230456829071,-29.965116500854492,30.08976936340332,-21.842594146728516
26746,136,170,30,66,170,30,62,27,-0.863720715045929,0.5781054496765137,-0.0993945300579071,-14.9116792678833,-5.284274578094482,-7.384580135345459
26747,127,170,30,72,170,30,61,21,-0.867138683795929,0.35056641697883606,-0.2297656238079071,-0.7895419597625732,-12.673587799072266,-7.934198379516602
26748,49,170,30,50,170,30,65,238,-0.838574230670929,0.5121874809265137,-0.1538378894329071,-58.102516174316406,49.769161224365234,130.90550231933594
26749,22,170,30,19,170,30,60,110,-0.837597668170929,0.44260743260383606,-0.2717578113079071,36.34022903442383,-16.749923706054688,-57.018165588378906
26750,11,170,30,6,170,30,55,72,-0.637402355670929,0.7497363090515137,-0.2715136706829071,29.699007034301758,-42.49038314819336,0.14213740825653076
26751,7,170,30,1,170,30,50,87,-1.3124511241912842,0.46750977635383606,0.4257519543170929,2.874580144882202,-49.482749938964844,-34.728092193603516
26752,5,170,30,0,170,30,51,12,-0.504833996295929,1.1408495903015137,-0.1958300769329071,7.332595348358154,-0.7499236464500427,-4.025801658630371
26753,4,170,30,0,170,30,52,38,-0.968945324420929,0.28953126072883606,-0.0813281238079071,-10.407862663269043,-6.765190601348877,21.8215274810791
26754,4,170,30,0,170,30,51,38,-0.886181652545929,0.42966797947883606,-0.0884082019329071,0.5692367553710938,-6.307175636291504,-31.812061309814453
26755,12,170,30,0,170,30,53,10,-0.909863293170929,0.28831055760383606,-0.0854785144329071,-8.94221305847168,1.051603078842163,0.09633587300777435
26756,68,170,30,0,170,30,54,69,-0.941601574420929,0.6076464653015137,0.1269238293170929,-22.575801849365234,19.540151596069336,-27.567785263061523
26757,148,170,30,2,170,30,54,67,-0.788769543170929,0.13279296457767487,0.2824414074420929,-13.858244895935059,-16.50564956665039,-37.506717681884766
26758,218,170,30,39,170,30,50,65,-0.811962902545929,0.24680663645267487,0.2599804699420929,25.744808197021484,-30.475114822387695,-8.89603042602539
26759,232,170,30,45,170,30,50,41,-0.848583996295929,0.23118163645267487,0.1737988293170929,5.27152681350708,-1.2537403106689453,34.76809310913086
26760,197,170,30,29,170,30,53,69,-0.919628918170929,0.5937304496765137,0.009003905579447746,12.660840034484863,28.0134334564209,28.432214736938477
26761,155,170,30,11,170,30,57,60,-0.830273449420929,0.6301074028015137,-0.1325976550579071,-18.530000686645508,40.36457824707031,-1.8578625917434692
26762,135,170,30,5,170,30,60,41,-0.852734386920929,0.35740235447883606,-0.2229296863079071,-24.48419952392578,-2.73465633392334,-14.483816146850586
26763,93,170,30,4,170,30,61,37,-1.1120116710662842,0.11985351145267487,-0.1704394519329071,17.103588104248047,2.654656410217285,17.638320922851562
26764,35,170,30,0,170,30,60,194,-0.27070313692092896,1.5436816215515137,0.042939454317092896,-61.415496826171875,-2.948396921157837,130.02000427246094
26765,18,170,30,0,170,30,49,197,-0.632519543170929,0.7573046684265137,-0.1091601550579071,33.50053405761719,-73.08580017089844,-90.45328521728516
26766,9,170,30,0,170,30,45,100,-0.921093761920929,0.40940430760383606,0.3251660168170929,2.019618511199951,-3.8949618339538574,-94.7891616821289
26767,6,170,30,0,170,30,50,95,-0.811718761920929,0.6528124809265137,-0.000029297545552253723,-26.071985244750977,58.33404541015625,-11.491450309753418
26768,5,170,30,0,170,30,52,36,-0.747265636920929,0.6354784965515137,-0.2246386706829071,-14.300992012023926,1.6317557096481323,-20.880762100219727
26769,4,170,30,0,170,30,52,50,-0.893994152545929,0.43699219822883606,0.0954296886920929,22.019617080688477,-13.543816566467285,-15.308243751525879
26771,13,170,30,0,170,30,53,15,-0.879345715045929,0.44724610447883606,0.057832032442092896,-3.7819082736968994,3.479084014892578,7.913129806518555
26772,103,170,30,0,170,30,54,28,-0.894238293170929,0.5073046684265137,0.043671876192092896,-4.789541244506836,13.46381664276123,-10.682290077209473
26773,190,170,30,20,170,30,54,19,-0.839794933795929,0.6142382621765137,0.1344921886920929,-7.659770965576172,-6.200305461883545,-5.812061309814453
26774,283,170,30,66,170,30,48,169,-1.0585448741912842,0.5812792778015137,0.1528027355670929,45.973819732666016,-89.75756072998047,-33.85786056518555
26775,303,170,30,100,170,30,47,61,-1.6415526866912842,0.6022753715515137,0.2941601574420929,20.17228889465332,-23.711755752563477,17.653587341308594
26776,255,170,30,92,170,30,51,50,-0.847851574420929,0.7148241996765137,0.0668652355670929,-1.8582441806793213,27.70808982849121,21.027633666992188
26777,193,170,30,79,170,30,55,62,-0.778515636920929,0.40061524510383606,-0.3432910144329071,-28.835344314575195,31.418014526367188,2.6001527309417725
26778,164,170,30,100,170,30,57,59,-0.882519543170929,0.9282031059265137,0.005585936829447746,-32.957481384277344,11.387480735778809,-14.667022705078125
26779,178,170,30,210,170,30,57,33,-0.730419933795929,0.14304687082767487,0.4240429699420929,-8.239923477172852,11.64702320098877,-13.140304565429688
26780,189,170,30,325,170,30,57,16,-0.861279308795929,0.42014649510383606,0.2521679699420929,8.981450080871582,-6.261373996734619,1.0581679344177246
26781,78,170,30,217,170,30,59,363,-0.766552746295929,0.035380858927965164,0.009980468079447746,-11.217022895812988,-21.559083938598633,330.85968017578125
26782,31,170,30,71,170,30,52,217,-0.28852540254592896,1.2536425590515137,0.3305371105670929,11.378396987915039,29.616487503051758,176.32534790039062
26783,17,170,30,21,170,30,45,38,-0.10322265326976776,0.9721484184265137,-0.022246094420552254,26.828777313232422,-8.261374473571777,-3.0181679725646973
26784,12,170,30,1,170,30,36,66,-0.24628905951976776,0.9123339653015137,-0.027617188170552254,0.09595417976379395,-9.650687217712402,-56.63648986816406
26785,8,170,30,0,170,30,37,187,-0.39765626192092896,0.9072070121765137,-0.1819140613079071,-32.545265197753906,54.36457824707031,-100.89603424072266
26786,7,170,30,0,170,30,39,83,-0.35249024629592896,1.0185351371765137,-0.019316406920552254,23.65320587158203,24.578319549560547,35.455116271972656
26787,6,170,30,0,170,30,38,156,-0.639355480670929,0.8310351371765137,-0.1809374988079071,63.973819732666016,19.87602996826172,-72.7891616821289
26788,5,170,30,0,170,30,41,72,-0.676220715045929,0.7714648246765137,-0.3337695300579071,18.050151824951172,19.204273223876953,-35.063968658447266
26789,5,170,30,0,170,30,41,21,-0.766552746295929,0.6533007621765137,-0.1321093738079071,12.889847755432129,-6.9636640548706055,-1.5219846963882446
26790,5,170,30,0,170,30,42,90,-0.635449230670929,0.8215136528015137,-0.3508593738079071,-19.339160919189453,7.876030445098877,-62.85022735595703
26791,5,170,30,0,170,30,47,205,-0.872509777545929,0.39939454197883606,-0.5083301067352295,-101.11015319824219,85.96763610839844,-18.407480239868164
26792,5,170,30,0,170,30,47,93,-0.751171886920929,0.6037402153015137,-0.3052050769329071,-46.926944732666016,-39.36061096191406,-7.048702239990234
26793,5,170,30,0,170,30,44,48,-0.826123058795929,0.5563769340515137,0.042939454317092896,11.057785987854004,-14.53618335723877,-22.682289123535156
26794,5,170,30,0,170,30,47,74,-0.820019543170929,0.5710253715515137,-0.2136523425579071,46.81351089477539,19.540151596069336,8.23374080657959
26795,4,170,30,0,170,30,50,9,-0.786328136920929,0.6484179496765137,-0.1972949206829071,0.2791602611541748,5.372213840484619,3.4245800971984863
26796,7,170,30,0,170,30,51,16,-0.832958996295929,0.38865235447883606,-0.037382811307907104,-6.560534477233887,-4.6430535316467285,-5.109770774841309
26797,59,170,30,0,170,30,50,62,-0.832714855670929,0.49363282322883606,-0.1528613269329071,-31.568166732788086,-30.749923706054688,-0.4532824456691742
26798,141,170,30,0,170,30,47,78,-0.772900402545929,0.5287890434265137,0.0925000011920929,-22.270458221435547,-51.60488510131836,-4.224274635314941
26799,166,170,30,6,170,30,46,12,-0.842968761920929,0.5956835746765137,0.1298535168170929,1.683740496635437,-8.551450729370117,2.142137289047241
26800,69,170,30,0,170,30,51,167,-0.766308605670929,0.5966601371765137,-0.034941405057907104,-45.55289840698242,37.46381759643555,84.2490005493164
26801,26,170,30,0,170,30,52,89,-0.749707043170929,0.5214648246765137,-0.0962207019329071,47.11885452270508,-3.1468701362609863,-39.65938949584961
26802,13,170,30,0,170,30,53,42,-0.793408215045929,0.7111620903015137,-0.2466113269329071,-13.797175407409668,-12.459847450256348,-15.99526596069336
26804,53,170,30,0,170,30,54,62,-0.934521496295929,0.49167969822883606,0.1166699230670929,-42.1177864074707,-4.337709903717041,-16.483816146850586
26805,130,170,30,0,170,30,54,99,-0.931103527545929,0.6437792778015137,0.061494141817092896,-55.82770919799805,-10.017099380493164,-33.61358642578125
26806,116,170,30,7,170,30,56,33,-0.892529308795929,0.36985352635383606,0.0798046886920929,16.370763778686523,5.952366352081299,11.012367248535156
26807,42,170,30,0,170,30,60,205,-0.43427735567092896,1.1174120903015137,-0.3279101550579071,1.1035878658294678,24.13557243347168,180.7222900390625
26808,20,170,30,0,170,30,50,201,-0.735058605670929,0.25730469822883606,-0.0893847644329071,58.7677116394043,-40.10870361328125,-102.46855163574219
26809,9,170,30,0,170,30,48,86,-1.0636718273162842,-0.26906248927116394,0.5046093463897705,-0.10251903533935547,46.71572494506836,-40.163204193115234
26810,5,170,30,0,170,30,52,118,-0.739208996295929,0.7516894340515137,-0.051542967557907104,26.73717498779297,28.33404541015625,-63.59832000732422
26811,4,170,30,0,170,30,55,72,-0.784130871295929,0.5976366996765137,-0.1672656238079071,-39.59870147705078,-9.543816566467285,23.28717613220215
26812,4,170,30,0,170,30,55,32,-0.925732433795929,0.5287890434265137,0.061250001192092896,-21.24755859375,-10.719388961791992,-1.0181679725646973
26813,5,170,30,0,170,30,55,41,-0.917187511920929,0.44504883885383606,-0.015166016295552254,8.90511417388916,-4.291908264160156,-28.63648796081543
26814,55,170,30,0,170,30,55,31,-0.909619152545929,0.44407227635383606,0.056611329317092896,-8.148320198059082,-15.528550148010254,-7.384580135345459
26815,130,170,30,5,170,30,51,80,-1.0106933116912842,0.47385743260383606,0.059541016817092896,11.958549499511719,-62.261375427246094,-6.392213821411133
26816,167,170,30,29,170,30,49,42,-0.942822277545929,0.41892579197883606,0.4013378918170929,12.630305290222168,-23.91023063659668,6.126870155334473
26817,74,170,30,29,170,30,53,146,-0.937451183795929,0.28074219822883606,0.1205761730670929,-22.98801612854004,21.082136154174805,102.40167236328125
26818,31,170,30,13,170,30,53,63,-0.677197277545929,0.8432421684265137,0.1327832043170929,31.45473289489746,17.021068572998047,-14.789159774780273
26819,13,170,30,4,170,30,53,79,-0.784375011920929,0.6860156059265137,0.054169923067092896,-12.804808616638184,-12.047633171081543,-54.94183349609375
26820,58,170,30,7,170,30,52,116,-1.0080077648162842,0.9291796684265137,0.0937207043170929,-70.08724975585938,-16.520917892456055,-30.25480842590332
26821,155,170,30,88,170,30,53,55,-0.707958996295929,0.35422852635383606,0.3820507824420929,-22.102519989013672,0.07450377941131592,-33.58305358886719
26822,178,170,30,169,170,30,55,18,-0.879833996295929,0.38889649510383606,0.2065136730670929,11.866947174072266,2.272977113723755,4.172671794891357
26823,79,170,30,84,170,30,56,233,-0.35151368379592896,1.1686816215515137,0.1139843761920929,54.233360290527344,23.845495223999023,155.88259887695312
26824,36,170,30,27,170,30,50,160,-0.726513683795929,0.6103320121765137,-0.055449217557907104,51.95854949951172,-37.78809356689453,-70.25481414794922
26825,16,170,30,5,170,30,48,51,-0.772167980670929,0.6545214653015137,0.2382519543170929,-2.2093894481658936,-17.299543380737305,-32.239540100097656
26827,8,170,30,0,170,30,51,36,-0.821728527545929,0.5453906059265137,0.021699218079447746,-23.84297752380371,11.0058012008667,1.2108396291732788
26828,6,170,30,0,170,30,53,39,-0.856396496295929,0.45603516697883606,0.0016796868294477463,-30.041452407836914,-0.9483969807624817,8.447481155395508
26829,5,170,30,0,170,30,52,33,-0.803417980670929,0.5798144340515137,0.1139843761920929,-1.873511552810669,3.524885416030884,-27.812061309814453
26830,4,170,30,0,170,30,54,36,-0.838574230670929,0.5705370903015137,0.1325390636920929,-21.38496208190918,7.677557468414307,7.684122085571289
26831,5,170,30,0,170,30,54,50,-0.773632824420929,0.6525683403015137,0.1405957043170929,-11.446030616760254,-4.520915985107422,-34.682289123535156
26832,11,170,30,0,170,30,57,28,-0.903027355670929,0.24338866770267487,0.0788281261920929,-15.751374244689941,5.0363359451293945,-7.644122123718262
26833,86,170,30,6,170,30,56,68,-0.748974621295929,0.48826172947883606,-0.2146289050579071,20.508167266845703,-26.29191017150879,-21.766258239746094
26834,204,170,30,40,170,30,51,117,-0.812695324420929,0.5016894340515137,0.2384960949420929,35.851680755615234,-63.75756072998047,-17.628854751586914
26835,138,170,30,34,170,30,53,59,-0.974316418170929,0.20994140207767487,0.2043164074420929,7.225725173950195,20.318777084350586,32.44748306274414
26836,54,170,30,10,170,30,55,69,-0.630566418170929,0.9360156059265137,0.2521679699420929,-3.8582441806793213,35.09740447998047,30.249008178710938
26837,21,170,30,0,170,30,58,13,-0.842968761920929,0.5309863090515137,0.1454785168170929,-1.5987021923065186,8.028701782226562,-4.178473472595215
26838,37,170,30,0,170,30,59,9,-0.883984386920929,0.6313281059265137,0.0771191418170929,-6.255190849304199,1.1126717329025269,-2.1784732341766357
26839,131,170,30,0,170,30,60,84,-1.0160644054412842,0.6677050590515137,0.2253125011920929,-20.957481384277344,21.402748107910156,-41.949466705322266
26840,193,170,30,42,170,30,62,8,-0.933056652545929,0.24460937082767487,0.1462109386920929,0.32496190071105957,-1.58961820602417,-6.605954170227051
26841,106,170,30,45,170,30,65,199,-1.0185058116912842,-0.062031250447034836,0.012421874329447746,37.66847610473633,-0.39877861738204956,161.86734008789062
26842,41,170,30,5,170,30,59,195,-0.35273438692092896,1.3378710746765137,0.1029980480670929,17.77534294128418,-23.375879287719727,153.92840576171875
26843,21,170,30,0,170,30,49,152,-0.529492199420929,0.8339648246765137,0.026826171204447746,27.45473289489746,-35.39114761352539,-90.04106903076172
26844,10,170,30,0,170,30,45,107,-0.892041027545929,0.34080079197883606,0.3637402355670929,32.75244140625,-15.650687217712402,-58.81969451904297
26845,6,170,30,0,170,30,52,186,-0.741406261920929,0.7787890434265137,-0.0906054675579071,-102.78954315185547,57.219539642333984,26.630687713623047
26846,5,170,30,0,170,30,53,74,-0.859570324420929,0.5241503715515137,0.0649121105670929,4.019618511199951,6.196641445159912,-63.93419647216797
26847,4,170,30,0,170,30,55,16,-0.847851574420929,0.5673632621765137,0.2060253918170929,-1.3849618434906006,-15.406413078308105,-0.07160305976867676
26848,7,170,30,0,170,30,57,25,-0.889843761920929,0.36448243260383606,0.2026074230670929,-14.087250709533691,10.089771270751953,1.57725191116333
26849,50,170,30,2,170,30,58,31,-0.878857433795929,0.45994141697883606,0.1737988293170929,-7.613968849182129,10.349312782287598,-13.18610668182373
26850,141,170,30,52,170,30,56,124,-0.570263683795929,0.5339159965515137,-0.0683886706829071,36.78297805786133,-57.02473449707031,-30.987632751464844
26851,198,170,30,93,170,30,53,41,-0.868359386920929,0.19407226145267487,0.6418163776397705,-5.568167686462402,-28.352977752685547,-7.674656391143799
26853,102,170,30,73,170,30,56,84,-0.956250011920929,0.23411132395267487,0.1794140636920929,-7.690304756164551,37.662288665771484,38.9207649230957
26854,40,170,30,29,170,30,58,36,-0.721142590045929,0.7455859184265137,0.1882031261920929,-8.71320629119873,22.746257781982422,-4.560152530670166
26855,34,170,30,6,170,30,60,44,-0.869580090045929,0.5873827934265137,0.1615917980670929,-31.522367477416992,-3.2079386711120605,9.546717643737793
26856,139,170,30,16,170,30,59,68,-0.892773449420929,0.07004882395267487,0.6808788776397705,-41.4918327331543,-2.5667176246643066,-24.147937774658203
26857,231,170,30,159,170,30,60,37,-0.882275402545929,0.20164062082767487,0.3830273449420929,0.5997710227966309,8.349312782287598,-28.300609588623047
26858,227,170,30,254,170,30,62,41,-0.926220715045929,0.29343751072883606,0.1171582043170929,21.39366340637207,14.196640968322754,5.470381736755371
26859,82,170,30,129,170,30,67,303,-0.649853527545929,0.5461230278015137,0.029999999329447746,-16.774274826049805,54.822593688964844,232.15740966796875
26860,36,170,30,45,170,30,60,166,-0.543408215045929,0.9308886528015137,-0.1548144519329071,43.37839889526367,-49.14686965942383,-73.58305358886719
26861,17,170,30,12,170,30,54,118,-0.892529308795929,0.5041308403015137,0.2116406261920929,31.21045684814453,-50.85679626464844,-36.04106903076172
26862,9,170,30,0,170,30,55,94,-0.793652355670929,0.5817675590515137,-0.023710938170552254,26.905113220214844,3.982900857925415,63.82152557373047
26863,5,170,30,0,170,30,54,48,-0.684765636920929,0.7482714653015137,0.019746093079447746,21.439464569091797,3.8607633113861084,23.638320922851562
26864,4,170,30,0,170,30,55,29,-0.849316418170929,0.5387988090515137,0.055634766817092896,-20.438398361206055,-3.9712977409362793,-5.323511600494385
26865,4,170,30,0,170,30,56,35,-0.855175793170929,0.48850587010383606,0.1298535168170929,-1.293358564376831,9.662290573120117,-24.37694549560547
26866,23,170,30,0,170,30,58,31,-0.872509777545929,0.6012988090515137,-0.022246094420552254,-5.858243942260742,8.471449851989746,-17.537250518798828
26867,113,170,30,6,170,30,58,92,-0.553173840045929,0.43308594822883606,-0.3486621081829071,34.7677116394043,-26.04763412475586,-31.99526596069336
26868,216,170,30,63,170,30,53,73,-0.633984386920929,0.10032226145267487,0.4159863293170929,19.17992401123047,-52.76519012451172,1.3024426698684692
26869,162,170,30,81,170,30,53,35,-0.892041027545929,0.34910157322883606,0.3522656261920929,0.46236634254455566,16.364580154418945,19.058168411254883
26870,57,170,30,35,170,30,56,73,-0.704296886920929,0.7858691215515137,0.2233593761920929,-23.82771110534668,18.868396759033203,31.088703155517578
26871,24,170,30,15,170,30,58,73,-0.878613293170929,0.5163378715515137,0.052460938692092896,29.39366340637207,23.860761642456055,-20.590686798095703
26872,54,170,30,13,170,30,59,8,-0.868603527545929,0.5685839653015137,0.1401074230670929,-0.37732815742492676,-1.8949618339538574,-6.0410685539245605
26873,147,170,30,39,170,30,58,72,-0.837353527545929,0.34690430760383606,0.2929394543170929,-22.392595291137695,-6.062900543212891,-43.949466705322266
26874,236,170,30,110,170,30,57,5,-0.888134777545929,0.5170702934265137,0.1745312511920929,1.8974809646606445,1.356946587562561,-2.4685497283935547
26875,161,170,30,107,170,30,59,159,-1.4667479991912842,-0.5708203315734863,0.2724316418170929,39.088321685791016,7.937099456787109,112.58488464355469
26876,59,170,30,32,170,30,58,244,-0.39252930879592896,1.1305956840515137,0.1799023449420929,-34.37732696533203,6.3187785148620605,204.2642822265625
26877,28,170,30,5,170,30,50,34,-0.36079102754592896,1.1489062309265137,0.3456738293170929,3.805877923965454,-4.597251892089844,26.40167999267578
26879,15,170,30,0,170,30,42,98,-0.32539063692092896,0.8083300590515137,0.1545117199420929,-0.1635878086090088,-44.62778854370117,-54.19374084472656
26880,10,170,30,0,170,30,37,154,-0.47065430879592896,0.8156542778015137,0.0851757824420929,-61.6903076171875,5.585954189300537,-87.0029067993164
26881,7,170,30,0,170,30,38,153,-0.570263683795929,0.9255175590515137,0.3266308605670929,-6.270458221435547,68.57832336425781,-78.6517562866211
26882,6,170,30,0,170,30,45,112,-0.802197277545929,0.34421876072883606,0.1325390636920929,-6.606335639953613,46.97526550292969,-58.48381805419922
26883,4,170,30,0,170,30,51,58,-0.817089855670929,0.46262696385383606,0.0873730480670929,24.218090057373047,23.1126708984375,-10.697556495666504
26884,4,170,30,0,170,30,53,32,-0.754589855670929,0.6686816215515137,0.061494141817092896,-25.44603157043457,3.799694776535034,3.3787786960601807
26885,4,170,30,0,170,30,52,58,-0.858593761920929,0.45920899510383606,0.1366894543170929,16.21809196472168,-7.742290496826172,-34.331146240234375
26886,4,170,30,0,170,30,54,58,-0.835156261920929,0.5053515434265137,0.1562207043170929,21.027250289916992,14.288244247436523,22.936031341552734
26887,4,170,30,0,170,30,55,27,-0.867138683795929,0.47434571385383606,0.1156933605670929,11.240992546081543,4.440916061401367,11.85206127166748
26888,5,170,30,0,170,30,56,41,-0.802441418170929,0.5761523246765137,0.059052735567092896,26.17228889465332,5.097404479980469,10.03526782989502
26889,4,170,30,0,170,30,56,23,-0.842968761920929,0.5656542778015137,0.034394532442092896,7.118854999542236,2.379847288131714,-13.67465591430664
26890,10,170,30,0,170,30,55,59,-2.049999952316284,-1.0510449409484863,0.0839550793170929,21.33259391784668,11.158473014831543,-27.07923698425293
26891,91,170,30,0,170,30,55,103,-0.774365246295929,0.8949999809265137,-0.3633105456829071,-34.75900650024414,-36.261375427246094,-32.46854782104492
26892,216,170,30,9,170,30,49,151,-0.646191418170929,0.34446290135383606,0.4570019543170929,-37.2322883605957,-75.66595458984375,-38.17847442626953
26893,290,170,30,60,170,30,47,75,-0.945263683795929,0.49094727635383606,0.035126954317092896,-13.919312477111816,-27.91023063659668,-33.61358642578125
26894,284,170,30,89,170,30,49,6,-0.882275402545929,0.29441407322883606,0.3407910168170929,-2.5299999713897705,-0.6430534720420837,-3.6593892574310303
26895,132,170,30,36,170,30,55,264,-1.0316894054412842,-0.28126952052116394,-0.1933886706829071,61.1951904296875,-12.108702659606934,191.63832092285156
26896,54,170,30,7,170,30,48,109,-0.570263683795929,0.9145312309265137,0.1213085949420929,40.5081672668457,1.2042747735977173,-67.46092224121094
26897,23,170,30,0,170,30,49,34,-0.859814465045929,0.45237305760383606,0.2865917980670929,3.378396987915039,-12.35297679901123,-18.987632751464844
26898,11,170,30,0,170,30,51,20,-0.951123058795929,0.22654296457767487,0.2897656261920929,9.149389266967773,9.26534366607666,-2.3311450481414795
26899,6,170,30,0,170,30,53,68,-0.782177746295929,0.6415820121765137,0.2399609386920929,33.60740661621094,20.47144889831543,14.661221504211426
26900,5,170,30,0,170,30,55,57,-0.860791027545929,0.6157031059265137,0.021699218079447746,45.62267303466797,8.42564868927002,-3.201374053955078
26901,7,170,30,0,170,30,56,6,-0.877636730670929,0.47776368260383606,0.1828320324420929,-2.163587808609009,2.2577099800109863,2.142137289047241
26902,60,170,30,0,170,30,55,97,-0.818798840045929,0.38914063572883606,0.1464550793170929,-48.652137756347656,-32.76519012451172,-16.209007263183594
26903,164,170,30,15,170,30,49,180,-0.892529308795929,0.5124316215515137,0.2987988293170929,-39.0490837097168,-84.7041244506836,-56.789161682128906
26905,209,170,30,70,170,30,46,83,-0.813671886920929,0.35471680760383606,0.3700878918170929,6.798244476318359,-44.001834869384766,-32.63648986816406
26906,146,170,30,88,170,30,47,17,-0.873242199420929,0.28782227635383606,0.3710644543170929,8.157022476196289,-8.73465633392334,-0.8349618315696716
26907,52,170,30,39,170,30,51,308,-0.511669933795929,0.6884570121765137,0.3500683605670929,20.721908569335938,55.20427322387695,232.09634399414062
26908,23,170,30,6,170,30,47,107,-0.593945324420929,0.7238574028015137,0.039765626192092896,25.485265731811523,-8.73465633392334,-72.7891616821289
26909,11,170,30,0,170,30,47,77,-0.932080090045929,0.16697265207767487,0.4943554699420929,-4.804808616638184,20.669921875,-52.30060958862305
26910,6,170,30,0,170,30,53,77,-0.816601574420929,0.5302538871765137,0.0844433605670929,19.622671127319336,53.83022689819336,4.0963358879089355
26911,5,170,30,0,170,30,56,107,-0.810253918170929,0.5524706840515137,0.054658204317092896,60.53870391845703,25.29587745666504,21.332977294921875
26912,4,170,30,0,170,30,57,30,-0.877880871295929,0.43748047947883606,-0.034941405057907104,22.950916290283203,5.585954189300537,-2.0868701934814453
26913,5,170,30,0,170,30,58,49,-0.819531261920929,0.6496386528015137,-0.0910937488079071,35.94328308105469,9.143206596374512,4.2032060623168945
26914,27,170,30,0,170,30,58,24,-0.841015636920929,0.5619921684265137,0.019257811829447746,-15.659770011901855,-1.940763235092163,-6.575419902801514
26915,137,170,30,0,170,30,55,118,-0.814160168170929,0.5546679496765137,-0.1853320300579071,-66.3162612915039,-44.8873291015625,-7.399847507476807
26916,257,170,30,12,170,30,49,123,-0.748242199420929,1.1503710746765137,-0.4424121081829071,-45.65977096557617,-64.71939086914062,-12.743358612060547
26917,323,170,30,49,170,30,45,30,-0.950878918170929,0.45652344822883606,0.4943554699420929,-7.720839500427246,-19.223207473754883,-3.2624428272247314
26918,297,170,30,74,170,30,46,21,-0.845654308795929,0.41941407322883606,0.2091992199420929,8.50816822052002,-7.101068496704102,6.386412143707275
26919,119,170,30,40,170,30,49,254,-0.982373058795929,-0.18678711354732513,0.1904003918170929,78.1264877319336,-1.2537403106689453,175.57725524902344
26920,48,170,30,6,170,30,45,137,-0.48896485567092896,0.8930468559265137,-0.034697264432907104,-46.69793701171875,-32.16977310180664,-58.30060958862305
26921,20,170,30,0,170,30,46,42,-0.678417980670929,0.45505860447883606,0.3276074230670929,4.660839557647705,19.723358154296875,17.668855667114258
26922,9,170,30,0,170,30,52,132,-0.857617199420929,0.46824219822883606,-0.042753905057907104,-67.56816864013672,38.120304107666016,27.271909713745117
26923,6,170,30,0,170,30,51,107,-0.868359386920929,0.33469727635383606,0.2643750011920929,18.187557220458984,6.685190677642822,-82.17847442626953
26924,4,170,30,0,170,30,55,82,-0.689648449420929,0.7548632621765137,0.1806347668170929,-20.54526710510254,19.784425735473633,42.46274948120117
26926,11,170,30,0,170,30,57,14,-0.911083996295929,0.23630858957767487,0.0744335949420929,2.3249619007110596,2.975267171859741,9.287176132202148
26927,99,170,30,17,170,30,56,46,-0.814892590045929,0.24631835520267487,0.8151562213897705,12.950916290283203,-16.215574264526367,-17.583053588867188
26928,279,170,30,91,170,30,50,201,-1.5739257335662842,0.9838671684265137,0.058564454317092896,-35.0490837097168,-86.97893524169922,-79.46092224121094
26929,383,170,30,181,170,30,45,146,-0.905468761920929,0.46165040135383606,0.1449902355670929,-35.293357849121094,-38.8873291015625,-72.31587982177734
26930,358,170,30,172,170,30,48,18,-0.844921886920929,0.25852540135383606,0.3510449230670929,10.61503791809082,-1.9865648746490479,5.668854713439941
26931,169,170,30,86,170,30,52,341,-1.2206542491912842,-0.6152539253234863,0.2206738293170929,93.8211441040039,37.708091735839844,210.4016876220703
26932,61,170,30,25,170,30,53,60,-0.37568360567092896,1.3549609184265137,0.2553417980670929,18.920381546020508,13.479084014892578,-28.300609588623047
26933,24,170,30,2,170,30,52,34,-0.793652355670929,0.6061816215515137,0.2677929699420929,-15.613968849182129,-5.039999961853027,-13.735724449157715
26934,11,170,30,0,170,30,55,64,-0.868115246295929,0.42112305760383606,0.1789257824420929,-19.293359756469727,24.578319549560547,-20.71282386779785
26935,6,170,30,0,170,30,59,88,-0.780957043170929,0.6230273246765137,0.0014355462044477463,35.66847610473633,38.15083694458008,15.042901039123535
26936,5,170,30,0,170,30,60,88,-0.795849621295929,0.5676074028015137,0.014619139954447746,33.744808197021484,-7.5743513107299805,-47.35404586791992
26937,5,170,30,0,170,30,61,73,-0.777294933795929,0.7133593559265137,-0.0969531238079071,11.943283081054688,19.982900619506836,-42.04106903076172
26938,65,170,30,0,170,30,61,46,-0.895947277545929,0.6230273246765137,-0.2910449206829071,-20.087251663208008,-5.559083938598633,-20.529617309570312
26939,169,170,30,15,170,30,59,105,-0.716503918170929,0.07346679270267487,-0.4297167956829071,-7.949847221374512,-95.91023254394531,-1.5525190830230713
26940,288,170,30,55,170,30,51,156,-0.685986340045929,-0.33253905177116394,0.9601757526397705,-66.6216049194336,-72.3987808227539,-17.201374053955078
26941,340,170,30,96,170,30,48,29,-0.855908215045929,0.20701171457767487,0.3654492199420929,1.057786226272583,-18.643054962158203,-9.812060356140137
26942,338,170,30,114,170,30,50,6,-0.876171886920929,0.45115235447883606,0.1542675793170929,-0.8658778667449951,-4.917862415313721,0.8138931393623352
26943,308,170,30,101,170,30,51,6,-0.870068371295929,0.42844727635383606,0.1742871105670929,-3.690305471420288,-2.8567938804626465,0.43221375346183777
26944,139,170,30,44,170,30,55,308,-1.1127440929412842,-0.33864256739616394,0.1195996105670929,6.401297569274902,43.005802154541016,259.1039733886719
26945,55,170,30,11,170,30,57,236,-0.35590821504592896,1.1034960746765137,0.3363964855670929,-0.3925952911376953,89.25007629394531,146.67649841308594
26946,23,170,30,0,170,30,52,75,-0.25825196504592896,0.8847460746765137,0.0651562511920929,47.27152633666992,5.311145305633545,-23.03343391418457
26947,13,170,30,0,170,30,46,84,-0.48237305879592896,0.8075976371765137,0.0754101574420929,-31.40022850036621,-31.803359985351562,-21.628854751586914
26948,7,170,30,0,170,30,44,95,-0.682080090045929,0.9719042778015137,-0.2104785144329071,-30.331525802612305,5.418015480041504,-60.01053237915039
26949,6,170,30,0,170,30,45,78,-0.530468761920929,0.5429491996765137,0.021210936829447746,-36.1177864074707,14.929465293884277,-27.87312889099121
26950,5,170,30,0,170,30,44,25,-0.823193371295929,0.6833300590515137,0.4455273449420929,-4.911679267883301,0.501984715461731,-20.560152053833008
26951,5,170,30,0,170,30,44,44,-0.605664074420929,0.8422656059265137,0.2975781261920929,9.83641242980957,7.3569464683532715,-27.537250518798828
26952,5,170,30,0,170,30,43,108,-0.654736340045929,0.8168749809265137,0.2089550793170929,17.271526336669922,-7.406412124633789,-83.56778717041016
26953,5,170,30,0,170,30,45,92,-0.867626965045929,0.42771485447883606,0.013398436829447746,-17.949848175048828,-15.070534706115723,-59.47618103027344
26954,5,170,30,0,170,30,46,68,-0.861279308795929,0.39280274510383606,0.1867382824420929,-44.194122314453125,-18.917863845825195,5.729923725128174
26955,5,170,30,0,170,30,48,13,-0.814160168170929,0.5461230278015137,0.1154492199420929,-0.8964121341705322,8.97526741027832,4.004733085632324
26957,5,170,30,0,170,30,50,3,-0.889599621295929,0.36497071385383606,0.1169140636920929,-0.07198476791381836,3.1737403869628906,-0.3311450183391571
26958,5,170,30,0,170,30,52,12,-0.854931652545929,0.44773438572883606,0.2040722668170929,-2.7895419597625732,2.975267171859741,6.752824306488037
26959,4,170,30,0,170,30,54,11,-0.824414074420929,0.5085253715515137,0.1547558605670929,-4.224656105041504,3.097404718399048,4.218473434448242
26960,23,170,30,0,170,30,55,22,-0.854443371295929,0.38474610447883606,0.2204296886920929,-16.636871337890625,-4.459847450256348,0.9970992207527161
26961,109,170,30,0,170,30,56,41,-0.884228527545929,0.43723633885383606,0.1205761730670929,-16.92694664001465,-4.200305461883545,-20.728090286254883
26962,219,170,30,5,170,30,55,158,-1.0377929210662842,0.7170214653015137,-0.1792285144329071,-93.26282501220703,-0.3224427103996277,-64.89603424072266
26963,263,170,30,39,170,30,56,19,-0.927929699420929,0.21824218332767487,0.5216991901397705,1.378396987915039,16.51725196838379,-1.4761831760406494
26964,261,170,30,53,170,30,59,15,-0.924023449420929,0.21262694895267487,0.2699902355670929,1.8516794443130493,7.021068572998047,-6.407480716705322
26965,259,170,30,38,170,30,61,14,-0.924023449420929,0.22263671457767487,0.2194531261920929,0.7982442378997803,4.837862491607666,-8.667022705078125
26966,279,170,30,26,170,30,62,43,-0.833691418170929,0.33958008885383606,-0.019316406920552254,6.737175941467285,-22.8873291015625,-14.331144332885742
26967,322,170,30,27,170,30,60,88,-1.2296874523162842,0.5983691215515137,0.6706249713897705,17.699007034301758,-34.81099319458008,-36.46854782104492
26968,338,170,30,23,170,30,59,20,-0.895458996295929,-0.002949219197034836,0.2646191418170929,9.851679801940918,-5.58961820602417,-5.354045867919922
26969,325,170,30,13,170,30,60,16,-0.909863293170929,0.14548827707767487,0.3341992199420929,-7.58343505859375,-6.8567938804626465,-1.583053469657898
26970,316,170,30,8,170,30,61,36,-0.875195324420929,-0.21828125417232513,0.3766796886920929,9.302061080932617,1.8149617910385132,25.531450271606445
26971,303,170,30,3,170,30,62,136,-0.685253918170929,0.24607421457767487,0.5570995807647705,56.38603210449219,27.67755699157715,52.00473403930664
26972,281,170,30,4,170,30,63,17,-0.899853527545929,0.21506835520267487,0.2472851574420929,-2.300992250442505,-5.269007682800293,9.85206127166748
26973,257,170,30,4,170,30,62,19,-0.880078136920929,0.33616212010383606,0.2870800793170929,-8.010915756225586,-4.902595520019531,6.859694480895996
26974,227,170,30,9,170,30,63,40,-0.893750011920929,0.15549804270267487,0.2494824230670929,-8.16358757019043,13.127939224243164,19.30244255065918
26975,208,170,30,15,170,30,64,77,-0.903271496295929,0.052714843302965164,0.0993359386920929,-38.652137756347656,10.379847526550293,28.798625946044922
26976,218,170,30,28,170,30,65,50,-0.881542980670929,0.30979493260383606,0.6242382526397705,-22.942214965820312,22.92946434020996,-4.880763530731201
26977,237,170,30,47,170,30,65,26,-0.854931652545929,0.6196093559265137,-0.054228514432907104,-7.690304756164551,11.998167991638184,6.44748067855835
26978,236,170,30,52,170,30,65,15,-0.887158215045929,0.34250977635383606,0.2448437511920929,8.12648868560791,-1.4674808979034424,6.0963358879089355
26979,118,170,30,22,170,30,64,211,-1.0541503429412842,-0.07838867604732513,-0.017119141295552254,24.584503173828125,-55.177406311035156,131.71466064453125
26980,49,170,30,1,170,30,53,115,-0.43110352754592896,1.0314745903015137,0.4084179699420929,-17.033817291259766,-27.696489334106445,-70.49908447265625
26982,19,170,30,0,170,30,54,34,-0.839062511920929,0.38938477635383606,0.4013378918170929,-11.278091430664062,7.479084014892578,-15.99526596069336
26983,9,170,30,0,170,30,55,25,-0.719433605670929,0.6091113090515137,0.3188183605670929,4.966183185577393,9.723359107971191,10.52381706237793
26984,5,170,30,0,170,30,56,9,-0.775830090045929,0.49973633885383606,0.3154003918170929,0.01961827278137207,2.2119083404541016,7.653587818145752
26985,4,170,30,0,170,30,56,33,-0.802929699420929,0.47190430760383606,0.2751171886920929,15.958549499511719,12.501984596252441,5.439847469329834
26986,8,170,30,0,170,30,57,31,-0.841015636920929,0.39988282322883606,0.2153027355670929,-4.300992012023926,9.341679573059082,-18.31587791442871
26987,57,170,30,0,170,30,58,31,-0.834667980670929,0.45652344822883606,0.3229687511920929,3.088320732116699,18.746257781982422,-9.796792984008789
26988,152,170,30,15,170,30,59,71,-0.945019543170929,0.42795899510383606,0.3483593761920929,-34.04145050048828,6.593587875366211,-30.499082565307617
26989,221,170,30,50,170,30,59,59,-0.837597668170929,-0.20949219167232513,0.5763866901397705,-9.430763244628906,5.982900619506836,-43.91893005371094
26990,250,170,30,48,170,30,61,2,-0.912304699420929,0.30540040135383606,0.2402050793170929,-0.026183128356933594,-2.0781679153442383,0.11160305142402649
26991,251,170,30,28,170,30,62,9,-0.910595715045929,0.27537110447883606,0.2292187511920929,4.70664119720459,4.166106700897217,1.042900800704956
26992,266,170,30,18,170,30,61,88,-0.830517590045929,0.49802735447883606,0.0871289074420929,10.03488540649414,-49.7728271484375,-28.544885635375977
26993,318,170,30,27,170,30,57,148,-1.8217284679412842,0.8434863090515137,0.5519726276397705,26.569236755371094,-60.76519012451172,-61.002899169921875
26994,361,170,30,45,170,30,55,69,-1.0797851085662842,0.35911133885383606,0.3410351574420929,30.279159545898438,-25.681222915649414,-13.720458030700684
26995,362,170,30,49,170,30,57,12,-0.888623058795929,0.20481444895267487,0.3212597668170929,-7.049083709716797,-3.6354198455810547,2.218473196029663
26996,346,170,30,42,170,30,58,22,-0.881298840045929,0.27000001072883606,0.3525097668170929,-18.392595291137695,-1.1774046421051025,-2.957099199295044
26997,318,170,30,29,170,30,60,142,-0.888867199420929,0.43210938572883606,0.3649609386920929,38.20282745361328,47.677555084228516,56.73755645751953
26998,304,170,30,19,170,30,62,52,-1.1486327648162842,0.45652344822883606,0.1745312511920929,16.126487731933594,-7.971297264099121,28.172672271728516
26999,279,170,30,19,170,30,61,23,-0.867138683795929,0.39963868260383606,0.2922070324420929,-12.194122314453125,-3.696488380432129,7.271908283233643
27000,242,170,30,30,170,30,61,29,-0.883251965045929,0.27195313572883606,0.3649609386920929,-12.529999732971191,15.830228805541992,0.9360305070877075
27001,225,170,30,41,170,30,63,86,-0.853466808795929,0.6740527153015137,0.5280468463897705,-42.25518798828125,27.1126708984375,17.516183853149414
27002,219,170,30,59,170,30,66,57,-1.0431640148162842,0.9094042778015137,0.1545117199420929,-36.25518798828125,21.189006805419922,-0.17847329378128052
27003,224,170,30,80,170,30,66,7,-0.883740246295929,0.38865235447883606,0.2033398449420929,-0.40786266326904297,5.066870212554932,-1.7204580307006836
27004,179,170,30,66,170,30,66,56,-0.876904308795929,0.34373047947883606,0.059052735567092896,15.454732894897461,-23.314809799194336,17.48564910888672
27005,69,170,30,19,170,30,59,187,-0.560253918170929,0.7621874809265137,0.4413769543170929,-29.7055721282959,-64.06290435791016,93.31770324707031
27006,32,170,30,2,170,30,50,116,-0.752392590045929,0.47654297947883606,0.3722851574420929,29.21045684814453,-16.2308406829834,-70.94183349609375
27007,15,170,30,0,170,30,51,55,-0.919384777545929,0.06321288645267487,0.4369824230670929,-7.171220779418945,3.311145067214966,-44.97236633300781
27009,8,170,30,0,170,30,52,14,-0.685742199420929,0.6347460746765137,0.4718945324420929,-2.804809331893921,3.952366352081299,-7.598320484161377
27010,5,170,30,0,170,30,53,20,-0.785351574420929,0.46677735447883606,0.3603222668170929,-0.7590076923370361,10.04396915435791,-9.445648193359375
27011,32,170,30,0,170,30,56,28,-0.821728527545929,0.42917969822883606,0.3366406261920929,17.39366340637207,11.127939224243164,-0.041068702936172485
27012,122,170,30,9,170,30,58,51,-0.891552746295929,0.6005663871765137,0.2250683605670929,20.706640243530273,3.0363359451293945,-27.85786247253418
27013,225,170,30,73,170,30,56,102,-0.865917980670929,-0.6374707221984863,0.4499218761920929,-35.415496826171875,-2.765190839767456,-64.17847442626953
27014,271,170,30,153,170,30,58,5,-0.892529308795929,0.18406249582767487,0.3117382824420929,-1.1101524829864502,0.3187786340713501,-3.888396978378296
27015,268,170,30,153,170,30,59,6,-0.893750011920929,0.20457030832767487,0.3410351574420929,-0.7590076923370361,5.631755828857422,0.035267174243927
27016,276,170,30,92,170,30,60,59,-1.0663573741912842,0.049296874552965164,0.4367382824420929,36.569236755371094,-4.429312705993652,18.752824783325195
27017,315,170,30,68,170,30,57,110,-0.586621105670929,0.15061523020267487,0.1674511730670929,49.76007843017578,-17.14687156677246,-43.17083740234375
27018,342,170,30,63,170,30,58,49,-0.872265636920929,0.027080077677965164,0.2050488293170929,38.82878112792969,2.761526584625244,7.653587818145752
27019,339,170,30,58,170,30,59,27,-0.883740246295929,0.19871093332767487,0.3149121105670929,-12.988015174865723,-10.810992240905762,3.6688549518585205
27020,325,170,30,68,170,30,59,15,-0.876904308795929,0.22043944895267487,0.3840039074420929,-9.812442779541016,-3.1468701362609863,-2.346412181854248
27021,311,170,30,62,170,30,61,134,-1.9171874523162842,0.7826952934265137,0.2922070324420929,68.85931396484375,12.532519340515137,53.43984603881836
27022,303,170,30,48,170,30,62,52,-0.811230480670929,-0.19411133229732513,0.5754101276397705,3.9738168716430664,11.524885177612305,36.997100830078125
27023,300,170,30,55,170,30,62,16,-0.866162121295929,0.36570313572883606,0.3114941418170929,-11.476564407348633,-1.6659541130065918,3.226106882095337
27024,281,170,30,70,170,30,62,15,-0.867871105670929,0.35129883885383606,0.3063671886920929,-9.827709197998047,-3.116335868835449,2.9512977600097656
27025,253,170,30,78,170,30,64,94,-0.42011719942092896,0.42332032322883606,0.3517773449420929,-46.8048095703125,36.9141960144043,10.920763969421387
27026,243,170,30,74,170,30,67,44,-0.864453136920929,0.23020507395267487,0.3368847668170929,-5.171220779418945,33.341678619384766,-5.812061309814453
27027,242,170,30,78,170,30,67,2,-0.894238293170929,0.33689454197883606,0.1755078136920929,-1.7055723667144775,-0.20030540227890015,0.6306869983673096
27028,226,170,30,73,170,30,66,3,-0.901806652545929,0.32004883885383606,0.2387402355670929,0.034885406494140625,-1.5743510723114014,2.1268701553344727
27029,189,170,30,56,170,30,66,22,-0.893750011920929,0.34153321385383606,0.1845410168170929,2.386030673980713,-9.727023124694824,10.294809341430664
27030,142,170,30,43,170,30,64,9,-0.882519543170929,0.33640626072883606,0.2924511730670929,-6.591068267822266,-3.116335868835449,0.2795419991016388
27031,129,170,30,42,170,30,64,5,-0.893261730670929,0.34226563572883606,0.2216503918170929,-0.3925952911376953,3.234809160232544,1.5925190448760986
27032,74,170,30,23,170,30,65,202,-1.1747558116912842,-0.37843748927116394,-0.1347949206829071,16.584503173828125,-52.719390869140625,133.63832092285156
27033,31,170,30,3,170,30,53,51,-0.25043946504592896,1.3835253715515137,0.6188671588897705,-8.407862663269043,-9.009465217590332,-33.781524658203125
27034,15,170,30,0,170,30,51,131,-0.917431652545929,0.11179687082767487,0.3715527355670929,21.59213638305664,-7.635419845581055,-102.52962493896484
27035,8,170,30,0,170,30,54,21,-0.835400402545929,0.33811524510383606,0.3949902355670929,-2.041450262069702,-7.971297264099121,11.546717643737793
27036,5,170,30,0,170,30,54,22,-0.788769543170929,0.46775391697883606,0.3800976574420929,-4.407862663269043,13.860763549804688,4.264274597167969
27037,4,170,30,0,170,30,57,34,-0.813427746295929,0.42844727635383606,0.3168652355670929,-2.010915994644165,15.082137107849121,17.088703155517578
27038,3,170,30,0,170,30,56,81,-0.845654308795929,0.30686524510383606,0.3183300793170929,35.3936653137207,17.418014526367188,-28.31587791442871
27039,34,170,30,0,170,30,57,43,-0.866650402545929,0.49729493260383606,0.3586132824420929,22.126487731933594,8.059236526489258,-13.338778495788574
27040,132,170,30,1,170,30,57,91,-0.646435558795929,-0.14333008229732513,0.2785351574420929,-38.362060546875,5.341679573059082,-47.491451263427734
27041,210,170,30,23,170,30,57,56,-0.845654308795929,0.42771485447883606,0.3769238293170929,-14.438397407531738,17.005800247192383,-24.6212215423584
27042,243,170,30,48,170,30,59,8,-0.908398449420929,0.34446290135383606,0.0839550793170929,-6.209388732910156,-1.2384731769561768,-0.6364885568618774
27044,251,170,30,45,170,30,60,17,-0.901318371295929,0.25461915135383606,0.2958691418170929,3.3631298542022705,9.295877456665039,-5.292977333068848
27045,262,170,30,33,170,30,62,39,-0.956005871295929,0.32932618260383606,0.3761914074420929,18.67610740661621,11.189007759094238,-9.613587379455566
27046,278,170,30,35,170,30,62,54,-0.831250011920929,0.018046874552965164,0.055390626192092896,23.424198150634766,-23.192672729492188,-7.5830535888671875
27047,267,170,30,29,170,30,62,27,-0.907910168170929,0.09421874582767487,0.0944531261920929,20.55396842956543,-4.5361833572387695,-2.636488676071167
27048,254,170,30,24,170,30,63,21,-0.834179699420929,0.31296876072883606,-0.011748047545552254,7.332595348358154,-11.28427505493164,-2.6212213039398193
27049,252,170,30,26,170,30,63,8,-0.897900402545929,0.27268555760383606,0.2260449230670929,5.989084243774414,-1.8949618339538574,1.0887023210525513
27050,252,170,30,28,170,30,63,1,-0.895458996295929,0.27683594822883606,0.3161328136920929,0.004351139068603516,1.5096182823181152,-0.041068702936172485
27051,261,170,30,33,170,30,63,11,-0.894726574420929,0.28074219822883606,0.2651074230670929,-5.171220779418945,-4.16977071762085,-1.7662595510482788
27052,267,170,30,33,170,30,65,162,-0.656201183795929,0.08274413645267487,0.3124707043170929,56.294429779052734,43.05160140991211,62.676490783691406
27053,252,170,30,23,170,30,67,35,-0.826855480670929,0.36057618260383606,0.0910351574420929,-15.43076229095459,7.127938747406006,13.119236946105957
27054,245,170,30,21,170,30,66,11,-0.883496105670929,0.40525391697883606,0.1987011730670929,-1.8277099132537842,-4.490381717681885,5.271908283233643
27055,233,170,30,24,170,30,65,22,-0.882519543170929,0.38572266697883606,0.1757519543170929,-13.47656536102295,-6.078167915344238,2.508549690246582
27056,223,170,30,36,170,30,66,64,-0.859082043170929,0.5453906059265137,0.3910839855670929,-29.76664161682129,30.501983642578125,-3.8731298446655273
27057,222,170,30,54,170,30,67,18,-0.882519543170929,0.8139452934265137,0.0798046886920929,-5.522366523742676,11.64702320098877,-1.7815266847610474
27058,224,170,30,76,170,30,68,15,-0.887158215045929,0.48899415135383606,0.062226563692092896,2.737175464630127,6.960000038146973,6.019999980926514
27059,228,170,30,82,170,30,68,17,-0.898632824420929,0.35520508885383606,0.1391308605670929,7.973816871643066,8.929465293884277,-0.6670229434967041
27060,162,170,30,50,170,30,67,78,-0.908398449420929,0.33616212010383606,0.034394532442092896,28.950916290283203,-23.574352264404297,26.38641357421875
27061,62,170,30,15,170,30,60,206,-0.47456055879592896,0.9389452934265137,0.3710644543170929,-33.52236557006836,-47.436946868896484,125.48564910888672
27062,30,170,30,3,170,30,49,118,-0.525585949420929,0.8447070121765137,0.3449414074420929,6.0043511390686035,-48.13923645019531,-64.14794158935547
27063,15,170,30,0,170,30,44,115,-0.723828136920929,0.47703126072883606,0.6132519245147705,-25.033817291259766,-4.459847450256348,-85.68992614746094
27064,7,170,30,0,170,30,50,52,-0.852246105670929,0.43748047947883606,0.2201855480670929,-24.22465705871582,25.219541549682617,-2.7891602516174316
27065,5,170,30,0,170,30,52,28,-0.918164074420929,0.17454101145267487,0.2406933605670929,21.76007652282715,-1.192671775817871,5.8520612716674805
27066,4,170,30,0,170,30,53,40,-0.820507824420929,0.45847657322883606,0.2572949230670929,7.011984825134277,17.036334991455078,-16.880762100219727
27067,4,170,30,0,170,30,56,56,-0.836132824420929,0.44016602635383606,0.2699902355670929,22.41656494140625,17.57068634033203,16.52381706237793
27068,5,170,30,2,170,30,57,34,-0.827832043170929,0.47117188572883606,0.2914746105670929,-7.400228500366211,13.326412200927734,-13.399847030639648
27069,29,170,30,3,170,30,58,14,-0.851025402545929,0.43894532322883606,0.2890332043170929,-9.20175552368164,3.0821373462677,-2.270076274871826
27071,97,170,30,10,170,30,59,9,-0.879101574420929,0.39207032322883606,0.2060253918170929,2.309694766998291,0.196641206741333,-7.048702239990234
27072,164,170,30,24,170,30,58,29,-0.601269543170929,-0.6618847846984863,0.6899120807647705,-5.995648384094238,2.1813740730285645,-21.521984100341797
27073,216,170,30,60,170,30,58,86,-0.843457043170929,0.47043946385383606,0.1567089855670929,-20.652137756347656,-15.803359031677246,-49.827327728271484
27074,231,170,30,83,170,30,59,17,-0.887402355670929,0.25388672947883606,0.2685253918170929,3.5158016681671143,5.2500762939453125,-8.54488468170166
27075,229,170,30,71,170,30,61,14,-0.902539074420929,0.27000001072883606,0.2968457043170929,-1.7055723667144775,5.433282375335693,-7.384580135345459
27076,238,170,30,41,170,30,63,12,-0.912792980670929,0.28733399510383606,0.2807324230670929,2.477633476257324,5.601221561431885,-4.499083995819092
27077,274,170,30,38,170,30,62,73,-0.984326183795929,-0.039326172322034836,0.3356640636920929,27.164655685424805,-19.131603240966797,-26.850229263305664
27078,305,170,30,55,170,30,60,55,-1.0377929210662842,0.22556640207767487,0.6239941120147705,32.38603210449219,-6.337709903717041,-16.300609588623047
27079,320,170,30,71,170,30,59,14,-0.906445324420929,-0.16530273854732513,0.5605175495147705,8.355496406555176,-0.4293130040168762,-5.262442588806152
27080,312,170,30,87,170,30,60,25,-0.892529308795929,0.24412108957767487,0.3285839855670929,-12.545266151428223,-11.085801124572754,1.8978625535964966
27081,311,170,30,99,170,30,61,71,-0.768505871295929,0.029277343302965164,0.1476757824420929,-5.430763244628906,23.906564712524414,42.44748306274414
27082,309,170,30,81,170,30,61,90,-0.36372071504592896,-0.003193359822034836,0.5744335651397705,17.027252197265625,32.944732666015625,41.02763366699219
27083,288,170,30,62,170,30,61,32,-0.882031261920929,0.32932618260383606,0.2226269543170929,-11.58343505859375,-9.436946868896484,11.546717643737793
27084,268,170,30,69,170,30,61,8,-0.875195324420929,0.36863282322883606,0.2504589855670929,-3.125419855117798,-1.0247328281402588,3.897862672805786
27085,247,170,30,76,170,30,62,52,-0.905224621295929,0.27439454197883606,0.2123730480670929,-17.323894500732422,25.49435043334961,9.195572853088379
27086,230,170,30,79,170,30,63,65,-1.0829589366912842,0.16648437082767487,0.0937207043170929,-21.278091430664062,24.043968200683594,20.630687713623047
27087,229,170,30,78,170,30,66,51,-0.892041027545929,0.43210938572883606,0.2633984386920929,-7.354427337646484,39.49435043334961,4.99709939956665
27088,232,170,30,73,170,30,67,17,-0.900830090045929,0.33152344822883606,0.1181347668170929,6.187557220458984,8.669923782348633,-2.9723663330078125
27089,189,170,30,45,170,30,67,47,-0.887890636920929,0.31296876072883606,0.1274121105670929,15.271527290344238,-10.93312931060791,21.134504318237305
27090,68,170,30,13,170,30,67,351,-0.697705090045929,0.6647753715515137,0.3593457043170929,-53.033817291259766,8.97526741027832,289.72991943359375
27091,25,170,30,0,170,30,68,364,-0.21333007514476776,0.9899706840515137,0.5153515338897705,-62.407859802246094,104.27297973632812,198.1879425048828
27092,12,170,30,0,170,30,69,246,-0.09980468451976776,0.8659472465515137,0.2096875011920929,45.8364143371582,151.29588317871094,-48.88076400756836
27093,7,170,30,0,170,30,67,198,-0.30122071504592896,0.8198046684265137,-0.1164843738079071,28.477632522583008,61.784427642822266,-107.88839721679688
27094,5,170,30,0,170,30,61,117,-0.662792980670929,0.6772265434265137,-0.4448535144329071,-3.949847459793091,-81.0705337524414,-32.56015396118164
27095,8,170,30,0,170,30,27,861,-0.11640624701976776,0.5532031059265137,0.1965039074420929,-425.7361145019531,-394.8262634277344,-40.97236633300781
27096,7,170,30,0,170,30,6,354,-0.15253905951976776,0.44724610447883606,0.9941112995147705,-218.30099487304688,-28.24610710144043,-108.02580261230469
27097,8,170,30,0,170,30,6,364,0.22368164360523224,-0.14601562917232513,1.4189159870147705,-60.972747802734375,-178.444580078125,-125.39984893798828
