timestamp,tipPressure,tipUpperRange,tipLowerRange,fingerPressure,fingerUpperRange,fingerLowerRange,angle,writtingSpeed,accX,accY,accZ,gyroX,gyroY,gyroZ
1767,0,170,30,426,170,30,43,12,-0.7135644555091858,-0.3684667944908142,-0.6297460794448853,3.1348090171813965,-2.448396921157837,7.208091735839844
1768,0,170,30,414,170,30,43,10,-0.7445703148841858,-0.3059667944908142,-0.6331640481948853,-1.4606107473373413,-0.6010687351226807,8.780611038208008
1769,0,170,30,395,170,30,44,9,-0.7433496117591858,-0.2949804663658142,-0.6309667825698853,4.646259784698486,-1.7613739967346191,3.3149619102478027
1770,0,170,30,373,170,30,44,5,-0.7335839867591858,-0.3623632788658142,-0.6182714700698853,-2.0712976455688477,-0.9674808979034424,2.0019845962524414
1771,0,170,30,350,170,30,45,6,-0.7206445336341858,-0.3499121069908142,-0.6399999856948853,-5.399541854858398,1.017251968383789,-0.2728244364261627
1772,0,170,30,346,170,30,45,14,-0.7199121117591858,-0.3401464819908142,-0.6421972513198853,-6.865190505981445,2.406564950942993,5.63557243347168
1773,0,170,30,341,170,30,45,6,-0.6669335961341858,-0.4880957007408142,-0.6944433450698853,0.7378625869750977,-4.112519264221191,-1.8606107234954834
1774,0,170,30,277,170,30,45,39,-0.8615136742591858,-0.10162109136581421,-0.6832128763198853,9.10427474975586,9.353129386901855,-21.097251892089844
1775,0,170,30,187,170,30,45,75,-0.5477929711341858,-0.2319921851158142,-0.5464941263198853,36.72259521484375,-16.58580207824707,-22.394962310791016
1776,0,170,30,156,170,30,43,55,-0.5734277367591858,-0.1702246069908142,-0.9656835794448853,14.798931121826172,-23.074352264404297,-17.463665008544922
1777,0,170,30,156,170,30,43,9,-0.7247949242591858,-0.4290136694908142,-0.47764647006988525,5.928702354431152,2.940916061401367,0.15465649962425232
1778,0,170,30,144,170,30,45,34,-0.7142968773841858,-0.3513769507408142,-0.6248632669448853,19.699695587158203,15.108855247497559,0.12412214279174805
1779,0,170,30,116,170,30,45,25,-0.7150292992591858,-0.3435644507408142,-0.6773535013198853,-4.590381622314453,-12.723206520080566,8.444732666015625
1780,0,170,30,105,170,30,44,16,-0.7631250023841858,-0.3416113257408142,-0.5577245950698853,14.264579772949219,-2.2804579734802246,-0.4254961907863617
1781,0,170,30,103,170,30,45,4,-0.7279687523841858,-0.3411230444908142,-0.6558691263198853,3.7454962730407715,0.17755722999572754,-0.3491602838039398
1782,0,170,30,97,170,30,45,9,-0.7289453148841858,-0.3311132788658142,-0.6263281106948853,2.5393893718719482,-1.2728245258331299,-5.692671775817871
1783,0,170,30,92,170,30,45,10,-0.7609277367591858,-0.3430761694908142,-0.5604101419448853,3.516488552093506,-0.11251911520957947,-6.66977071762085
1787,0,170,30,82,170,30,46,7,-0.7413964867591858,-0.3301367163658142,-0.6380468606948853,-0.6514503955841064,5.795877933502197,0.7806106805801392
1788,0,170,30,78,170,30,46,2,-0.7384667992591858,-0.3369726538658142,-0.6107031106948853,0.05083972215652466,1.124122142791748,1.3760305643081665
1789,0,170,30,73,170,30,47,4,-0.7211328148841858,-0.3535742163658142,-0.6497656106948853,-1.6896182298660278,1.1088550090789795,-1.5399999618530273
1790,0,170,30,67,170,30,47,7,-0.7440820336341858,-0.3159765601158142,-0.6170507669448853,0.90580153465271,3.0630533695220947,3.131755828857422
1791,0,170,30,65,170,30,47,23,-0.7492089867591858,-0.3406347632408142,-0.6163183450698853,3.440152645111084,8.299695014953613,11.63557243347168
1792,0,170,30,68,170,30,47,12,-0.7142968773841858,-0.3296484351158142,-0.6578222513198853,-1.9644273519515991,-8.799541473388672,-2.1812212467193604
1793,0,170,30,68,170,30,46,4,-0.7240625023841858,-0.3340429663658142,-0.6492773294448853,-2.529313087463379,1.3225953578948975,-0.21175572276115417
1794,0,170,30,70,170,30,46,13,-0.7189355492591858,-0.3701757788658142,-0.6441503763198853,3.8065648078918457,-6.753740310668945,-2.868244171142578
1795,0,170,30,75,170,30,45,22,-0.7448144555091858,-0.3206152319908142,-0.6277929544448853,-2.2850379943847656,-10.830076217651367,-9.585801124572754
1796,5,170,30,96,170,30,46,55,-0.7308984398841858,-0.3340429663658142,-0.7349706888198853,21.898168563842773,16.757709503173828,16.41419792175293
1797,53,170,30,187,170,30,47,18,-0.7421289086341858,-0.3032812476158142,-0.6717382669448853,-12.89572525024414,2.635572671890259,-2.914045810699463
1798,116,170,30,392,170,30,45,141,-0.5421777367591858,-0.09942382574081421,-1.0301367044448853,25.76076316833496,-54.96748352050781,-60.97511672973633
1799,184,170,30,675,170,30,45,34,-0.7526269555091858,-0.4605078101158142,-0.5003515481948853,-16.65144920349121,-10.769007682800293,-7.280457973480225
1800,236,170,30,911,170,30,43,122,-0.7914453148841858,-0.6658300757408142,-0.48960936069488525,10.157709121704102,-55.99038314819336,-55.92168045043945
1801,279,170,30,1107,170,30,43,63,-0.7509179711341858,-0.4121679663658142,-0.28843748569488525,11.608091354370117,-26.26519203186035,-26.120153427124023
1802,313,170,30,1223,170,30,43,22,-0.7521386742591858,-0.4004492163658142,-0.5176855325698853,10.737862586975098,-5.6392364501953125,-6.37969446182251
1803,290,170,30,1265,170,30,44,14,-0.7472558617591858,-0.3882421851158142,-0.5716406106948853,-9.155267715454102,3.444732904434204,1.895114541053772
1805,257,170,30,1239,170,30,42,162,-0.4884667992591858,-0.5647558569908142,-0.18272460997104645,25.882902145385742,-71.36442565917969,-64.7613754272461
1806,196,170,30,1018,170,30,42,50,-0.7926660180091858,-0.3992285132408142,-0.5731054544448853,26.875267028808594,-11.211755752563477,-12.669771194458008
1807,70,170,30,589,170,30,46,197,-0.8388085961341858,-0.2756933569908142,-0.5159765481948853,69.65389251708984,26.940916061401367,-100.91404724121094
1808,23,170,30,323,170,30,47,92,-0.5404687523841858,-0.5310644507408142,-0.49986326694488525,-22.422441482543945,1.9180152416229248,68.3531265258789
1809,6,170,30,224,170,30,45,35,-0.6464257836341858,-0.4898046851158142,-0.43663084506988525,2.264580249786377,2.2080917358398438,30.963815689086914
1810,0,170,30,201,170,30,44,42,-0.6835351586341858,-0.5066503882408142,-0.49180662631988525,-24.37664031982422,0.849312961101532,17.65083885192871
1811,0,170,30,194,170,30,44,16,-0.7252832055091858,-0.4666113257408142,-0.49888670444488525,-9.07893180847168,-4.646870136260986,-2.7461068630218506
1812,0,170,30,188,170,30,44,11,-0.7733789086341858,-0.4353613257408142,-0.45689451694488525,-6.636183261871338,-2.3873281478881836,2.948549747467041
1813,0,170,30,193,170,30,45,18,-0.7199121117591858,-0.4651464819908142,-0.5755468606948853,0.20351147651672363,6.009618282318115,12.658473014831543
1814,0,170,30,228,170,30,44,34,-0.7836328148841858,-0.3855566382408142,-0.49375975131988525,-10.666717529296875,-12.020915985107422,12.200458526611328
1815,7,170,30,282,170,30,45,6,-0.7440820336341858,-0.5122656226158142,-0.47325193881988525,-1.430076241493225,2.9256489276885986,2.444732904434204
1816,45,170,30,420,170,30,46,30,-0.7577539086341858,-0.4207128882408142,-0.5408788919448853,-15.888091087341309,6.727175712585449,7.62030553817749
1817,113,170,30,665,170,30,44,58,-0.6957421898841858,-0.6201757788658142,-0.5159765481948853,-7.094198226928711,-32.84534454345703,-19.051450729370117
1818,175,170,30,898,170,30,44,32,-0.7670312523841858,-0.4954199194908142,-0.7276464700698853,-25.41480827331543,6.834045886993408,0.5516030788421631
1819,225,170,30,1088,170,30,42,178,-0.4689355492591858,-0.2476171851158142,0.5846093893051147,3.547022819519043,-102.49420166015625,-72.57817077636719
1820,249,170,30,1202,170,30,42,27,-0.7667871117591858,-0.4646582007408142,-0.45982420444488525,3.3485498428344727,-11.27282428741455,-12.440763473510742
1821,228,170,30,1251,170,30,43,14,-0.7848535180091858,-0.3447851538658142,-0.5770117044448853,-6.773587703704834,-2.310992479324341,-5.3567938804626465
1822,177,170,30,1232,170,30,43,20,-0.7721582055091858,-0.4961523413658142,-0.42759764194488525,18.84473419189453,-1.1506869792938232,-0.8835114240646362
1823,66,170,30,957,170,30,49,210,-0.7560449242591858,-0.4441503882408142,-0.45787107944488525,62.8141975402832,50.605037689208984,-97.35679626464844
1824,21,170,30,582,170,30,51,78,-0.5787988305091858,-0.5969824194908142,-0.42198240756988525,15.21114444732666,45.047786712646484,18.444732666015625
1825,6,170,30,388,170,30,47,77,-0.3827539086341858,-0.6697363257408142,-0.5420995950698853,33.22641372680664,-33.2728271484375,11.406564712524414
1826,0,170,30,309,170,30,45,112,-0.8505273461341858,-0.6567968726158142,-0.49449217319488525,-30.2697696685791,19.73480796813965,62.75007629394531
1827,0,170,30,301,170,30,47,30,-0.5939355492591858,-0.5398535132408142,-0.6387792825698853,-2.42244291305542,9.719541549682617,18.856945037841797
1828,0,170,30,323,170,30,45,55,-0.7560449242591858,-0.3999609351158142,-0.5523535013198853,-10.391908645629883,-9.288091659545898,36.047786712646484
1829,0,170,30,359,170,30,45,69,-0.6989160180091858,-0.4915136694908142,-0.5052343606948853,-26.7125186920166,-9.623969078063965,33.101219177246094
1830,35,170,30,407,170,30,46,22,-0.7453027367591858,-0.4055761694908142,-0.5377050638198853,-3.277404308319092,9.032519340515137,9.849312782287598
1831,87,170,30,526,170,30,45,83,-0.5863671898841858,-0.9382910132408142,0.13978515565395355,5.333282470703125,-45.97511672973633,-31.982749938964844
1832,125,170,30,696,170,30,44,34,-0.7887597680091858,-0.6919531226158142,-0.021103516221046448,-8.483511924743652,-16.677406311035156,-8.929312705993652
1833,155,170,30,864,170,30,42,73,-0.7350488305091858,-0.3062109351158142,-0.35142576694488525,-22.208702087402344,-30.830078125,-20.242290496826172
1834,163,170,30,1013,170,30,42,24,-0.7616601586341858,-0.4663671851158142,-0.46543943881988525,-20.0560302734375,2.8645801544189453,1.895114541053772
1835,169,170,30,1118,170,30,43,5,-0.7680078148841858,-0.3941015601158142,-0.5328222513198853,2.4630534648895264,1.9638168811798096,1.4065649509429932
1836,112,170,30,1105,170,30,44,12,-0.8129296898841858,-0.4163183569908142,-0.5335546731948853,5.195878028869629,-4.204122066497803,2.7806107997894287
1837,33,170,30,771,170,30,50,77,-0.7484765648841858,-0.6409277319908142,-0.49327147006988525,22.279848098754883,34.4828987121582,-20.471298217773438
1838,10,170,30,419,170,30,52,89,-0.4310937523841858,-0.5315527319908142,-0.6602636575698853,36.46305465698242,25.765342712402344,27.559236526489258
1839,1,170,30,294,170,30,49,56,-0.6581445336341858,-0.1455664038658142,-0.7447363138198853,18.676794052124023,33.26152420043945,-4.959847450256348
1840,0,170,30,279,170,30,49,28,-0.6864648461341858,-0.4536718726158142,-0.5494238138198853,9.745495796203613,-12.341526985168457,6.5363359451293945
1841,0,170,30,263,170,30,48,21,-0.6725488305091858,-0.5122656226158142,-0.5128027200698853,3.7454962730407715,-4.204122066497803,13.162290573120117
1842,0,170,30,258,170,30,46,64,-0.6600976586341858,-0.5586523413658142,-0.49571287631988525,-19.964426040649414,-4.081984996795654,40.398929595947266
1843,15,170,30,323,170,30,47,10,-0.7514062523841858,-0.4656347632408142,-0.5247656106948853,1.333282470703125,4.788244247436523,-3.8911452293395996
1844,66,170,30,506,170,30,46,46,-0.7370019555091858,-0.2512792944908142,-0.6424413919448853,-21.139999389648438,-11.043816566467285,-14.318625450134277
1846,187,170,30,951,170,30,41,28,-0.7763085961341858,-0.5391210913658142,-0.49449217319488525,13.699694633483887,-10.478931427001953,-4.303358554840088
1847,157,170,30,1017,170,30,41,81,-0.6915917992591858,-0.4756445288658142,-0.32554686069488525,-7.872824192047119,-46.32625961303711,-27.097251892089844
1848,55,170,30,824,170,30,46,190,-0.8910546898841858,-0.3301367163658142,-0.32383787631988525,48.936336517333984,110.17755889892578,-31.219390869140625
1849,15,170,30,460,170,30,52,44,-0.7396875023841858,-0.3462499976158142,-0.6688085794448853,23.409618377685547,17.887479782104492,-3.0667176246643066
1850,4,170,30,305,170,30,48,67,-0.4611230492591858,-0.6809667944908142,-0.46592772006988525,19.82183265686035,-34.43313217163086,12.872213363647461
1851,0,170,30,230,170,30,47,25,-1.060244083404541,-0.3565039038658142,-0.6302343606948853,0.7683969736099243,5.169923782348633,19.696640014648438
1853,25,170,30,290,170,30,48,50,-0.7697167992591858,-0.4688085913658142,-0.5191503763198853,-18.132366180419922,16.19282341003418,16.307327270507812
1854,104,170,30,540,170,30,45,81,-0.9049707055091858,-0.3401464819908142,-0.47154295444488525,-37.72015380859375,-29.99038314819336,-14.196488380432129
1855,172,170,30,767,170,30,41,11,-0.7865625023841858,-0.4180273413658142,-0.5858007669448853,-6.239236354827881,-3.303358793258667,-1.9216792583465576
1856,194,170,30,908,170,30,43,19,-0.7880273461341858,-0.4072851538658142,-0.5096288919448853,-11.18580150604248,5.322595596313477,3.2538931369781494
1857,193,170,30,912,170,30,43,13,-0.7850976586341858,-0.3755468726158142,-0.48033201694488525,10.356183052062988,-0.00564885139465332,3.6050381660461426
1858,114,170,30,704,170,30,46,17,-0.7860742211341858,-0.2673925757408142,-0.6973730325698853,4.508854866027832,5.444732666015625,7.116488456726074
1859,42,170,30,402,170,30,47,198,-0.5736718773841858,-1.215878963470459,-0.6348730325698853,-13.735420227050781,42.84931182861328,-142.08961486816406
1860,13,170,30,182,170,30,49,162,-0.1871972680091858,-0.5535253882408142,-0.7591406106948853,-60.666717529296875,3.0783207416534424,-98.715576171875
1861,3,170,30,97,170,30,42,114,-0.8766503930091858,-0.3670019507408142,-0.35459959506988525,12.92106819152832,-61.776641845703125,-39.92168045043945
1862,0,170,30,61,170,30,42,126,-0.7020898461341858,0.1911035180091858,-0.7498632669448853,33.57755661010742,36.75770950317383,-55.70793914794922
1863,0,170,30,51,170,30,40,40,-0.5831933617591858,-0.3770117163658142,-0.7264257669448853,-1.1247328519821167,-29.059083938598633,-9.998015403747559
1864,0,170,30,52,170,30,41,28,-0.6720605492591858,-0.5178808569908142,-0.6109472513198853,-22.498777389526367,-1.303358793258667,4.307328224182129
1865,0,170,30,65,170,30,40,34,-0.7069726586341858,-0.4099707007408142,-0.6570898294448853,-4.62091588973999,-17.0438175201416,13.14702320098877
1866,7,170,30,98,170,30,40,55,-0.8287988305091858,-0.06622070074081421,-0.6627050638198853,21.37908363342285,13.001984596252441,21.116487503051758
1867,62,170,30,248,170,30,40,55,-0.5202050805091858,-0.2507910132408142,-0.49351561069488525,20.493587493896484,-14.448396682739258,20.337862014770508
1868,118,170,30,422,170,30,41,30,-0.8229394555091858,-0.3691992163658142,-0.41490232944488525,-0.4987785816192627,-3.6850380897521973,26.322593688964844
1869,155,170,30,536,170,30,42,26,-0.7162500023841858,-0.2627539038658142,-0.5975195169448853,-13.017863273620605,11.108855247497559,2.8569467067718506
1870,164,170,30,603,170,30,43,15,-0.7316308617591858,-0.1926855444908142,-0.5743261575698853,-4.101831912994385,-7.242290019989014,4.1393890380859375
1871,162,170,30,633,170,30,44,33,-0.8134179711341858,-0.1389746069908142,-0.5037695169448853,14.52412223815918,-15.45603084564209,3.1775572299957275
1873,93,170,30,505,170,30,46,74,-1.003359317779541,-0.04156250134110451,-0.39439451694488525,10.478320121765137,39.887481689453125,-23.906414031982422
1874,28,170,30,239,170,30,51,141,-0.6537500023841858,-0.5698828101158142,-0.5557714700698853,73.11954498291016,26.467632293701172,-41.84534454345703
1875,9,170,30,104,170,30,48,64,-0.5902734398841858,-1.012509822845459,-0.6260839700698853,-28.681983947753906,-7.456030368804932,-27.906414031982422
1876,1,170,30,51,170,30,44,18,-0.6517968773841858,-0.5664648413658142,-0.5753027200698853,-8.254504203796387,-5.685038089752197,-4.608702182769775
1877,0,170,30,37,170,30,43,43,-0.7142968773841858,-0.4490332007408142,-0.6399999856948853,-7.369007587432861,-18.76900863647461,16.918014526367188
1878,0,170,30,45,170,30,42,27,-0.7089257836341858,-0.4595312476158142,-0.5374609231948853,4.630992412567139,-10.127786636352539,12.490534782409668
1879,0,170,30,50,170,30,42,56,-0.7289453148841858,-0.3757910132408142,-0.5916601419448853,-9.613283157348633,-16.753742218017578,30.04778480529785
1880,12,170,30,75,170,30,43,37,-0.7025781273841858,-0.4663671851158142,-0.40660154819488525,12.569923400878906,12.589771270751953,12.368396759033203
1881,58,170,30,195,170,30,45,36,-0.7189355492591858,-0.3611425757408142,-0.48448240756988525,6.340916156768799,4.956183433532715,25.681373596191406
1882,104,170,30,370,170,30,46,32,-0.6500878930091858,-0.1274999976158142,-0.6421972513198853,-7.659083843231201,4.757709980010986,20.49053382873535
1883,117,170,30,498,170,30,47,7,-0.7865625023841858,-0.3181738257408142,-0.5579687356948853,4.005038261413574,-1.5934350490570068,1.7577099800109863
1884,143,170,30,569,170,30,48,40,-0.8356347680091858,-0.4319433569908142,-0.7750097513198853,-17.888090133666992,12.482900619506836,9.940916061401367
1885,149,170,30,596,170,30,48,11,-0.7916894555091858,-0.3457617163658142,-0.5213476419448853,-1.09419846534729,-3.6850380897521973,-6.65450382232666
1886,137,170,30,605,170,30,48,8,-0.7977929711341858,-0.3479589819908142,-0.5706640481948853,2.264580249786377,-3.9903817176818848,-2.4560306072235107
1887,83,170,30,517,170,30,47,67,-0.9840722680091858,-0.2197851538658142,-0.08628906309604645,-19.15526580810547,-2.79954195022583,-45.75374221801758
1888,25,170,30,243,170,30,54,76,-0.5197167992591858,-0.9551367163658142,-0.5220800638198853,29.012672424316406,43.55160140991211,-4.3186259269714355
1889,8,170,30,114,170,30,51,75,-0.8778710961341858,-0.6650976538658142,-0.6060644388198853,-28.743053436279297,28.83404541015625,-18.16595458984375
1890,1,170,30,54,170,30,49,70,-0.5490136742591858,-0.5022558569908142,-0.7195898294448853,-26.559846878051758,7.261526584625244,-36.440765380859375
1891,0,170,30,28,170,30,45,75,-0.7262597680091858,-0.4387792944908142,-0.5367285013198853,-30.865190505981445,-35.99038314819336,8.230992317199707
1892,0,170,30,25,170,30,43,41,-0.7084375023841858,-0.4292578101158142,-0.6592870950698853,2.2798473834991455,-17.318626403808594,22.15465545654297
1893,0,170,30,52,170,30,39,75,-0.6845117211341858,-0.4177832007408142,-0.5806738138198853,0.3561832308769226,-42.494197845458984,32.52106857299805
1894,51,170,30,168,170,30,40,35,-0.7299218773841858,-0.5754980444908142,-0.34019529819488525,6.325648784637451,11.872213363647461,17.757709503173828
1895,99,170,30,327,170,30,41,53,-0.3410058617591858,-0.3108496069908142,-0.38951170444488525,31.134809494018555,-17.944581985473633,4.093587875366211
1896,127,170,30,420,170,30,42,15,-0.7360253930091858,-0.4583105444908142,-0.40708982944488525,-4.804121971130371,9.18519115447998,1.4065649509429932
1897,130,170,30,466,170,30,43,27,-0.8314843773841858,-0.4966406226158142,-0.5018163919448853,17.22641372680664,-5.608702182769775,4.4294657707214355
1898,140,170,30,476,170,30,45,27,-0.6766992211341858,-0.3362402319908142,-0.42173826694488525,-9.323206901550293,11.887480735778809,6.337862491607666
1899,141,170,30,461,170,30,45,28,-0.8065820336341858,-0.4722265601158142,-0.47789061069488525,-15.307938575744629,-9.181221008300781,-3.875877857208252
1900,132,170,30,427,170,30,45,18,-0.6530175805091858,-0.3171972632408142,-0.44102537631988525,6.630992412567139,-3.7461068630218506,8.307328224182129
1901,85,170,30,314,170,30,46,32,-0.8092675805091858,-0.3962988257408142,-0.5272070169448853,-1.796488642692566,-14.601068496704102,-16.272825241088867
1902,27,170,30,163,170,30,49,85,-0.7633691430091858,-0.4966406226158142,-0.26109373569488525,25.18061065673828,42.13175582885742,-18.517099380493164
1903,7,170,30,90,170,30,50,44,-0.6603417992591858,-0.4995703101158142,-0.5716406106948853,-29.03312873840332,9.017251968383789,6.612671852111816
1904,1,170,30,64,170,30,49,9,-0.6290917992591858,-0.5266699194908142,-0.6424413919448853,0.3867175579071045,-4.860610485076904,-4.547633647918701
1905,0,170,30,53,170,30,47,21,-0.6976953148841858,-0.4336523413658142,-0.5308691263198853,-2.376641273498535,-3.08961820602417,-15.982748985290527
1906,0,170,30,52,170,30,46,48,-0.7042871117591858,-0.5154394507408142,-0.5367285013198853,-19.384273529052734,-6.967480659484863,21.9561824798584
1907,6,170,30,85,170,30,46,25,-0.8871484398841858,-0.3457617163658142,-0.6861425638198853,20.340917587280273,-1.6087024211883545,-3.9980154037475586
1908,54,170,30,210,170,30,46,30,-0.7543359398841858,-0.2161230444908142,-0.5967870950698853,16.615724563598633,-4.723206043243408,9.54396915435791
1909,102,170,30,406,170,30,46,18,-0.8446679711341858,-0.4636816382408142,-0.47911131381988525,6.432519435882568,1.658473253250122,10.841679573059082
1910,138,170,30,495,170,30,45,23,-0.5609765648841858,-0.6340917944908142,-0.5057226419448853,8.249312400817871,-9.333892822265625,5.956183433532715
1911,134,170,30,457,170,30,45,25,-0.7704492211341858,-0.4448828101158142,-0.43394529819488525,-9.17053508758545,-4.005649089813232,-12.349160194396973
1912,58,170,30,280,170,30,47,94,-0.9196191430091858,-0.2393164038658142,-0.37461912631988525,26.035573959350586,19.108854293823242,-49.03618240356445
1913,18,170,30,136,170,30,48,41,-0.7072167992591858,-0.4485449194908142,-0.49864256381988525,24.111909866333008,17.307327270507812,0.29206109046936035
1914,5,170,30,76,170,30,47,35,-0.6295800805091858,-0.7786230444908142,-0.5223242044448853,-10.636183738708496,-13.593435287475586,-11.204122543334961
1915,0,170,30,49,170,30,46,18,-0.7047753930091858,-0.5193457007408142,-0.44468748569488525,5.7454962730407715,-5.883511543273926,-6.700305461883545
1916,0,170,30,43,170,30,45,30,-0.7496972680091858,-0.4880957007408142,-0.44346678256988525,-12.254504203796387,-10.417862892150879,7.986717700958252
1917,3,170,30,59,170,30,45,37,-0.7914453148841858,-0.3897070288658142,-0.5806738138198853,5.440152645111084,18.055418014526367,13.772976875305176
1918,42,170,30,126,170,30,46,12,-0.8414941430091858,-0.5574316382408142,-0.47178709506988525,6.157710075378418,-5.272824287414551,-1.1583205461502075
1919,81,170,30,211,170,30,47,39,-0.7855859398841858,-0.6162695288658142,-0.45738279819488525,26.279848098754883,1.7500762939453125,11.879847526550293
1920,102,170,30,275,170,30,47,13,-0.7738671898841858,-0.4617285132408142,-0.48277342319488525,-8.14763355255127,-0.6926717758178711,4.444732666015625
1921,105,170,30,302,170,30,47,26,-0.6876855492591858,-0.2441992163658142,-0.32872068881988525,11.256946563720703,-9.517099380493164,-6.150687217712402
1922,108,170,30,308,170,30,47,8,-0.7716699242591858,-0.3955664038658142,-0.40513670444488525,-2.7125191688537598,-4.23465633392334,-1.1277862787246704
1923,105,170,30,302,170,30,48,12,-0.7726464867591858,-0.4631933569908142,-0.41197264194488525,-5.994961738586426,4.696641445159912,1.4065649509429932
1924,67,170,30,235,170,30,47,18,-0.7443261742591858,-0.5964941382408142,-0.40684568881988525,-1.3537403345108032,-8.769007682800293,8.276793479919434
1925,22,170,30,111,170,30,50,137,-0.4904199242591858,-1.392148494720459,-0.42149412631988525,-3.4758777618408203,4.589770793914795,-129.89114379882812
1926,6,170,30,51,170,30,48,153,-0.4000878930091858,-0.5281347632408142,-0.6182714700698853,-54.02549743652344,-16.12778663635254,-83.66213989257812
1927,0,170,30,29,170,30,44,74,-0.6876855492591858,-0.2251562476158142,-0.37217772006988525,5.485954284667969,-40.96748352050781,-27.936946868896484
1928,0,170,30,21,170,30,45,76,-0.7355371117591858,-0.6519140601158142,-0.42295897006988525,47.08900833129883,14.116488456726074,15.25389289855957
1929,0,170,30,23,170,30,46,44,-0.6915917992591858,-0.07305663824081421,-0.6585546731948853,14.982136726379395,11.750076293945312,18.001983642578125
1930,0,170,30,30,170,30,45,33,-0.5560937523841858,-0.4778417944908142,-0.7496191263198853,10.279847145080566,-11.181221008300781,-12.410228729248047
1931,0,170,30,34,170,30,44,24,-0.7706933617591858,-0.4292578101158142,-0.45689451694488525,-0.23923659324645996,-13.303359031677246,-10.608702659606934
1932,0,170,30,36,170,30,44,31,-0.7123437523841858,-0.5669531226158142,-0.5796972513198853,18.72259521484375,4.605038166046143,8.56687068939209
1933,0,170,30,45,170,30,43,22,-0.6981835961341858,-0.5249609351158142,-0.5286718606948853,3.7149620056152344,-11.257556915283203,7.879847526550293
1934,0,170,30,73,170,30,43,31,-0.7289453148841858,-0.4885839819908142,-0.46006834506988525,-12.025496482849121,-2.6468701362609863,16.55160140991211
1935,0,170,30,121,170,30,44,50,-0.7431054711341858,-0.5256933569908142,-0.46177732944488525,-15.872824668884277,1.7653436660766602,33.208091735839844
1936,0,170,30,163,170,30,46,40,-0.7860742211341858,-0.3757910132408142,-0.5687109231948853,7.821832180023193,20.605037689208984,11.681374549865723
1938,30,170,30,202,170,30,48,12,-0.7855859398841858,-0.3587011694908142,-0.49913084506988525,7.119542121887207,5.276793956756592,0.3989312946796417
1939,63,170,30,217,170,30,48,53,-0.8607812523841858,-0.4273046851158142,-0.5198827981948853,-9.704885482788086,-12.753740310668945,-30.685039520263672
1940,87,170,30,282,170,30,47,37,-0.8229394555091858,-0.4085058569908142,-0.7029882669448853,-18.223968505859375,-8.448396682739258,-10.532366752624512
1941,102,170,30,439,170,30,46,16,-0.8932519555091858,-0.5088476538658142,-0.5994726419448853,-4.4682440757751465,-7.196488380432129,5.223358631134033
1942,109,170,30,593,170,30,46,11,-0.7465234398841858,-0.3806738257408142,-0.46763670444488525,7.180610656738281,-0.2804580330848694,4.307328224182129
1943,124,170,30,700,170,30,48,19,-0.7079492211341858,-0.3645605444908142,-0.39878904819488525,0.1424427628517151,10.574503898620605,8.841679573059082
1944,139,170,30,713,170,30,49,10,-0.7706933617591858,-0.4461035132408142,-0.47447264194488525,5.7454962730407715,-2.8148090839385986,-2.379694700241089
1945,132,170,30,650,170,30,49,13,-0.7777734398841858,-0.4026464819908142,-0.5032812356948853,-10.361374855041504,-0.0819847583770752,-3.3109922409057617
1946,55,170,30,489,170,30,51,133,-0.8226953148841858,-0.3477148413658142,-0.48326170444488525,31.82183265686035,29.337862014770508,-72.79190826416016
1947,20,170,30,299,170,30,50,9,-0.6181054711341858,-0.5288671851158142,-0.6407324075698853,6.630992412567139,0.8340458273887634,2.0783205032348633
1948,6,170,30,182,170,30,47,51,-0.6149316430091858,-0.6270117163658142,-0.48838865756988525,-17.79648780822754,-31.41023063659668,-2.5629007816314697
1949,0,170,30,125,170,30,43,108,-0.9384179711341858,-0.1255468726158142,-0.46275389194488525,-44.57511520385742,-34.601070404052734,29.2691593170166
1950,0,170,30,121,170,30,44,20,-0.6630273461341858,-0.6709570288658142,-0.5340429544448853,7.837099552154541,-3.5018320083618164,-9.539999961853027
1951,0,170,30,130,170,30,44,30,-0.7316308617591858,-0.4902929663658142,-0.41221678256988525,13.440152168273926,-10.081984519958496,-7.158320426940918
1952,8,170,30,130,170,30,45,37,-0.7968164086341858,-0.4597753882408142,-0.49253904819488525,25.22641372680664,9.76534366607666,2.6432061195373535
1953,43,170,30,187,170,30,48,14,-0.7745996117591858,-0.5125097632408142,-0.5662695169448853,5.348549842834473,6.91038179397583,-1.9216792583465576
1954,62,170,30,313,170,30,48,27,-0.7540917992591858,-0.5606054663658142,-0.48448240756988525,-11.353740692138672,7.215725421905518,9.223359107971191
1955,82,170,30,513,170,30,47,34,-0.7933984398841858,-0.6294531226158142,-0.14463867247104645,6.753129959106445,-22.143054962158203,-5.433129787445068
1956,94,170,30,748,170,30,46,10,-0.7423730492591858,-0.4368261694908142,-0.15245117247104645,-3.3995418548583984,-5.791908264160156,1.040152668952942
1957,110,170,30,870,170,30,46,46,-0.7177148461341858,-0.3828710913658142,-0.44224607944488525,-7.506412029266357,-14.845343589782715,-23.76900863647461
1958,124,170,30,826,170,30,46,19,-0.7208886742591858,-0.5576757788658142,-0.35020506381988525,11.256946563720703,7.383664131164551,1.284427523612976
1959,131,170,30,711,170,30,47,19,-0.8583398461341858,-0.4085058569908142,-0.6363378763198853,11.547022819519043,-7.242290019989014,-1.0819846391677856
1960,96,170,30,587,170,30,49,19,-0.8078027367591858,-0.5718359351158142,-0.44419920444488525,6.661526679992676,-3.0743510723114014,9.54396915435791
1961,30,170,30,419,170,30,52,149,-0.7360253930091858,-0.5493749976158142,-0.37510740756988525,43.760765075683594,28.360761642456055,-77.00565338134766
1962,9,170,30,258,170,30,50,24,-0.6251855492591858,-0.6780371069908142,-0.31211912631988525,12.936335563659668,5.307328224182129,6.521068572998047
1963,1,170,30,166,170,30,48,34,-0.5565820336341858,-0.6213964819908142,-0.45665037631988525,-20.0560302734375,-6.998015403747559,7.299694538116455
1964,0,170,30,115,170,30,46,74,-0.7951074242591858,-0.4844335913658142,-0.38023436069488525,-21.689617156982422,-13.532366752624512,38.887481689453125
1965,0,170,30,90,170,30,44,45,-0.6347070336341858,-0.7605566382408142,-0.39830076694488525,-30.697250366210938,-12.020915985107422,-3.0361831188201904
1966,0,170,30,63,170,30,45,39,-0.6781640648841858,-0.6638769507408142,-0.45347654819488525,-12.69725227355957,-0.46366414427757263,-26.257558822631836
1967,0,170,30,49,170,30,44,17,-0.7389550805091858,-0.5049414038658142,-0.40831053256988525,-7.216335773468018,1.551603078842163,8.780611038208008
1968,0,170,30,45,170,30,45,7,-0.7294335961341858,-0.5518164038658142,-0.46055662631988525,1.638625979423523,1.7958779335021973,3.940916061401367
1969,0,170,30,65,170,30,44,19,-0.6859765648841858,-0.5891699194908142,-0.40538084506988525,-2.1934351921081543,-16.692672729492188,-0.2880915701389313
1970,0,170,30,122,170,30,43,50,-0.6820703148841858,-0.6021093726158142,-0.33482420444488525,-17.67435073852539,0.6203053593635559,31.986717224121094
1971,0,170,30,214,170,30,43,24,-0.7240625023841858,-0.5571874976158142,-0.45958006381988525,-10.941527366638184,-12.081984519958496,1.5439695119857788
1972,17,170,30,282,170,30,45,51,-0.8363671898841858,-0.2485937476158142,-0.47081053256988525,35.058475494384766,11.948549270629883,4.047786235809326
1973,79,170,30,377,170,30,48,51,-0.7926660180091858,-0.4082617163658142,-0.6002050638198853,33.394351959228516,-12.23465633392334,5.6813740730285645
1974,120,170,30,524,170,30,51,71,-0.8705468773841858,-0.4673437476158142,-0.38096678256988525,-35.62854766845703,16.040151596069336,19.437097549438477
1975,134,170,30,723,170,30,48,17,-0.7365136742591858,-0.5320410132408142,-0.22813476622104645,9.699694633483887,-3.975114583969116,3.879847288131714
1976,131,170,30,901,170,30,49,20,-0.7990136742591858,-0.4207128882408142,-0.5040136575698853,-9.750687599182129,3.76534366607666,6.566870212554932
1977,138,170,30,1032,170,30,47,25,-0.7755761742591858,-0.3967871069908142,-0.5057226419448853,-16.758319854736328,2.772977113723755,6.460000038146973
1978,147,170,30,1057,170,30,47,13,-0.8529687523841858,-0.4695410132408142,-0.35582029819488525,7.730229377746582,1.1393892765045166,-4.807175636291504
1979,163,170,30,1030,170,30,48,9,-0.8112207055091858,-0.4094824194908142,-0.40440428256988525,-7.39954137802124,1.8874809741973877,-0.12015268206596375
1980,173,170,30,968,170,30,48,29,-0.8053613305091858,-0.3965429663658142,-0.35606443881988525,13.989770889282227,-7.1812214851379395,-8.532366752624512
1981,166,170,30,880,170,30,50,25,-0.8429589867591858,-0.4644140601158142,-0.8272558450698853,15.256946563720703,-8.265191078186035,-1.8453435897827148
1982,112,170,30,747,170,30,51,28,-0.7885156273841858,0.05023437365889549,-0.7132421731948853,-8.910992622375488,19.337862014770508,0.7500763535499573
1983,40,170,30,526,170,30,55,191,-0.7338281273841858,-0.4927343726158142,-0.38145506381988525,47.714962005615234,45.56686782836914,-98.715576171875
1984,13,170,30,311,170,30,54,55,-0.6759667992591858,-0.6191992163658142,-0.37876951694488525,19.470687866210938,14.040152549743652,-22.059083938598633
1985,2,170,30,202,170,30,53,26,-0.5036035180091858,-0.6423925757408142,-0.49278318881988525,-5.109465599060059,19.963815689086914,-1.2804579734802246
1986,0,170,30,156,170,30,48,81,-0.5175195336341858,-0.5676855444908142,-0.40538084506988525,-32.4835090637207,-36.875877380371094,12.414198875427246
1987,0,170,30,122,170,30,45,69,-0.6439843773841858,-0.6853613257408142,-0.46421873569488525,-17.430076599121094,-16.64687156677246,35.223358154296875
1988,0,170,30,98,170,30,43,23,-0.6337304711341858,-0.5095800757408142,-0.5323339700698853,-18.697250366210938,-0.1277862787246704,4.979084014892578
1989,0,170,30,87,170,30,42,60,-0.6188378930091858,-0.6243261694908142,-0.44712889194488525,-24.681983947753906,-31.837711334228516,3.6813740730285645
1990,0,170,30,66,170,30,43,75,-0.7135644555091858,-0.4837011694908142,-0.5347753763198853,35.19587707519531,18.895112991333008,-21.32625961303711
1991,0,170,30,56,170,30,44,35,-0.6771875023841858,-0.6213964819908142,-0.46568357944488525,18.340917587280273,-3.944580078125,13.223359107971191
1992,0,170,30,61,170,30,44,23,-0.7482324242591858,-0.5618261694908142,-0.42637693881988525,7.195878028869629,-7.150687217712402,9.131755828857422
1993,0,170,30,97,170,30,43,21,-0.7313867211341858,-0.5359472632408142,-0.33995115756988525,-13.002595901489258,-6.3567938804626465,1.8493130207061768
1994,0,170,30,165,170,30,44,71,-0.7050195336341858,-0.6882910132408142,-0.40293943881988525,-5.445343494415283,21.948549270629883,44.23099136352539
1995,0,170,30,209,170,30,48,80,-0.7182031273841858,-0.3367285132408142,-0.34825193881988525,-40.651451110839844,31.03251838684082,-8.425496101379395
1996,0,170,30,215,170,30,46,35,-0.7680078148841858,-0.4258398413658142,-0.44541990756988525,-13.140000343322754,-14.555267333984375,7.742442607879639
1997,0,170,30,197,170,30,46,20,-0.7550683617591858,-0.4746679663658142,-0.5115820169448853,18.172977447509766,-0.9064122438430786,1.1012213230133057
1998,0,170,30,217,170,30,45,24,-0.8087792992591858,-0.3879980444908142,-0.48179686069488525,-3.7201523780822754,-17.440763473510742,-3.478931188583374
1999,0,170,30,242,170,30,45,21,-0.7733789086341858,-0.4141210913658142,-0.47081053256988525,7.8523664474487305,-13.929312705993652,-0.12015268206596375
2000,10,170,30,238,170,30,47,48,-0.9411035180091858,-0.3831152319908142,-0.30259764194488525,23.74549674987793,21.67374038696289,2.6126718521118164
2001,42,170,30,273,170,30,49,74,-0.8722558617591858,-0.7490820288658142,-0.13609375059604645,37.48595428466797,18.940916061401367,17.864580154418945
2002,70,170,30,368,170,30,51,49,-0.7152734398841858,-0.4363378882408142,-0.44834959506988525,19.56229019165039,17.246257781982422,13.131755828857422
2003,84,170,30,544,170,30,50,14,-0.7711816430091858,-0.4966406226158142,-0.33360350131988525,0.1119084358215332,-12.402595520019531,2.276793956756592
2004,92,170,30,681,170,30,49,51,-0.8471093773841858,-0.5750097632408142,-0.23790039122104645,-5.781221389770508,-32.76900863647461,-12.715572357177734
2005,94,170,30,759,170,30,48,11,-0.8178125023841858,-0.5493749976158142,-0.03526367247104645,0.1119084358215332,-8.158320426940918,2.7806107997894287
2006,92,170,30,800,170,30,48,20,-0.7846093773841858,-0.3643164038658142,-0.49351561069488525,-8.636183738708496,-5.990381717681885,-6.303358554840088
2008,91,170,30,806,170,30,48,21,-0.6979394555091858,-0.3535742163658142,-0.41050779819488525,-12.773588180541992,-0.02091604471206665,-9.005648612976074
2009,86,170,30,730,170,30,48,19,-0.6972070336341858,-0.5132421851158142,-0.38096678256988525,-3.9033584594726562,3.276793956756592,-12.211755752563477
2010,90,170,30,619,170,30,49,17,-0.8021875023841858,-0.4478124976158142,-0.32774412631988525,6.768396854400635,-5.242290019989014,-5.936946392059326
2011,96,170,30,526,170,30,50,25,-0.8060937523841858,-0.3836035132408142,-0.34141600131988525,11.577556610107422,-9.776640892028809,-3.7842745780944824
2012,99,170,30,433,170,30,50,18,-0.8004785180091858,-0.5393652319908142,-0.33848631381988525,7.485954284667969,-7.715572357177734,-3.4941983222961426
2013,84,170,30,360,170,30,50,26,-0.7990136742591858,-0.5576757788658142,-0.19151367247104645,-8.972061157226562,13.948549270629883,3.2538931369781494
2014,30,170,30,270,170,30,53,98,-0.8864160180091858,-0.3337988257408142,-0.30357420444488525,14.768396377563477,29.307327270507812,-54.41022872924805
2015,8,170,30,151,170,30,55,78,-0.6120019555091858,-0.7832617163658142,-0.38853514194488525,14.569923400878906,34.65083694458008,-29.32625961303711
2016,1,170,30,86,170,30,55,40,-0.6161523461341858,-0.4910253882408142,-0.47325193881988525,8.447786331176758,16.162288665771484,15.574503898620605
2017,0,170,30,60,170,30,52,43,-0.6459375023841858,-0.6013769507408142,-0.5062109231948853,-7.796488285064697,-21.059083938598633,15.085954666137695
2018,0,170,30,53,170,30,48,86,-0.6085839867591858,-0.6318945288658142,-0.39048826694488525,17.089008331298828,-27.685039520263672,-41.72320556640625
2019,0,170,30,52,170,30,46,36,-0.8554101586341858,-0.6333593726158142,-0.29771482944488525,-2.605648994445801,-4.081984996795654,30.017250061035156
2020,0,170,30,54,170,30,46,21,-0.6400781273841858,-0.6843847632408142,-0.45982420444488525,-9.903359413146973,-9.471297264099121,-1.9522137641906738
2021,0,170,30,69,170,30,45,24,-0.7667871117591858,-0.5139746069908142,-0.30601561069488525,-3.445343494415283,-17.135419845581055,-4.0743513107299805
2022,0,170,30,116,170,30,44,22,-0.7709375023841858,-0.5498632788658142,-0.37632811069488525,-12.315572738647461,-7.593435287475586,-2.6087021827697754
2023,0,170,30,186,170,30,44,17,-0.7633691430091858,-0.5261816382408142,-0.30943357944488525,3.2874808311462402,-6.79954195022583,7.269160270690918
2024,0,170,30,223,170,30,44,51,-0.7565332055091858,-0.5327734351158142,-0.41001951694488525,-7.521679401397705,-20.40259552001953,23.9561824798584
2025,9,170,30,251,170,30,46,23,-0.7860742211341858,-0.6004003882408142,-0.33335936069488525,12.737862586975098,10.711908340454102,-0.18122133612632751
2026,33,170,30,316,170,30,49,33,-0.7797265648841858,-0.4026464819908142,-0.49888670444488525,17.608091354370117,11.353129386901855,4.460000038146973
2027,47,170,30,399,170,30,50,4,-0.7545800805091858,-0.5369238257408142,-0.32188475131988525,0.15770995616912842,3.6890077590942383,-0.44076332449913025
2028,54,170,30,506,170,30,50,26,-0.7047753930091858,-0.4497656226158142,-0.34239256381988525,-10.620916366577148,-11.16595458984375,4.414198398590088
2029,61,170,30,678,170,30,50,40,-0.7955957055091858,-0.4026464819908142,-0.40586912631988525,-9.598015785217285,-18.70793914794922,12.47526741027832
2030,60,170,30,865,170,30,50,20,-0.8060937523841858,-0.4182714819908142,-0.30064451694488525,-7.994961261749268,-5.120152473449707,7.391297817230225
2031,60,170,30,990,170,30,50,38,-0.8060937523841858,-0.5095800757408142,-0.32676756381988525,-8.910992622375488,-24.356794357299805,-4.990381717681885
2032,62,170,30,1051,170,30,50,4,-0.8202539086341858,-0.4080175757408142,-0.34312498569488525,-0.4377099275588989,1.0630533695220947,2.9638168811798096
2033,65,170,30,1075,170,30,51,7,-0.8224511742591858,-0.4055761694908142,-0.35728514194488525,-0.8346564769744873,-4.50946569442749,-1.6621372699737549
2034,72,170,30,1077,170,30,51,9,-0.8121972680091858,-0.4409765601158142,-0.29380857944488525,5.3180155754089355,-1.303358793258667,-3.372061014175415
2035,90,170,30,1060,170,30,51,8,-0.8725000023841858,-0.4019140601158142,-0.36119139194488525,-1.933893084526062,-4.295725345611572,-2.730839729309082
2036,125,170,30,1027,170,30,52,26,-0.8588281273841858,-0.3296484351158142,-0.26915037631988525,4.325648784637451,-13.227023124694824,-9.066717147827148
2037,154,170,30,989,170,30,52,16,-0.7550683617591858,-0.4258398413658142,-0.14659179747104645,4.585190773010254,9.887480735778809,-1.6163358688354492
2038,182,170,30,960,170,30,53,36,-0.7968164086341858,-0.3413671851158142,0.04237304627895355,18.020305633544922,-13.471297264099121,-5.387328147888184
2039,216,170,30,938,170,30,53,11,-0.8031640648841858,-0.4678320288658142,-0.23545898497104645,8.463053703308105,2.299694776535034,1.162290096282959
2040,221,170,30,903,170,30,54,11,-0.8041406273841858,-0.4961523413658142,-0.28184568881988525,-5.1858015060424805,3.1088550090789795,-2.944580078125
2041,155,170,30,780,170,30,54,27,-0.7990136742591858,-0.5232519507408142,-0.30821287631988525,-21.93389320373535,4.849312782287598,-1.1125190258026123
2042,58,170,30,470,170,30,57,151,-1.036562442779541,-0.1543554663658142,-0.11436523497104645,23.089008331298828,45.67374038696289,-82.33389282226562
2043,18,170,30,231,170,30,61,166,-0.07342773675918579,-1.771543025970459,-0.6673437356948853,-2.6514501571655273,70.36076354980469,-93.47893524169922
2044,5,170,30,102,170,30,58,72,-0.5502343773841858,-0.5935644507408142,-0.49791014194488525,-19.49114418029785,52.345497131347656,-0.6850380897521973
2045,0,170,30,44,170,30,57,74,-0.4799218773841858,-0.4924902319908142,-0.7320410013198853,-25.842288970947266,18.5134334564209,29.788244247436523
2046,0,170,30,24,170,30,54,103,-0.8336816430091858,0.03314452990889549,-0.44664061069488525,-32.498779296875,-17.22702407836914,53.284427642822266
2047,0,170,30,26,170,30,53,102,-0.5973535180091858,-0.7053808569908142,-0.5313574075698853,68.23404693603516,-21.715574264526367,-12.181221008300781
2048,0,170,30,36,170,30,52,103,-0.9091210961341858,-0.2813085913658142,-0.34361326694488525,-14.162900924682617,25.566869735717773,63.58977127075195
2049,0,170,30,41,170,30,51,28,-0.6552148461341858,-0.5110449194908142,-0.5701757669448853,11.470686912536621,9.261527061462402,-7.310992240905762
2050,0,170,30,35,170,30,51,33,-0.6732812523841858,-0.5259374976158142,-0.6407324075698853,16.46305274963379,12.63557243347168,4.887480735778809
2051,0,170,30,29,170,30,49,47,-0.6810937523841858,-0.4988378882408142,-0.5635839700698853,-13.063664436340332,-10.280458450317383,23.788244247436523
2052,0,170,30,35,170,30,48,41,-0.7850976586341858,-0.2869238257408142,-0.5709081888198853,-13.765954971313477,-7.776641368865967,19.757709503173828
2053,29,170,30,103,170,30,47,69,-0.7655664086341858,-0.2888769507408142,-0.6902929544448853,-21.201068878173828,-27.761375427246094,-20.257558822631836
2054,89,170,30,272,170,30,44,79,-0.8314843773841858,-0.3753027319908142,-0.7545019388198853,-12.239236831665039,-41.41022872924805,-25.64687156677246
2055,113,170,30,359,170,30,44,6,-0.7609277367591858,-0.4168066382408142,-0.5359960794448853,2.8905344009399414,-2.4636640548706055,-1.3873281478881836
2056,97,170,30,335,170,30,44,14,-0.7599511742591858,-0.4500097632408142,-0.49424803256988525,-5.704885482788086,-4.7079386711120605,-3.631603240966797
2057,35,170,30,200,170,30,48,135,-0.7365136742591858,-0.4558691382408142,-0.46031248569488525,28.814199447631836,36.33022689819336,-69.86061096191406
2058,10,170,30,98,170,30,47,35,-0.6161523461341858,-0.5947851538658142,-0.6214452981948853,-26.346105575561523,-3.4560306072235107,6.078320503234863
2059,2,170,30,48,170,30,46,11,-0.6688867211341858,-0.5239843726158142,-0.5208593606948853,2.5393893718719482,8.238625526428223,0.6279389262199402
2060,0,170,30,28,170,30,46,3,-0.7279687523841858,-0.4734472632408142,-0.5814062356948853,-0.4987785816192627,3.169923782348633,0.03251910209655762
2061,0,170,30,22,170,30,45,38,-0.6505761742591858,-0.6362890601158142,-0.5867773294448853,0.05083972215652466,-23.15068817138672,-15.020915985107422
2062,0,170,30,21,170,30,43,24,-0.7013574242591858,-0.4431738257408142,-0.5645605325698853,-10.78885555267334,-8.4941987991333,4.994351387023926
2063,0,170,30,20,170,30,43,13,-0.6940332055091858,-0.4993261694908142,-0.5149999856948853,6.157710075378418,3.093587875366211,-4.7461066246032715
2064,0,170,30,18,170,30,46,94,-0.7726464867591858,-0.3530859351158142,-0.5552831888198853,19.241680145263672,39.337860107421875,35.986717224121094
2065,0,170,30,16,170,30,46,51,-0.6796289086341858,-0.6414160132408142,-0.46983397006988525,18.295114517211914,-22.249923706054688,11.238625526428223
2066,0,170,30,17,170,30,45,51,-0.6876855492591858,-0.3489355444908142,-0.5323339700698853,-15.781222343444824,-0.11251911520957947,35.51343536376953
2068,0,170,30,18,170,30,44,36,-0.7096582055091858,-0.4981054663658142,-0.7420507669448853,-21.109464645385742,-11.56290054321289,3.7424428462982178
2069,0,170,30,18,170,30,45,39,-0.8002343773841858,-0.4263281226158142,-0.45176756381988525,16.14244270324707,19.963815689086914,-3.7842745780944824
2070,0,170,30,19,170,30,46,25,-0.7045312523841858,-0.3831152319908142,-0.6815038919448853,-11.613283157348633,3.1393892765045166,10.38366413116455
2071,1,170,30,23,170,30,46,27,-0.8141503930091858,-0.3281835913658142,-0.6717382669448853,5.66916036605835,14.024885177612305,7.986717700958252
2072,31,170,30,78,170,30,46,63,-0.7257714867591858,-0.2520117163658142,-0.6800390481948853,17.76076316833496,-28.494199752807617,-17.631603240966797
2073,97,170,30,257,170,30,42,75,-0.8058496117591858,-0.3584570288658142,-0.7154394388198853,6.890534400939941,-36.982749938964844,-31.494199752807617
2074,104,170,30,310,170,30,43,47,-0.8051171898841858,-0.5129980444908142,-0.41465818881988525,-13.430076599121094,15.856945991516113,17.803510665893555
2075,37,170,30,187,170,30,48,103,-0.7350488305091858,-0.4209570288658142,-0.5547949075698853,40.234046936035156,33.795875549316406,-29.57053565979004
2076,11,170,30,94,170,30,50,84,-0.7865625023841858,-0.3762792944908142,-0.5706640481948853,28.310382843017578,24.085952758789062,31.63557243347168
2077,2,170,30,55,170,30,49,24,-0.6178613305091858,-0.3413671851158142,-0.7264257669448853,-6.743053436279297,-4.814809322357178,12.76534366607666
2078,0,170,30,40,170,30,48,38,-0.7355371117591858,-0.4717382788658142,-0.5530859231948853,5.165343761444092,-12.158320426940918,21.37602996826172
2079,9,170,30,47,170,30,47,65,-0.7499414086341858,-0.10333007574081421,-0.6819921731948853,29.256946563720703,-17.4865665435791,-18.639238357543945
2080,44,170,30,127,170,30,46,11,-0.8925195336341858,-0.2288183569908142,-0.8746191263198853,-5.094198226928711,-6.387328147888184,-0.013282448053359985
2081,107,170,30,319,170,30,44,60,-0.8429589867591858,-0.3169531226158142,-0.31236326694488525,-14.849924087524414,-28.417863845825195,-17.219390869140625
2082,162,170,30,508,170,30,41,44,-0.5399804711341858,-0.3941015601158142,-0.18052734434604645,9.379083633422852,-17.36442756652832,-17.70793914794922
2083,107,170,30,431,170,30,44,127,-0.7982812523841858,-0.5303320288658142,-0.32920897006988525,-30.407175064086914,61.58213806152344,35.40656280517578
2084,31,170,30,201,170,30,53,174,-0.6705957055091858,-0.4414648413658142,-0.6495214700698853,63.730228424072266,72.3149642944336,-38.22702407836914
2085,9,170,30,86,170,30,52,33,-0.6898828148841858,-0.4099707007408142,-0.6102148294448853,12.615724563598633,-3.807175636291504,16.902748107910156
2086,2,170,30,46,170,30,51,34,-0.6815820336341858,-0.5828222632408142,-0.5286718606948853,10.34091567993164,0.8035114407539368,23.330228805541992
2087,0,170,30,35,170,30,49,52,-0.7323632836341858,-0.2957128882408142,-0.5728613138198853,6.9210686683654785,-9.65450382232666,35.83404541015625
2088,0,170,30,57,170,30,48,15,-1.124453067779541,-0.022275391966104507,-0.11973632872104645,4.615725040435791,6.8187785148620605,3.589771032333374
2089,36,170,30,157,170,30,49,40,-0.7963281273841858,-0.3486914038658142,-0.5389257669448853,-10.239236831665039,13.047786712646484,16.841678619384766
2090,116,170,30,387,170,30,46,87,-0.6967187523841858,-0.3753027319908142,-0.31114256381988525,3.7760305404663086,-41.80717468261719,-42.28809356689453
2091,133,170,30,490,170,30,45,28,-0.7958398461341858,-0.3230566382408142,-0.48497068881988525,7.989770889282227,-11.959847450256348,-8.608702659606934
2092,50,170,30,366,170,30,49,112,-0.8263574242591858,-0.3430761694908142,-0.5069433450698853,25.837099075317383,52.162288665771484,-34.15068817138672
2093,15,170,30,193,170,30,52,73,-0.6630273461341858,-0.5396093726158142,-0.5259863138198853,-10.193435668945312,25.62793731689453,37.75770950317383
2094,5,170,30,105,170,30,51,75,-0.6810937523841858,-0.4993261694908142,-0.45738279819488525,-17.201068878173828,4.742442607879639,53.71190643310547
2095,0,170,30,73,170,30,48,106,-0.6879296898841858,-0.4409765601158142,-0.6063085794448853,-23.369007110595703,-36.875877380371094,45.77297592163086
2096,41,170,30,155,170,30,47,14,-0.7277246117591858,-0.4114355444908142,-0.47032225131988525,3.9287023544311523,-9.822443008422852,-0.837709903717041
2097,108,170,30,388,170,30,46,80,-0.8646875023841858,-0.6421484351158142,-0.43736326694488525,16.53938865661621,-40.35679626464844,-23.112520217895508
2098,136,170,30,538,170,30,45,18,-0.7960839867591858,-0.2295507788658142,-0.6905370950698853,-0.559847354888916,-14.936946868896484,-3.3262596130371094
2099,57,170,30,387,170,30,48,190,-0.7970605492591858,-0.2691015601158142,-0.5667577981948853,56.27984619140625,49.21572494506836,-85.37206268310547
2100,21,170,30,176,170,30,48,114,-0.4240136742591858,-0.8323339819908142,-0.7034765481948853,-61.872825622558594,-24.58580207824707,-27.692672729492188
2101,6,170,30,73,170,30,42,89,-0.6913476586341858,-0.5093359351158142,-0.44664061069488525,-23.262136459350586,-57.059085845947266,-9.4941987991333
2102,0,170,30,39,170,30,42,32,-0.7760644555091858,-0.4961523413658142,-0.34727537631988525,22.172977447509766,2.4370992183685303,-7.662137031555176
2103,0,170,30,29,170,30,42,20,-0.6381250023841858,-0.6018652319908142,-0.49888670444488525,-11.216336250305176,-8.81480884552002,0.6126717329025269
2104,0,170,30,26,170,30,42,160,-0.5651269555091858,-0.6592382788658142,-0.7454687356948853,33.653892517089844,11.627939224243164,-115.41786193847656
2105,0,170,30,23,170,30,35,207,-0.3554101586341858,-0.7478613257408142,-0.37413084506988525,-72.08656311035156,-78.28045654296875,-57.097251892089844
2106,0,170,30,20,170,30,34,26,-0.8029199242591858,-0.4944433569908142,-0.21983398497104645,-4.819389343261719,-5.547633647918701,15.956183433532715
2107,0,170,30,21,170,30,38,98,-0.7365136742591858,0.4992089867591858,-0.6119238138198853,11.638625144958496,56.63557052612305,29.895112991333008
2108,0,170,30,24,170,30,36,94,-0.5326562523841858,-0.7478613257408142,-0.47862303256988525,-14.88045883178711,-39.85297775268555,39.43709945678711
2109,0,170,30,27,170,30,38,39,-0.6693750023841858,-0.5601171851158142,-0.40440428256988525,21.852367401123047,10.101221084594727,-7.173587799072266
2110,0,170,30,32,170,30,39,25,-0.7501855492591858,-0.4338964819908142,-0.49424803256988525,-11.414809226989746,3.811145305633545,10.276793479919434
2111,0,170,30,45,170,30,39,55,-0.7040429711341858,-0.5654882788658142,-0.5045019388198853,-10.239236831665039,-23.82244300842285,21.879846572875977
2112,17,170,30,74,170,30,40,16,-0.7370019555091858,-0.5830664038658142,-0.36729490756988525,3.0737404823303223,8.055419921875,5.437099456787109
2113,70,170,30,215,170,30,42,40,-0.7184472680091858,-0.4771093726158142,-0.5699316263198853,7.241679668426514,-4.998015403747559,28.750076293945312
2114,134,170,30,394,170,30,42,28,-0.9293847680091858,-0.5545019507408142,-0.7022558450698853,7.211145401000977,-9.028549194335938,12.292060852050781
2115,153,170,30,441,170,30,43,7,-0.7665429711341858,-0.4468359351158142,-0.5096288919448853,-1.0483969449996948,0.26916027069091797,6.017251968383789
2116,120,170,30,343,170,30,44,14,-0.7982812523841858,-0.4724707007408142,-0.43492186069488525,-6.819389343261719,-5.410229206085205,-2.761373996734619
2117,44,170,30,167,170,30,48,175,-0.8454003930091858,-0.3381933569908142,-0.5203710794448853,51.11954116821289,46.620304107666016,-78.05908203125
2118,13,170,30,70,170,30,50,55,-0.6527734398841858,-0.5498632788658142,-0.38072264194488525,7.409618377685547,21.23099136352539,27.314960479736328
2119,3,170,30,32,170,30,50,30,-0.5736718773841858,-0.5823339819908142,-0.5049902200698853,11.10427474975586,1.7195420265197754,-17.18885612487793
2120,0,170,30,19,170,30,45,90,-0.6720605492591858,-0.5786718726158142,-0.5057226419448853,-55.70488357543945,-32.494197845458984,2.2157251834869385
2121,0,170,30,14,170,30,43,72,-0.7545800805091858,-0.4556249976158142,-0.5045019388198853,-36.25450134277344,-12.723206520080566,23.528701782226562
2122,0,170,30,15,170,30,43,44,-0.6422753930091858,-0.6274999976158142,-0.45616209506988525,6.401984691619873,-13.196488380432129,24.963815689086914
2123,5,170,30,20,170,30,43,17,-0.7960839867591858,-0.4009374976158142,-0.5225683450698853,13.730228424072266,1.7806107997894287,1.6508396863937378
2124,35,170,30,67,170,30,44,30,-0.8041406273841858,-0.5581640601158142,-0.49400389194488525,-5.063663959503174,11.841679573059082,13.14702320098877
2125,64,170,30,147,170,30,45,16,-0.7020898461341858,-0.5012792944908142,-0.45249998569488525,-8.285038948059082,7.322595596313477,0.9027481079101562
2126,73,170,30,202,170,30,45,11,-0.7970605492591858,-0.5562109351158142,-0.38804686069488525,1.7912976741790771,-4.417862892150879,-5.3567938804626465
2127,76,170,30,213,170,30,46,11,-0.7536035180091858,-0.4492773413658142,-0.5057226419448853,-2.590381622314453,-2.2804579734802246,6.704274654388428
2128,70,170,30,180,170,30,46,14,-0.7514062523841858,-0.4885839819908142,-0.5027929544448853,-7.231603145599365,2.940916061401367,4.093587875366211
2129,33,170,30,127,170,30,47,67,-0.9142480492591858,-0.3328222632408142,-0.28575193881988525,2.9210686683654785,26.528701782226562,-37.830078125
2131,11,170,30,65,170,30,51,47,-0.5673242211341858,-0.6040624976158142,-0.5518652200698853,15.424884796142578,22.024885177612305,-10.013282775878906
2132,2,170,30,27,170,30,48,52,-0.4975000023841858,-0.7183203101158142,-0.5958105325698853,1.5317556858062744,-19.776641845703125,-31.18885612487793
2133,0,170,30,11,170,30,43,51,-0.7960839867591858,-0.4055761694908142,-0.42247068881988525,-18.025495529174805,-33.2728271484375,-0.6697709560394287
2134,0,170,30,9,170,30,43,8,-0.6308007836341858,-0.6355566382408142,-0.5137792825698853,1.5317556858062744,-4.310992240905762,-2.975114583969116
2135,0,170,30,13,170,30,42,51,-0.7211328148841858,-0.5230078101158142,-0.43394529819488525,-13.292672157287598,-0.09725192189216614,38.59740447998047
2136,11,170,30,24,170,30,43,18,-0.7514062523841858,-0.4688085913658142,-0.5679785013198853,11.59282398223877,1.3989312648773193,5.895114421844482
2137,46,170,30,96,170,30,43,16,-0.7826562523841858,-0.4912695288658142,-0.49131834506988525,8.264579772949219,-5.0743513107299805,3.2233588695526123
2138,71,170,30,173,170,30,44,57,-0.7496972680091858,-0.5635351538658142,-0.45909178256988525,38.64625930786133,-0.15832063555717468,18.93328094482422
2139,88,170,30,201,170,30,45,16,-0.7709375023841858,-0.3071874976158142,-0.47471678256988525,5.898168087005615,-9.578167915344238,0.8111450672149658
2140,84,170,30,176,170,30,45,9,-0.7599511742591858,-0.4788183569908142,-0.41490232944488525,-7.536946773529053,1.8264122009277344,0.1088549792766571
2141,37,170,30,93,170,30,48,82,-0.9342675805091858,-0.2754492163658142,-0.39341795444488525,-5.750687122344971,30.895112991333008,-45.70793914794922
2142,11,170,30,36,170,30,52,69,-0.5951562523841858,-0.7732519507408142,-0.36265623569488525,26.26458168029785,34.2996940612793,-8.944580078125
2143,3,170,30,15,170,30,51,31,-0.6720605492591858,-0.5620703101158142,-0.5223242044448853,10.72259521484375,3.017251968383789,17.9561824798584
2144,0,170,30,7,170,30,50,9,-0.5109277367591858,-0.6907324194908142,-0.5662695169448853,5.455420017242432,1.307328224182129,-3.1125190258026123
2145,0,170,30,4,170,30,45,73,-0.7096582055091858,-0.5642675757408142,-0.5049902200698853,-37.017860412597656,-25.2880916595459,11.192824363708496
2146,0,170,30,4,170,30,45,17,-0.6842675805091858,-0.5545019507408142,-0.31749022006988525,6.066106796264648,-7.242290019989014,4.6432061195373535
2147,0,170,30,8,170,30,44,24,-0.7382226586341858,-0.4841894507408142,-0.49473631381988525,-3.6896181106567383,-11.059083938598633,9.574503898620605
2148,0,170,30,12,170,30,42,66,-0.9125390648841858,-0.2476171851158142,-0.19029296934604645,-17.323205947875977,-12.204122543334961,37.284427642822266
2149,33,170,30,36,170,30,43,32,-0.6600976586341858,-0.6189550757408142,-0.36851561069488525,29.80656623840332,1.5363359451293945,1.4218320846557617
2150,61,170,30,93,170,30,45,29,-0.7106347680091858,-0.4678320288658142,-0.43418943881988525,-19.643815994262695,7.169923782348633,-3.0056488513946533
2151,76,170,30,137,170,30,45,13,-0.7018457055091858,-0.5376562476158142,-0.39903318881988525,10.417251586914062,1.2157251834869385,2.3225953578948975
2152,80,170,30,151,170,30,46,2,-0.7609277367591858,-0.5225195288658142,-0.41124022006988525,-1.720152735710144,-0.21938934922218323,-0.639236569404602
2153,61,170,30,115,170,30,47,30,-0.7770410180091858,-0.4553808569908142,-0.47154295444488525,-26.346105575561523,3.0630533695220947,1.2080916166305542
2154,18,170,30,46,170,30,52,174,-0.6564355492591858,-0.5947851538658142,-0.47544920444488525,45.53175735473633,45.91801452636719,-83.1583251953125
2155,5,170,30,17,170,30,50,11,-0.6308007836341858,-0.5303320288658142,-0.5840917825698853,8.875267028808594,-0.8606107234954834,-1.3109923601150513
2156,0,170,30,8,170,30,46,48,-0.6998925805091858,-0.4334082007408142,-0.40904295444488525,-14.315572738647461,-23.22702407836914,11.208091735839844
2157,0,170,30,5,170,30,43,31,-0.7404199242591858,-0.5020117163658142,-0.43199217319488525,-14.681984901428223,-15.807175636291504,1.3302290439605713
2158,0,170,30,7,170,30,42,26,-0.6959863305091858,-0.6441015601158142,-0.47496092319488525,-1.4453436136245728,-19.837711334228516,5.63557243347168
2159,0,170,30,10,170,30,41,62,-0.7230859398841858,-0.5913671851158142,-0.39244139194488525,-1.5522137880325317,-31.62397003173828,29.498167037963867
2160,20,170,30,34,170,30,43,30,-0.7706933617591858,-0.5110449194908142,-0.35484373569488525,7.440152645111084,12.54396915435791,10.032519340515137
2161,57,170,30,131,170,30,44,7,-0.7592187523841858,-0.6643652319908142,-0.38487303256988525,1.027938961982727,4.116488456726074,2.551603078842163
2162,84,170,30,274,170,30,46,14,-0.6237207055091858,-0.4768652319908142,-0.41294920444488525,-5.20106840133667,5.994351387023926,2.9027481079101562
2163,95,170,30,434,170,30,47,8,-0.7362695336341858,-0.4129003882408142,-0.40757811069488525,-5.0025954246521,3.1088550090789795,-0.2728244364261627
2164,96,170,30,555,170,30,48,9,-0.7020898461341858,-0.3460058569908142,-0.37779295444488525,0.5241221189498901,-1.2575572729110718,8.200457572937012
2165,75,170,30,601,170,30,49,28,-0.7955957055091858,-0.4592871069908142,-0.45689451694488525,-11.65908432006836,-10.14305305480957,-6.868244171142578
2166,24,170,30,430,170,30,54,164,-0.7555566430091858,-0.5239843726158142,-0.38853514194488525,37.776031494140625,66.25389099121094,-60.92931365966797
2167,7,170,30,174,170,30,58,213,-0.3869042992591858,-1.285703182220459,-0.5567480325698853,-7.536946773529053,97.58213806152344,-108.16595458984375
2168,2,170,30,63,170,30,54,126,-0.2736230492591858,-0.7898535132408142,-0.7510839700698853,-41.96442794799805,-17.593435287475586,-67.03618621826172
2169,0,170,30,22,170,30,45,135,-0.5255761742591858,-0.7341894507408142,-0.7979589700698853,-36.45297622680664,-86.26519012451172,-12.65450382232666
2170,0,170,30,7,170,30,37,86,-0.6154199242591858,-0.3872656226158142,-0.6431738138198853,-25.720151901245117,-60.570533752441406,0.36839693784713745
2171,0,170,30,2,170,30,34,65,-0.7316308617591858,-0.3347753882408142,-0.41319334506988525,4.356183052062988,-29.104887008666992,32.29206085205078
2172,0,170,30,2,170,30,37,68,-0.8102441430091858,-0.3941015601158142,-0.6033788919448853,52.46305465698242,10.6050386428833,-5.601068496704102
2173,0,170,30,4,170,30,40,92,-0.7233300805091858,-0.4348730444908142,-0.47203123569488525,47.13481140136719,19.93328094482422,25.07068634033203
2174,0,170,30,6,170,30,40,12,-0.6066308617591858,-0.6731542944908142,-0.5425878763198853,-0.972061038017273,-10.372060775756836,-1.3415266275405884
2175,0,170,30,4,170,30,42,105,-0.7016015648841858,-0.6262792944908142,-0.5645605325698853,42.52412414550781,26.024885177612305,37.19282531738281
2176,0,170,30,4,170,30,44,46,-0.4957910180091858,-0.6438574194908142,-0.5892187356948853,7.562290191650391,-8.32625961303711,-30.99038314819336
2177,0,170,30,5,170,30,41,60,-0.7609277367591858,-0.4231542944908142,-0.46666014194488525,-29.41480827331543,-28.57053565979004,2.337862491607666
2178,0,170,30,6,170,30,42,29,-0.6945214867591858,-0.5388769507408142,-0.42295897006988525,-0.6514503955841064,-20.417863845825195,8.047785758972168
2179,0,170,30,7,170,30,42,47,-0.7748437523841858,-0.4006933569908142,-0.40904295444488525,-14.666717529296875,-3.333893060684204,29.559236526489258
2180,26,170,30,17,170,30,44,13,-0.7711816430091858,-0.4841894507408142,-0.39390623569488525,-0.20870232582092285,-4.387328147888184,-8.517099380493164
2182,68,170,30,32,170,30,44,88,-0.7890039086341858,-0.2947363257408142,-0.47862303256988525,30.6004581451416,-30.860610961914062,-26.92931365966797
2183,99,170,30,54,170,30,44,41,-0.8519921898841858,-0.6536230444908142,-0.27500975131988525,-32.19343566894531,-4.005649089813232,-5.280457973480225
2184,116,170,30,58,170,30,45,26,-0.6476464867591858,-0.3540624976158142,-0.31822264194488525,-15.674351692199707,0.9409160017967224,-9.738472938537598
2185,121,170,30,58,170,30,46,17,-0.7804589867591858,-0.4917578101158142,-0.44102537631988525,-8.361374855041504,4.070687294006348,5.040152549743652
2186,124,170,30,56,170,30,47,7,-0.7775292992591858,-0.4385351538658142,-0.41832029819488525,2.8141984939575195,-3.6392366886138916,-0.5781679153442383
2187,120,170,30,50,170,30,47,19,-0.8104882836341858,-0.4954199194908142,-0.36753904819488525,-3.1858015060424805,0.22335875034332275,-15.998015403747559
2188,93,170,30,37,170,30,48,13,-0.9025292992591858,-0.4778417944908142,-0.5081640481948853,-7.0025954246521,-6.555267333984375,-0.2575572431087494
2189,35,170,30,16,170,30,50,148,-0.7782617211341858,-0.4990820288658142,-0.41416990756988525,23.776031494140625,42.2996940612793,-82.13542175292969
2190,10,170,30,7,170,30,52,77,-0.6308007836341858,-0.6524023413658142,-0.36338865756988525,25.22641372680664,34.75770950317383,-17.70793914794922
2191,2,170,30,3,170,30,53,57,-0.6183496117591858,-0.6616796851158142,-0.43882811069488525,17.56229019165039,22.437097549438477,17.116487503051758
2192,0,170,30,2,170,30,52,51,-0.6100488305091858,-0.6314062476158142,-0.35069334506988525,24.18824577331543,4.559236526489258,22.948549270629883
2193,0,170,30,2,170,30,50,23,-0.5180078148841858,-0.6543554663658142,-0.5169531106948853,7.256946563720703,5.994351387023926,10.21572494506836
2194,0,170,30,1,170,30,48,33,-0.7296777367591858,-0.4597753882408142,-0.41758787631988525,-13.216336250305176,-11.45603084564209,8.612671852111816
2195,0,170,30,1,170,30,46,13,-0.6696191430091858,-0.6101660132408142,-0.44224607944488525,-4.391908168792725,-4.5705342292785645,4.872213840484619
2196,0,170,30,1,170,30,45,14,-0.6837792992591858,-0.5447363257408142,-0.45054686069488525,-7.384274959564209,-4.158320903778076,-3.0972518920898438
2197,0,170,30,2,170,30,43,56,-0.6942773461341858,-0.5476660132408142,-0.43028318881988525,-24.51404571533203,-24.738473892211914,7.116488456726074
2198,0,170,30,1,170,30,42,31,-0.6620507836341858,-0.6008886694908142,-0.42344725131988525,-5.552213668823242,-14.738472938537598,-11.43312931060791
2199,0,170,30,1,170,30,41,28,-0.7684960961341858,-0.4653906226158142,-0.42588865756988525,-7.872824192047119,-16.64687156677246,4.047786235809326
2200,0,170,30,1,170,30,41,7,-0.7477441430091858,-0.5591406226158142,-0.38975584506988525,-4.1476335525512695,0.42183202505111694,2.9332823753356934
2201,0,170,30,2,170,30,42,9,-0.6950097680091858,-0.5813574194908142,-0.39561522006988525,4.172976970672607,4.2538933753967285,-1.066717505455017
2202,0,170,30,2,170,30,43,21,-0.7265039086341858,-0.5349707007408142,-0.39292967319488525,8.585190773010254,8.864580154418945,-4.440763473510742
2203,0,170,30,2,170,30,43,39,-0.7755761742591858,-0.4666113257408142,-0.34996092319488525,-23.445343017578125,-2.3873281478881836,13.192824363708496
2204,0,170,30,2,170,30,44,14,-0.7306542992591858,-0.5300878882408142,-0.5071874856948853,-3.384274482727051,-2.4636640548706055,8.398931503295898
2205,0,170,30,2,170,30,45,18,-0.7523828148841858,-0.5303320288658142,-0.41905272006988525,0.9821374416351318,1.0783205032348633,16.505800247192383
2206,15,170,30,1,170,30,47,51,-0.7365136742591858,-0.3643164038658142,-0.39634764194488525,-3.0178627967834473,28.84931182861328,19.25389289855957
2207,39,170,30,14,170,30,48,54,-0.7543359398841858,-0.4861425757408142,-0.48790037631988525,44.00503921508789,3.0325191020965576,7.528702259063721
2208,59,170,30,43,170,30,49,55,-0.8422265648841858,-0.4165624976158142,-0.6595312356948853,18.20351219177246,12.314961433410645,25.055418014526367
2209,72,170,30,69,170,30,51,20,-0.5333886742591858,-0.3076757788658142,-0.47984373569488525,8.768396377563477,9.56687068939209,-2.4560306072235107
2210,79,170,30,80,170,30,50,38,-0.7865625023841858,-0.4612402319908142,-0.37950193881988525,14.279847145080566,-12.173587799072266,-12.227023124694824
2211,70,170,30,65,170,30,51,24,-0.7748437523841858,-0.5200781226158142,-0.41563475131988525,-18.758319854736328,4.834045886993408,1.0248855352401733
2212,26,170,30,24,170,30,52,121,-0.8178125023841858,-0.2940039038658142,-0.5157324075698853,23.42488670349121,38.162288665771484,-59.47893142700195
2213,8,170,30,9,170,30,50,56,-0.5853906273841858,-0.7473730444908142,-0.44957029819488525,-22.865190505981445,-20.50946617126465,-12.807175636291504
2214,2,170,30,5,170,30,47,73,-0.7496972680091858,-0.4829687476158142,-0.5196386575698853,-24.468244552612305,-9.532366752624512,39.07068634033203
2215,0,170,30,3,170,30,49,76,-0.7550683617591858,-0.6311621069908142,-0.38365232944488525,26.234046936035156,14.513435363769531,35.681373596191406
2217,0,170,30,3,170,30,48,15,-0.6947656273841858,-0.6670507788658142,-0.44908201694488525,4.982137680053711,3.0019848346710205,7.131755828857422
2218,0,170,30,3,170,30,45,55,-0.6337304711341858,-0.5713476538658142,-0.37144529819488525,-9.903359413146973,-39.85297775268555,-5.753740310668945
2219,0,170,30,4,170,30,43,28,-0.7164941430091858,-0.6113867163658142,-0.37217772006988525,5.501221656799316,-13.120152473449707,-9.723206520080566
2220,0,170,30,5,170,30,43,4,-0.7311425805091858,-0.5657324194908142,-0.30943357944488525,-0.666717529296875,2.8187787532806396,1.284427523612976
2221,0,170,30,5,170,30,44,42,-0.7555566430091858,-0.5967382788658142,-0.33213865756988525,-10.559847831726074,-6.112519264221191,25.803510665893555
2222,0,170,30,7,170,30,44,19,-0.7003808617591858,-0.6377539038658142,-0.41734373569488525,-16.040761947631836,0.8951144814491272,-2.2575571537017822
2223,0,170,30,8,170,30,44,24,-0.7377343773841858,-0.5584082007408142,-0.39195311069488525,9.165343284606934,-6.3567938804626465,9.192824363708496
2224,1,170,30,10,170,30,46,39,-0.7719140648841858,-0.5415624976158142,-0.32041990756988525,13.699694633483887,7.673740386962891,17.9561824798584
2225,23,170,30,11,170,30,48,73,-0.7326074242591858,-0.3435644507408142,-0.18565429747104645,22.081375122070312,29.21572494506836,21.910381317138672
2226,50,170,30,26,170,30,51,53,-0.7157617211341858,-0.3345312476158142,-0.6771093606948853,27.211145401000977,17.704273223876953,8.689007759094238
2227,71,170,30,55,170,30,54,126,-0.9176660180091858,-0.9063085913658142,-0.41319334506988525,28.646259307861328,47.65847396850586,50.047786712646484
2228,84,170,30,76,170,30,55,41,-0.7645898461341858,-0.4072851538658142,-0.42784178256988525,-11.033129692077637,12.971450805664062,17.605037689208984
2229,71,170,30,61,170,30,54,11,-0.7658105492591858,-0.5095800757408142,-0.41026365756988525,-3.781221389770508,-5.837709903717041,-1.5399999618530273
2230,31,170,30,28,170,30,54,100,-0.8910546898841858,-0.2966894507408142,-0.47129881381988525,2.2493128776550293,20.37602996826172,-78.04381561279297
2231,10,170,30,10,170,30,52,48,-0.5158105492591858,-0.7947363257408142,-0.36607420444488525,10.707327842712402,3.5668702125549316,-34.56290054321289
2232,3,170,30,5,170,30,47,49,-0.6820703148841858,-0.6733984351158142,-0.41563475131988525,-18.758319854736328,-17.898778915405273,13.208091735839844
2233,0,170,30,3,170,30,46,20,-0.6683984398841858,-0.6338476538658142,-0.39976561069488525,3.9287023544311523,1.093587875366211,15.208091735839844
2234,0,170,30,3,170,30,45,26,-0.7394433617591858,-0.4558691382408142,-0.36387693881988525,-1.1705342531204224,1.2767939567565918,24.23099136352539
2236,0,170,30,5,170,30,42,41,-0.7199121117591858,-0.5588964819908142,-0.33628904819488525,-3.872824192047119,-28.249923706054688,-9.066717147827148
2237,0,170,30,5,170,30,41,14,-0.7660546898841858,-0.5046972632408142,-0.31138670444488525,-6.62091588973999,6.391297817230225,-1.1735877990722656
2238,0,170,30,6,170,30,43,10,-0.7118554711341858,-0.6116308569908142,-0.37681639194488525,-8.193435668945312,1.7500762939453125,-0.5323663949966431
2239,0,170,30,6,170,30,43,10,-0.7628808617591858,-0.5657324194908142,-0.33848631381988525,-0.6819846630096436,-2.12778639793396,7.956183433532715
2240,0,170,30,5,170,30,46,13,-0.7540917992591858,-0.5454687476158142,-0.38267576694488525,-0.6361831426620483,10.238625526428223,-2.6392366886138916
2241,0,170,30,4,170,30,47,32,-0.6742578148841858,-0.5022558569908142,-0.30455076694488525,-9.994961738586426,11.521068572998047,-10.944580078125
2242,0,170,30,4,170,30,47,14,-0.8114648461341858,-0.4463476538658142,-0.37364256381988525,-3.659083843231201,-6.173587799072266,5.116488456726074
2243,0,170,30,4,170,30,47,26,-0.7465234398841858,-0.5418066382408142,-0.37852537631988525,8.035572052001953,8.467633247375488,-10.333892822265625
2244,0,170,30,4,170,30,47,28,-0.7123437523841858,-0.5459570288658142,-0.37364256381988525,-5.353740215301514,9.490534782409668,13.330228805541992
2245,0,170,30,4,170,30,46,13,-0.6933007836341858,-0.5935644507408142,-0.41221678256988525,0.24931299686431885,2.482900857925415,10.979084014892578
2246,0,170,30,5,170,30,46,20,-0.7089257836341858,-0.5483984351158142,-0.41807615756988525,-5.659083843231201,0.07068699598312378,14.841679573059082
2247,3,170,30,4,170,30,47,31,-0.7767968773841858,-0.5105566382408142,-0.35337889194488525,8.508854866027832,16.13175392150879,7.162290096282959
2248,33,170,30,10,170,30,49,69,-0.8048730492591858,-0.4675878882408142,-0.29869139194488525,-1.3690077066421509,41.99435043334961,26.29206085205078
2249,68,170,30,50,170,30,51,30,-0.8019433617591858,-0.4461035132408142,-0.5340429544448853,11.684427261352539,15.429465293884277,3.299694776535034
2250,90,170,30,100,170,30,52,23,-0.7172265648841858,-0.6753515601158142,-0.5467382669448853,19.18061065673828,1.3531298637390137,-2.761373996734619
2251,103,170,30,135,170,30,52,5,-0.7545800805091858,-0.4793066382408142,-0.45933592319488525,3.837099075317383,-1.6850380897521973,-0.41022899746894836
2252,103,170,30,147,170,30,51,4,-0.7536035180091858,-0.4880957007408142,-0.42613279819488525,3.043206214904785,1.6126718521118164,0.20045801997184753
2253,90,170,30,142,170,30,50,7,-0.7496972680091858,-0.5147070288658142,-0.40904295444488525,3.2111449241638184,-3.196488618850708,-1.0209159851074219
2254,66,170,30,122,170,30,50,8,-0.7343164086341858,-0.4561132788658142,-0.41612303256988525,-1.7812212705612183,1.8722138404846191,5.33022928237915
2256,25,170,30,60,170,30,51,181,-0.8270898461341858,-0.2991308569908142,-0.41954100131988525,60.508853912353516,6.879847526550293,-114.33389282226562
2257,9,170,30,25,170,30,50,108,-0.4420800805091858,-1.138730525970459,-0.29405272006988525,-20.422441482543945,24.9561824798584,62.65847396850586
2258,3,170,30,10,170,30,44,172,-0.7047753930091858,-0.5195898413658142,-0.34483397006988525,-78.16290283203125,-90.81481170654297,3.696641206741333
2259,0,170,30,5,170,30,38,34,-0.6334863305091858,-0.7234472632408142,-0.16661132872104645,13.348548889160156,-15.227023124694824,-5.555267333984375
2260,0,170,30,6,170,30,40,28,-0.7558007836341858,-0.5647558569908142,-0.37852537631988525,8.14244270324707,18.940916061401367,1.4981679916381836
2261,0,170,30,9,170,30,41,33,-0.7221093773841858,-0.5430273413658142,-0.35826170444488525,-8.804122924804688,-9.929312705993652,-14.410228729248047
2262,0,170,30,14,170,30,41,20,-0.7672753930091858,-0.5442480444908142,-0.32017576694488525,5.211145401000977,-6.204122066497803,-8.715572357177734
2263,0,170,30,15,170,30,43,44,-0.7094140648841858,-0.6336035132408142,-0.41709959506988525,2.325648784637451,13.551603317260742,28.59740447998047
2264,6,170,30,15,170,30,45,18,-0.7951074242591858,-0.4024023413658142,-0.5281835794448853,-0.3919084072113037,11.597404479980469,6.246259689331055
2265,31,170,30,19,170,30,49,71,-0.8478417992591858,-0.2730078101158142,-0.44810545444488525,15.821831703186035,37.09358596801758,19.055418014526367
2266,67,170,30,53,170,30,51,51,-0.7868066430091858,-0.7258886694908142,-0.25938475131988525,18.14244270324707,18.07068634033203,14.96381664276123
2267,87,170,30,96,170,30,53,62,-0.8493066430091858,-0.5288671851158142,-0.44688475131988525,12.737862586975098,27.704273223876953,21.879846572875977
2268,94,170,30,122,170,30,53,14,-0.7882714867591858,-0.4976171851158142,-0.44932615756988525,5.989770889282227,5.032519340515137,3.2538931369781494
2269,86,170,30,124,170,30,52,5,-0.7643457055091858,-0.4878515601158142,-0.40855467319488525,-3.735419750213623,-0.998015284538269,-0.31862595677375793
2270,50,170,30,81,170,30,51,17,-0.7916894555091858,-0.4800390601158142,-0.48374998569488525,0.7378625869750977,-16.677406311035156,0.24625955522060394
2271,15,170,30,31,170,30,58,160,-0.6078515648841858,-0.8274511694908142,-0.34385740756988525,1.9592366218566895,107.59740447998047,-50.80717468261719
2272,5,170,30,12,170,30,54,213,-0.4559960961341858,-0.3135351538658142,-0.9893652200698853,-92.04076385498047,-26.280458450317383,-94.86824798583984
2273,0,170,30,4,170,30,41,234,-0.5394921898841858,-0.3894628882408142,-0.5604101419448853,-61.8575553894043,-128.83006286621094,-44.24229049682617
2274,0,170,30,1,170,30,32,184,-0.7929101586341858,-0.4067968726158142,-0.7073827981948853,-9.979695320129395,-113.13542175292969,-61.02091598510742
2275,0,170,30,0,170,30,28,55,-0.6051660180091858,-0.7317480444908142,-0.44615232944488525,1.562290072441101,-50.173587799072266,-3.5094656944274902
2276,0,170,30,0,170,30,29,62,-0.8551660180091858,-0.2407812476158142,-0.20567382872104645,4.172976970672607,5.826412200927734,52.20045852661133
2277,0,170,30,3,170,30,35,56,-0.7018457055091858,-0.2952246069908142,-0.43492186069488525,30.218778610229492,19.23099136352539,-6.959847450256348
2278,0,170,30,13,170,30,36,39,-0.7326074242591858,-0.3782324194908142,-0.41001951694488525,-11.323206901550293,-0.5858015418052673,27.13175392150879
2279,0,170,30,17,170,30,40,26,-0.7343164086341858,-0.5569433569908142,-0.45787107944488525,17.74549674987793,6.482900619506836,1.81877863407135
2280,0,170,30,20,170,30,42,19,-0.8266015648841858,-0.4995703101158142,-0.32896482944488525,-3.094198226928711,1.551603078842163,15.162290573120117
2281,15,170,30,40,170,30,44,31,-0.7631250023841858,-0.4783300757408142,-0.42515623569488525,-2.773587703704834,14.971450805664062,13.666107177734375
2282,69,170,30,120,170,30,45,29,-0.7736230492591858,-0.5281347632408142,-0.43492186069488525,-2.6514501571655273,-19.456031799316406,-7.433129787445068
2283,123,170,30,223,170,30,42,24,-0.8034082055091858,-0.8037695288658142,0.05213867127895355,0.8447328209877014,-19.257558822631836,-4.486564636230469
2284,140,170,30,295,170,30,44,14,-0.7807031273841858,-0.4746679663658142,-0.48692381381988525,0.4783206284046173,-10.61633586883545,-2.9903817176818848
2285,144,170,30,333,170,30,45,21,-0.7763085961341858,-0.5225195288658142,-0.34825193881988525,18.050840377807617,-1.7155725955963135,1.589771032333374
2286,137,170,30,389,170,30,46,17,-0.7562890648841858,-0.3025488257408142,-0.35752928256988525,6.9974045753479,-4.585801601409912,5.9256486892700195
2287,137,170,30,469,170,30,47,21,-1.194277286529541,-0.8377050757408142,-0.5648046731948853,-0.8346564769744873,-3.9598472118377686,16.35312843322754
2288,146,170,30,588,170,30,47,51,-1.103701114654541,-0.7627539038658142,-0.5643163919448853,16.753129959106445,-10.81480884552002,23.620304107666016
2289,155,170,30,692,170,30,48,13,-0.7970605492591858,-0.4922460913658142,-0.33335936069488525,0.7378625869750977,-7.593435287475586,-5.494198322296143
2290,156,170,30,717,170,30,49,1,-0.7999902367591858,-0.4922460913658142,-0.33335936069488525,0.5851908922195435,-0.9369466304779053,0.0630534291267395
2291,155,170,30,692,170,30,50,9,-0.7955957055091858,-0.4812597632408142,-0.33848631381988525,4.295114517211914,-2.79954195022583,-2.2575571537017822
2292,143,170,30,724,170,30,51,54,-0.7045312523841858,-0.6787695288658142,-0.30552732944488525,21.837099075317383,17.41419792175293,15.452366828918457
2293,166,170,30,922,170,30,52,48,-0.7113671898841858,-0.4229101538658142,-1.0850683450698853,5.760763645172119,28.83404541015625,13.498167991638184
2294,179,170,30,1044,170,30,53,4,-0.7997460961341858,-0.4551367163658142,-0.41221678256988525,-0.7430534362792969,-3.120152711868286,-0.9903815984725952
2295,180,170,30,1008,170,30,52,57,-0.8075585961341858,-0.3130468726158142,-0.7042089700698853,7.363816738128662,-32.47893142700195,-17.32625961303711
2296,190,170,30,905,170,30,51,12,-0.8031640648841858,-0.4666113257408142,-0.37974607944488525,4.111908435821533,-5.822442531585693,-2.2575571537017822
2297,197,170,30,779,170,30,51,21,-0.7982812523841858,-0.4546484351158142,-0.24717773497104645,6.554656505584717,-5.608702182769775,-9.372060775756836
2298,219,170,30,645,170,30,50,45,-0.8349023461341858,-0.3779882788658142,-0.17759765684604645,5.012671947479248,-18.875879287719727,-21.555267333984375
2299,255,170,30,503,170,30,50,4,-0.7929101586341858,-0.5671972632408142,-0.27916014194488525,2.7073283195495605,0.39129769802093506,1.3760305643081665
2300,273,170,30,399,170,30,51,3,-0.7872949242591858,-0.5359472632408142,-0.25474607944488525,1.3943512439727783,-2.234656572341919,0.29206109046936035
2301,253,170,30,300,170,30,51,37,-0.7946191430091858,-0.3962988257408142,-0.37730467319488525,-15.307938575744629,-6.081984519958496,-15.952214241027832
2302,101,170,30,143,170,30,54,238,-0.9237695336341858,-0.3096289038658142,-0.21080078184604645,26.295114517211914,74.17755889892578,-138.22702026367188
2303,38,170,30,63,170,30,54,108,-0.5311914086341858,-0.6594824194908142,-0.45982420444488525,-18.605648040771484,21.93328094482422,68.01725006103516
2304,14,170,30,28,170,30,52,18,-0.6412988305091858,-0.4612402319908142,-0.42222654819488525,-14.361374855041504,-0.4178626239299774,4.017251968383789
2305,4,170,30,10,170,30,49,57,-0.6076074242591858,-0.7202734351158142,-0.35752928256988525,-25.078929901123047,-3.7766411304473877,28.23099136352539
2306,0,170,30,3,170,30,50,39,-0.7589746117591858,-0.5210546851158142,-0.33555662631988525,5.821832180023193,18.727174758911133,14.460000038146973
2308,0,170,30,3,170,30,50,60,-0.7352929711341858,-0.4981054663658142,-0.5132910013198853,-23.59801483154297,3.7195420265197754,33.177555084228516
2309,0,170,30,4,170,30,49,19,-0.6632714867591858,-0.6687597632408142,-0.36534178256988525,-1.9644273519515991,-7.1812214851379395,10.230992317199707
2310,4,170,30,6,170,30,50,116,-0.8488183617591858,-0.6057714819908142,-0.09556640684604645,-37.1705322265625,50.9256477355957,28.185190200805664
2311,38,170,30,38,170,30,49,36,-0.7912011742591858,-0.5049414038658142,-0.46641600131988525,0.1119084358215332,-26.692672729492188,-10.043816566467285
2312,78,170,30,89,170,30,46,21,-0.8012109398841858,-0.4028906226158142,-0.14390625059604645,6.600458145141602,-13.3949613571167,-1.8606107234954834
2313,100,170,30,152,170,30,45,9,-0.7638574242591858,-0.5183691382408142,-0.38121092319488525,3.409618377685547,3.3531298637390137,2.5363359451293945
2314,104,170,30,181,170,30,46,5,-0.7650781273841858,-0.5110449194908142,-0.38780272006988525,5.012671947479248,0.009618282318115234,0.1851908564567566
2315,102,170,30,194,170,30,47,13,-0.7533593773841858,-0.4492773413658142,-0.35679686069488525,7.134809494018555,3.337862730026245,3.34549617767334
2316,104,170,30,201,170,30,48,19,-0.8314843773841858,-0.5718359351158142,-0.41124022006988525,0.9821374416351318,6.024885654449463,12.078320503234863
2317,103,170,30,236,170,30,48,37,-0.7848535180091858,-0.3250097632408142,-0.39341795444488525,9.88290023803711,-15.959847450256348,11.772976875305176
2318,116,170,30,299,170,30,49,10,-0.7992578148841858,-0.4685644507408142,-0.47618162631988525,-3.277404308319092,2.2233588695526123,5.085954189300537
2319,123,170,30,330,170,30,49,7,-0.8016992211341858,-0.4968847632408142,-0.37242186069488525,-4.71251916885376,1.841679334640503,-0.5934350490570068
2320,127,170,30,341,170,30,50,4,-0.7960839867591858,-0.4761328101158142,-0.34581053256988525,2.9974045753479004,-1.5629007816314697,-0.04381677508354187
2321,132,170,30,337,170,30,50,1,-0.7924218773841858,-0.4841894507408142,-0.36656248569488525,-0.0560305118560791,-1.074351191520691,-0.6087023019790649
2322,137,170,30,328,170,30,50,15,-0.7999902367591858,-0.4605078101158142,-0.38023436069488525,5.9439697265625,-5.929312705993652,-4.120152473449707
2323,142,170,30,320,170,30,51,24,-0.7885156273841858,-0.4739355444908142,-0.31333982944488525,14.188243865966797,-7.975114345550537,-2.6392366886138916
2324,149,170,30,333,170,30,52,14,-0.7982812523841858,-0.4172949194908142,-0.38584959506988525,9.913434982299805,-4.204122066497803,0.6584733128547668
2325,160,170,30,357,170,30,52,14,-0.7721582055091858,-0.5017675757408142,-0.34922850131988525,11.501220703125,-1.3186259269714355,-1.4025954008102417
2326,163,170,30,408,170,30,53,16,-0.7853417992591858,-0.5061621069908142,-0.40196287631988525,-2.2239694595336914,8.513435363769531,5.742442607879639
2327,170,170,30,418,170,30,53,4,-0.7907128930091858,-0.4336523413658142,-0.42491209506988525,0.5546565055847168,-3.196488618850708,-0.5018320083618164
2328,179,170,30,383,170,30,52,6,-0.7880273461341858,-0.4761328101158142,-0.39122068881988525,1.333282470703125,-4.097251892089844,-0.7613739967346191
2329,184,170,30,316,170,30,51,33,-0.5387597680091858,-0.3206152319908142,-0.34703123569488525,-8.575115203857422,-8.738472938537598,-15.784274101257324
2330,199,170,30,238,170,30,50,14,-0.7777734398841858,-0.5244726538658142,-0.36265623569488525,2.4630534648895264,-9.761374473571777,-2.364427328109741
2331,214,170,30,192,170,30,50,29,-0.6913476586341858,-0.1643652319908142,-0.26280272006988525,2.9974045753479004,-19.34916114807129,-6.929312705993652
2332,232,170,30,182,170,30,49,4,-0.7890039086341858,-0.4902929663658142,-0.34092772006988525,0.4783206284046173,-3.227022886276245,-0.4254961907863617
2333,252,170,30,187,170,30,49,27,-0.7941308617591858,-0.4209570288658142,-0.41148436069488525,2.4172520637512207,-14.906412124633789,-10.120152473449707
2334,196,170,30,137,170,30,48,70,-0.9088769555091858,-0.4595312476158142,-0.5518652200698853,-24.025495529174805,-28.00564956665039,-18.059083938598633
2335,65,170,30,62,170,30,52,87,-0.5751367211341858,-1.155576229095459,-0.19834960997104645,25.80656623840332,46.986717224121094,-15.127786636352539
2336,22,170,30,30,170,30,51,56,-0.4345117211341858,-0.7554296851158142,-0.39756834506988525,-14.269771575927734,-22.112520217895508,20.521068572998047
2337,6,170,30,17,170,30,49,18,-0.7445703148841858,-0.5022558569908142,-0.45396482944488525,-13.9491605758667,-1.7766411304473877,-2.944580078125
2338,1,170,30,12,170,30,48,10,-0.6784082055091858,-0.5825781226158142,-0.36460936069488525,-3.674351215362549,1.0630533695220947,6.230992317199707
2339,0,170,30,6,170,30,49,80,-0.6122460961341858,-0.5271582007408142,-0.37120115756988525,-3.628549575805664,65.03251647949219,11.391297340393066
2340,0,170,30,9,170,30,50,18,-0.7909570336341858,-0.4221777319908142,-0.5169531106948853,-0.5140458345413208,-8.249923706054688,9.299695014953613
2341,0,170,30,13,170,30,48,48,-0.7247949242591858,-0.5762304663658142,-0.43199217319488525,-10.590381622314453,-18.433130264282227,19.162288665771484
2342,0,170,30,15,170,30,46,46,-0.7543359398841858,-0.4883398413658142,-0.43663084506988525,-10.773588180541992,-9.440763473510742,25.940916061401367
2343,15,170,30,22,170,30,46,5,-0.7477441430091858,-0.5474218726158142,-0.33335936069488525,4.417252063751221,1.20045804977417,-0.1354198157787323
2344,35,170,30,47,170,30,45,38,-0.7489648461341858,-0.5327734351158142,-0.25987303256988525,11.165343284606934,-20.998016357421875,-5.998015403747559
2345,53,170,30,85,170,30,44,23,-0.7484765648841858,-0.4343847632408142,-0.46080076694488525,-1.827022910118103,-15.623969078063965,-6.0743513107299805
2346,61,170,30,108,170,30,44,7,-0.7684960961341858,-0.5300878882408142,-0.38169920444488525,5.363816738128662,-1.4560306072235107,-1.143053412437439
2347,61,170,30,119,170,30,45,14,-0.7597070336341858,-0.5090917944908142,-0.38584959506988525,7.7454962730407715,-6.295725345611572,-0.2270229160785675
2348,63,170,30,132,170,30,45,9,-0.7665429711341858,-0.5242285132408142,-0.33189451694488525,6.508854866027832,-2.372061014175415,0.49053436517715454
2349,69,170,30,144,170,30,46,36,-0.6810937523841858,-0.4214453101158142,-0.37144529819488525,21.409618377685547,6.91038179397583,7.971450328826904
2350,75,170,30,165,170,30,47,16,-0.7892480492591858,-0.5024999976158142,-0.38047850131988525,12.111907958984375,-2.830076217651367,1.9103816747665405
2351,80,170,30,169,170,30,48,22,-0.7311425805091858,-0.4065527319908142,-0.20103515684604645,0.6767939329147339,5.5363359451293945,16.307327270507812
2352,87,170,30,179,170,30,49,6,-0.8014550805091858,-0.5291113257408142,-0.33995115756988525,-4.544579982757568,0.9714503884315491,0.734809160232544
2353,87,170,30,197,170,30,49,14,-0.7748437523841858,-0.4951757788658142,-0.34849607944488525,-2.7125191688537598,1.444732904434204,10.017251968383789
2354,89,170,30,253,170,30,51,41,-0.8183007836341858,-0.4570898413658142,-0.32579100131988525,8.463053703308105,15.658473014831543,17.559236526489258
2356,95,170,30,328,170,30,53,21,-0.8095117211341858,-0.3394140601158142,-0.45860350131988525,-10.651451110839844,6.2538933753967285,4.261526584625244
2357,99,170,30,344,170,30,52,8,-0.8012109398841858,-0.4854101538658142,-0.33848631381988525,0.8905343413352966,-4.2499237060546875,-3.0972518920898438
2358,102,170,30,296,170,30,52,33,-0.7706933617591858,-0.5003027319908142,-0.25694334506988525,27.699695587158203,-1.8835115432739258,-4.1812214851379395
2359,104,170,30,206,170,30,53,18,-0.7716699242591858,-0.4924902319908142,-0.32481443881988525,16.875267028808594,-0.4178626239299774,-0.8529770374298096
2360,127,170,30,174,170,30,54,17,-0.8331933617591858,-0.4837011694908142,-0.37242186069488525,5.9592366218566895,-3.059083938598633,8.96381664276123
2361,147,170,30,177,170,30,54,11,-0.7912011742591858,-0.5051855444908142,-0.37461912631988525,-4.178167819976807,5.5363359451293945,1.589771032333374
2362,157,170,30,180,170,30,54,2,-0.7929101586341858,-0.4927343726158142,-0.31553709506988525,-1.1247328519821167,0.6050381064414978,0.9180152416229248
2363,163,170,30,171,170,30,54,5,-0.7909570336341858,-0.5037207007408142,-0.32432615756988525,-4.010229110717773,-0.9827481508255005,0.6126717329025269
2364,171,170,30,157,170,30,53,10,-0.7750878930091858,-0.4734472632408142,-0.35191404819488525,-9.674351692199707,0.46763354539871216,0.8416793942451477
2365,164,170,30,136,170,30,52,32,-1.144472599029541,-0.7293066382408142,-0.10728515684604645,-17.643815994262695,-5.4254961013793945,-9.662137031555176
2366,163,170,30,119,170,30,51,8,-0.7692285180091858,-0.4939550757408142,-0.28111326694488525,-0.3003053665161133,-5.150687217712402,-3.341526746749878
2367,171,170,30,108,170,30,51,15,-0.7789941430091858,-0.2305273413658142,-0.38536131381988525,0.03557252883911133,-10.051450729370117,5.879847526550293
2368,182,170,30,98,170,30,51,11,-0.7767968773841858,-0.5237402319908142,-0.30040037631988525,5.333282470703125,4.63557243347168,-2.0285496711730957
2369,169,170,30,94,170,30,51,30,-0.7797265648841858,-0.4580664038658142,-0.35142576694488525,-19.87282371520996,2.666106939315796,-8.150687217712402
2370,78,170,30,49,170,30,52,114,-1.007997989654541,-0.1360449194908142,-0.13829101622104645,3.409618377685547,25.689006805419922,-84.9903793334961
2371,26,170,30,20,170,30,53,103,-0.4625878930091858,-1.018369197845459,-0.22300781309604645,4.539389133453369,43.719539642333984,55.208091735839844
2372,8,170,30,9,170,30,51,43,-0.5910058617591858,-0.7354101538658142,-0.5264745950698853,-23.643815994262695,-8.875877380371094,11.208091735839844
2373,2,170,30,6,170,30,46,83,-0.5482812523841858,-0.6902441382408142,-0.33433592319488525,-46.88045883178711,-23.257558822631836,13.162290573120117
2374,0,170,30,6,170,30,44,46,-0.6063867211341858,-0.8320898413658142,-0.46299803256988525,15.363816261291504,-16.020915985107422,-15.539999961853027
2375,0,170,30,7,170,30,43,21,-0.8944726586341858,-0.3899511694908142,-0.26280272006988525,2.8752670288085938,9.643206596374512,8.85694694519043
2376,0,170,30,8,170,30,44,71,-0.5829492211341858,-0.6716894507408142,-0.42686522006988525,-23.338472366333008,9.689007759094238,38.047786712646484
2377,0,170,30,9,170,30,47,39,-0.6928125023841858,-0.5767187476158142,-0.49498045444488525,18.096641540527344,13.5058012008667,-8.349160194396973
2378,0,170,30,9,170,30,46,24,-0.7523828148841858,-0.4544042944908142,-0.46861326694488525,0.9516030550003052,-16.555267333984375,6.872213840484619
2379,0,170,30,10,170,30,47,17,-0.7055078148841858,-0.5618261694908142,-0.46836912631988525,8.401984214782715,6.895114421844482,-1.875877857208252
2380,0,170,30,11,170,30,46,58,-0.6911035180091858,-0.5584082007408142,-0.41563475131988525,-9.994961738586426,-1.3338931798934937,47.02488327026367
2381,22,170,30,39,170,30,46,92,-0.8031640648841858,-0.4832128882408142,-0.6898046731948853,-14.223969459533691,-55.822444915771484,-22.0438175201416
2382,62,170,30,130,170,30,43,67,-0.7955957055091858,-0.6868261694908142,-0.09166015684604645,4.692060947418213,-44.44839859008789,-18.34916114807129
2383,99,170,30,197,170,30,43,52,-0.8698144555091858,-0.4837011694908142,-0.5740820169448853,-10.071297645568848,-32.6316032409668,-9.952213287353516
2384,102,170,30,237,170,30,44,12,-0.7738671898841858,-0.5237402319908142,-0.33482420444488525,4.890534400939941,4.9256486892700195,2.6126718521118164
2385,102,170,30,260,170,30,46,8,-0.7807031273841858,-0.5017675757408142,-0.36900389194488525,2.264580249786377,2.8493130207061768,3.513435125350952
2386,102,170,30,266,170,30,46,41,-0.7721582055091858,-0.5254492163658142,-0.33555662631988525,29.089008331298828,-12.61633586883545,-0.16595420241355896
2387,107,170,30,250,170,30,47,34,-0.8732324242591858,-0.6152929663658142,-0.40806639194488525,18.06610679626465,-13.914045333862305,-2.08961820602417
2388,114,170,30,221,170,30,46,19,-0.8002343773841858,-0.5256933569908142,-0.28111326694488525,5.989770889282227,-9.471297264099121,4.307328224182129
2389,109,170,30,195,170,30,48,3,-0.7731347680091858,-0.5554785132408142,-0.29454100131988525,-0.11709922552108765,2.8493130207061768,-0.07435116171836853
2390,104,170,30,189,170,30,49,26,-0.7465234398841858,-0.2888769507408142,-0.20616210997104645,14.615724563598633,-1.8987786769866943,9.666107177734375
2391,103,170,30,196,170,30,50,14,-0.7897363305091858,-0.4978613257408142,-0.33677732944488525,4.9974045753479,-2.769007682800293,6.872213840484619
2392,111,170,30,187,170,30,50,4,-0.8038964867591858,-0.5315527319908142,-0.24864257872104645,-0.7430534362792969,-3.196488618850708,-0.6545038223266602
2393,116,170,30,174,170,30,50,15,-0.8053613305091858,-0.5466894507408142,-0.25840818881988525,5.776030540466309,-7.135419845581055,-2.2117557525634766
2394,121,170,30,184,170,30,52,25,-0.7907128930091858,-0.5208105444908142,-0.20884765684604645,16.951602935791016,-6.23465633392334,2.1088550090789795
2395,134,170,30,199,170,30,53,14,-0.8036523461341858,-0.4915136694908142,-0.26744139194488525,9.989770889282227,-0.4025954604148865,-3.830076217651367
2396,131,170,30,195,170,30,55,17,-0.8046289086341858,-0.6282324194908142,-0.37022459506988525,13.409618377685547,-1.623969554901123,2.5821373462677
2397,135,170,30,205,170,30,55,7,-0.8070703148841858,-0.5256933569908142,-0.31456053256988525,-5.170534133911133,2.4218320846557617,0.36839693784713745
2398,140,170,30,198,170,30,54,8,-0.7995019555091858,-0.5081152319908142,-0.31358397006988525,5.501221656799316,-2.4331297874450684,0.856946587562561
2399,153,170,30,172,170,30,53,6,-0.7599511742591858,-0.5183691382408142,-0.26573240756988525,-0.6209160089492798,-2.1125190258026123,-3.4941983222961426
2400,151,170,30,146,170,30,53,10,-0.7948632836341858,-0.5264257788658142,-0.23863281309604645,-2.4377098083496094,-4.097251892089844,-4.165954113006592
2401,150,170,30,121,170,30,52,15,-0.8764062523841858,-0.5823339819908142,-0.5057226419448853,-8.254504203796387,-1.8835115432739258,5.757709980010986
2403,150,170,30,103,170,30,52,32,-0.7589746117591858,-0.6013769507408142,-0.04820312559604645,-6.605648517608643,4.650839805603027,-21.234657287597656
2404,153,170,30,86,170,30,51,26,-0.7677636742591858,-0.4766210913658142,-0.22666992247104645,15.455419540405273,-9.517099380493164,-1.555267095565796
2405,166,170,30,74,170,30,51,16,-0.8527246117591858,-0.5840429663658142,-0.45005857944488525,1.9592366218566895,1.230992317199707,-13.188855171203613
2406,166,170,30,60,170,30,51,16,-0.7665429711341858,-0.5564550757408142,-0.29087889194488525,-9.598015785217285,4.9256486892700195,-1.5705342292785645
2407,115,170,30,39,170,30,51,45,-0.7504296898841858,-0.4136328101158142,-0.26988279819488525,-9.964427947998047,-31.578168869018555,-3.6010684967041016
2408,39,170,30,17,170,30,56,225,-0.7216210961341858,-0.5081152319908142,-0.42002928256988525,49.11954116821289,56.7424430847168,-119.14305114746094
2409,13,170,30,8,170,30,54,199,-0.7904687523841858,-0.3003515601158142,-0.34629881381988525,-72.33084106445312,16.605037689208984,110.97908020019531
2410,2,170,30,5,170,30,53,10,-0.8224511742591858,-0.3450292944908142,-0.36656248569488525,2.157710075378418,2.772977113723755,-5.555267333984375
2411,0,170,30,4,170,30,52,39,-0.5653710961341858,-0.6692480444908142,-0.5064550638198853,0.3103817105293274,20.543968200683594,-18.318626403808594
2412,0,170,30,3,170,30,50,14,-0.7743554711341858,-0.4912695288658142,-0.35997068881988525,-1.9949618577957153,-6.875877857208252,-5.341526508331299
2413,0,170,30,3,170,30,49,54,-0.6803613305091858,-0.5581640601158142,-0.46666014194488525,-18.865190505981445,5.460000038146973,29.864580154418945
2414,0,170,30,4,170,30,48,37,-0.7850976586341858,-0.4651464819908142,-0.45249998569488525,7.012671947479248,-17.898778915405273,12.307328224182129
2415,37,170,30,25,170,30,46,55,-0.6871972680091858,-0.6484960913658142,-0.03453125059604645,14.447786331176758,-31.82244300842285,-8.791908264160156
2416,88,170,30,97,170,30,43,71,-0.7313867211341858,-0.4089941382408142,-0.08189453184604645,-5.109465599060059,-49.822444915771484,-16.333894729614258
2417,122,170,30,180,170,30,42,19,-0.7540917992591858,-0.5166601538658142,-0.39122068881988525,-5.033129692077637,-11.914045333862305,-2.547633647918701
2418,133,170,30,238,170,30,42,14,-0.7672753930091858,-0.5418066382408142,-0.23960937559604645,9.653892517089844,-4.921679496765137,0.41419848799705505
2419,132,170,30,243,170,30,44,40,-0.7767968773841858,-0.5784277319908142,-0.30723631381988525,27.76076316833496,-7.104885578155518,5.147022724151611
2420,141,170,30,164,170,30,45,45,-0.7887597680091858,-0.4837011694908142,-0.17344726622104645,-16.407175064086914,10.421832084655762,18.582136154174805
2421,131,170,30,163,170,30,47,24,-0.8300195336341858,-0.5132421851158142,-0.28990232944488525,-20.84992218017578,-3.059083938598633,-1.066717505455017
2422,131,170,30,197,170,30,50,26,-0.8810449242591858,-0.6814550757408142,-0.18418945372104645,-6.3613739013671875,18.20808982849121,-2.120152711868286
2423,129,170,30,212,170,30,51,13,-0.8026757836341858,-0.3225683569908142,-0.38316404819488525,-3.1094655990600586,-0.2041221559047699,-10.303359031677246
2424,126,170,30,212,170,30,51,12,-0.7909570336341858,-0.5259374976158142,-0.24815429747104645,-4.300305366516113,4.482900619506836,-3.7842745780944824
2425,117,170,30,207,170,30,52,7,-0.7853417992591858,-0.5205664038658142,-0.35752928256988525,-0.40717554092407227,-4.051450252532959,-3.4636640548706055
2426,120,170,30,184,170,30,51,59,-0.6508203148841858,-0.6589941382408142,0.41664063930511475,-8.89572525024414,46.08595275878906,4.39893102645874
2427,117,170,30,190,170,30,54,23,-0.7750878930091858,-0.5188574194908142,-0.38096678256988525,15.073740005493164,-3.6392366886138916,5.2538933753967285
2428,130,170,30,184,170,30,54,23,-0.7777734398841858,-0.5615820288658142,-0.26011717319488525,13.21114444732666,-5.043816566467285,-5.417862415313721
2429,135,170,30,191,170,30,54,11,-0.7738671898841858,-0.4890722632408142,-0.42515623569488525,3.165343761444092,3.9638166427612305,4.20045804977417
2430,148,170,30,190,170,30,53,5,-0.7743554711341858,-0.5134863257408142,-0.35850584506988525,-3.4606103897094727,-0.1277862787246704,1.4218320846557617
2431,156,170,30,157,170,30,51,54,-0.8385644555091858,-0.4104589819908142,-0.5528417825698853,-0.1781679391860962,-30.356794357299805,-24.242290496826172
2432,167,170,30,147,170,30,51,24,-0.7396875023841858,-0.5691503882408142,-0.32627928256988525,-6.91099214553833,15.337862968444824,2.383664131164551
2433,197,170,30,176,170,30,51,25,-0.8114648461341858,-0.3482031226158142,-0.6998144388198853,2.447786331176758,-2.158320665359497,20.856945037841797
2434,210,170,30,204,170,30,52,10,-0.7477441430091858,-0.4324316382408142,-0.46592772006988525,1.7912976741790771,5.001984596252441,-3.5399999618530273
2435,143,170,30,128,170,30,50,64,-0.8522363305091858,-0.5957617163658142,-0.28648436069488525,18.356184005737305,-36.570533752441406,-9.936946868896484
2437,47,170,30,50,170,30,55,252,-0.6359277367591858,-0.7268652319908142,-0.35655272006988525,107.59282684326172,49.18518829345703,-95.41786193847656
2438,15,170,30,20,170,30,56,87,-0.4811425805091858,-0.7813085913658142,-0.39439451694488525,28.432519912719727,39.62793731689453,-19.631603240966797
2439,4,170,30,10,170,30,56,131,-0.5675683617591858,-0.7285742163658142,-0.19468750059604645,35.22641372680664,51.4141960144043,-44.97511672973633
2440,0,170,30,5,170,30,58,145,-0.3361230492591858,-0.7402929663658142,-0.22569335997104645,-39.93389129638672,96.94091796875,8.307328224182129
2441,0,170,30,14,170,30,58,284,-0.7001367211341858,-0.6709570288658142,-0.9720312356948853,-184.2086944580078,25.704273223876953,75.07068634033203
2442,0,170,30,16,170,30,34,248,-0.2006250023841858,-1.377988338470459,0.22791992127895355,3.1042747497558594,-80.89114379882812,164.26153564453125
2443,0,170,30,15,170,30,22,911,-0.4330468773841858,-0.7197851538658142,-1.1165624856948853,411.2264099121094,-274.28045654296875,226.2310028076172
2444,0,170,30,3,170,30,18,1172,0.3650488257408142,0.3651757836341858,-0.5672460794448853,171.0584716796875,-500.8148193359375,500.71954345703125
