timestamp,tipPressure,tipUpperRange,tipLowerRange,fingerPressure,fingerUpperRange,fingerLowerRange,angle,writtingSpeed,accX,accY,accZ,gyroX,gyroY,gyroZ
34086,0,170,30,32,170,30,42,47,-0.7321191430091858,-0.11504882574081421,-0.7093359231948853,28.646259307861328,-14.906412124633789,3.834045886993408
34087,0,170,30,39,170,30,42,85,-0.5949121117591858,-0.2693457007408142,-0.8951269388198853,36.27984619140625,-5.944580078125,-43.662139892578125
34088,0,170,30,68,170,30,41,42,-0.6893945336341858,-0.1353124976158142,-0.7276464700698853,-28.117097854614258,3.6126718521118164,10.38366413116455
34089,0,170,30,82,170,30,42,56,-0.6359277367591858,-0.1965917944908142,-0.8157812356948853,-45.41481018066406,7.414198398590088,3.2844274044036865
34090,0,170,30,55,170,30,42,42,-0.6788964867591858,-0.04424804821610451,-0.8384863138198853,4.9210686683654785,3.1088550090789795,-34.19649124145508
34091,0,170,30,28,170,30,41,29,-0.6256738305091858,-0.3215917944908142,-0.8699804544448853,24.234046936035156,0.39129769802093506,-4.66977071762085
34092,0,170,30,12,170,30,42,67,-0.6281152367591858,-0.2783789038658142,-0.8106542825698853,-34.88045883178711,16.330228805541992,16.169923782348633
34093,0,170,30,3,170,30,43,64,-0.5399804711341858,0.2238183617591858,-0.8311620950698853,-52.91099166870117,11.444732666015625,-0.639236569404602
34094,0,170,30,4,170,30,43,21,-0.6464257836341858,0.1727929711341858,-0.8462988138198853,-18.147632598876953,0.37603050470352173,2.551603078842163
34095,0,170,30,2,170,30,42,111,-0.5263085961341858,0.0006738267838954926,-0.9197851419448853,60.72259521484375,3.2920610904693604,-47.494197845458984
34096,0,170,30,5,170,30,40,23,-0.5304589867591858,0.0072656236588954926,-0.9420019388198853,17.48595428466797,-4.433129787445068,-2.0743510723114014
34097,0,170,30,7,170,30,39,246,-0.5082421898841858,0.2001367211341858,-0.8961035013198853,-171.33847045898438,14.92564868927002,60.03251647949219
34098,0,170,30,6,170,30,37,150,-0.5595117211341858,0.4730859398841858,-0.7947851419448853,-102.498779296875,-8.81480884552002,39.4828987121582
34099,0,170,30,5,170,30,35,16,-0.5150781273841858,0.4555078148841858,-0.7955175638198853,-14.514045715332031,0.5134350657463074,1.5592366456985474
34100,0,170,30,5,170,30,35,19,-0.5001855492591858,0.4545312523841858,-0.8226171731948853,-3.5369462966918945,3.979084014892578,11.6050386428833
34101,0,170,30,5,170,30,33,20,-0.5119042992591858,0.4806542992591858,-0.8167577981948853,1.7454962730407715,-1.1506869792938232,17.940916061401367
34102,0,170,30,3,170,30,34,105,-0.4533105492591858,0.3114648461341858,-0.9749609231948853,61.21114730834961,22.986717224121094,-21.50946617126465
34103,0,170,30,1,170,30,34,129,-0.4484277367591858,0.3012109398841858,-0.9422460794448853,94.2035140991211,13.154656410217285,-21.799543380737305
34105,0,170,30,4,170,30,32,5,-0.4784570336341858,0.2411523461341858,-0.9417577981948853,0.9363359212875366,1.1088550090789795,-3.524732828140259
34106,0,170,30,10,170,30,31,36,-0.4689355492591858,0.2399316430091858,-0.9422460794448853,-17.063663482666016,-7.715572357177734,11.238625526428223
34107,0,170,30,17,170,30,30,31,-0.4550195336341858,0.2540917992591858,-0.9290624856948853,-20.81938934326172,-5.0743513107299805,5.757709980010986
34108,0,170,30,22,170,30,29,35,-0.4867578148841858,0.3405175805091858,-0.9031835794448853,-17.078929901123047,-6.097251892089844,11.92564868927002
34109,0,170,30,24,170,30,28,9,-0.4691796898841858,0.2838769555091858,-0.9275976419448853,-5.949160099029541,0.6050381064414978,3.1164886951446533
34110,0,170,30,26,170,30,28,9,-0.4852929711341858,0.2987695336341858,-0.8956152200698853,-5.20106840133667,-1.0590839385986328,-2.8987786769866943
34111,0,170,30,28,170,30,28,44,-0.4574609398841858,0.3361230492591858,-0.8843847513198853,8.966870307922363,11.398931503295898,-24.22702407836914
34112,0,170,30,27,170,30,28,84,-0.4757714867591858,0.3078027367591858,-0.9339452981948853,44.72259521484375,13.18519115447998,-27.020917892456055
34113,0,170,30,25,170,30,29,199,-0.4418359398841858,0.1464257836341858,-0.9234472513198853,157.5775604248047,-0.5858015418052673,-41.570533752441406
34114,0,170,30,24,170,30,28,16,-0.4288964867591858,-0.11016601324081421,-0.9568945169448853,16.493587493896484,-0.1277862787246704,0.276793897151947
34115,0,170,30,21,170,30,28,33,-0.4291406273841858,-0.019345704466104507,-0.9444433450698853,-18.7125186920166,3.7195420265197754,10.67374038696289
34116,0,170,30,18,170,30,27,13,-0.3944726586341858,-0.0029882825911045074,-0.9903417825698853,-5.262137413024902,4.803511619567871,-3.692671775817871
34117,0,170,30,19,170,30,26,56,-0.4162011742591858,0.008486326783895493,-0.9517675638198853,-30.83465576171875,-5.685038089752197,20.017250061035156
34118,0,170,30,24,170,30,24,138,-0.4315820336341858,0.10296875238418579,-0.9825292825698853,-87.09420013427734,-20.921680450439453,30.383663177490234
34119,0,170,30,32,170,30,23,80,-0.4650292992591858,0.2389550805091858,-0.9263769388198853,-54.88045883178711,-10.769007682800293,14.38366413116455
34120,0,170,30,38,170,30,22,137,-0.4613671898841858,0.3546777367591858,-0.8787695169448853,-82.88045501708984,-26.631603240966797,28.21572494506836
34121,0,170,30,31,170,30,22,68,-0.4975000023841858,0.5394921898841858,-0.7942968606948853,-63.81175231933594,1.20045804977417,3.1012213230133057
34122,0,170,30,24,170,30,23,60,-0.4818750023841858,0.5324121117591858,-0.8011327981948853,-36.162899017333984,-10.173587799072266,14.38366413116455
34123,0,170,30,17,170,30,23,32,-0.4840722680091858,0.5558496117591858,-0.7686620950698853,-28.865190505981445,-0.3262595534324646,3.7882442474365234
34124,0,170,30,12,170,30,24,3,-0.4718652367591858,0.5736718773841858,-0.7789160013198853,-2.2239694595336914,-0.2041221559047699,-0.7919083833694458
34125,0,170,30,11,170,30,24,19,-0.4489160180091858,0.7230859398841858,-0.7024999856948853,-4.162900447845459,-4.494198322296143,10.414198875427246
34126,0,170,30,11,170,30,24,32,-0.4711328148841858,0.6068750023841858,-0.7696386575698853,21.516489028930664,2.34549617767334,-8.27282428741455
34127,0,170,30,9,170,30,25,29,-0.4867578148841858,0.4928613305091858,-0.8099218606948853,22.890535354614258,-1.5323665142059326,4.9638166427612305
34128,0,170,30,8,170,30,25,11,-0.4618554711341858,0.4557519555091858,-0.8782812356948853,3.165343761444092,0.4370992183685303,-8.013282775878906
34129,0,170,30,7,170,30,26,37,-0.5180078148841858,0.5148339867591858,-0.8226171731948853,18.26458168029785,8.681374549865723,-10.883511543273926
34130,0,170,30,7,170,30,26,9,-0.4706445336341858,0.4735742211341858,-0.8445898294448853,-3.3537402153015137,-2.3567938804626465,-4.08961820602417
34131,0,170,30,7,170,30,26,11,-0.4782128930091858,0.5216699242591858,-0.8409277200698853,3.394351005554199,-2.295725107192993,-6.120152473449707
34132,0,170,30,6,170,30,26,95,-0.4542871117591858,0.3410058617591858,-0.8841406106948853,69.77603149414062,-8.280458450317383,-16.99038314819336
34133,0,170,30,4,170,30,26,19,-0.5004296898841858,0.3419824242591858,-0.8782812356948853,-12.239236831665039,-0.8148092031478882,6.4294657707214355
34134,0,170,30,4,170,30,26,8,-0.5370507836341858,0.3207421898841858,-0.8895117044448853,5.058473587036133,-0.18885499238967896,-3.341526746749878
34135,0,170,30,3,170,30,26,93,-0.4989648461341858,0.3803125023841858,-0.9068456888198853,55.59282684326172,-16.341527938842773,-22.059083938598633
34136,0,170,30,3,170,30,25,60,-0.5224023461341858,0.1576562523841858,-0.8914648294448853,38.432518005371094,-9.303359031677246,-12.685038566589355
34137,0,170,30,7,170,30,25,32,-0.5690332055091858,0.1698632836341858,-0.8428808450698853,9.409618377685547,-16.051450729370117,-7.295725345611572
34138,0,170,30,11,170,30,26,30,-0.6056542992591858,0.1268945336341858,-0.8917089700698853,-25.353740692138672,-0.5094656944274902,5.070687294006348
34139,0,170,30,14,170,30,26,27,-0.6161523461341858,0.1657128930091858,-0.8433691263198853,9.409618377685547,-6.3567938804626465,-11.769007682800293
34140,0,170,30,18,170,30,26,47,-0.6171289086341858,0.05389648303389549,-0.8294531106948853,18.951602935791016,-20.020917892456055,-8.807175636291504
34141,0,170,30,22,170,30,27,43,-0.6854882836341858,0.11834961175918579,-0.7735449075698853,18.539390563964844,-17.898778915405273,6.6432061195373535
34142,0,170,30,31,170,30,28,18,-0.6442285180091858,0.03534179553389549,-0.7962499856948853,5.898168087005615,-9.318625450134277,-3.6010684967041016
34143,0,170,30,41,170,30,29,64,-0.7411523461341858,0.1591210961341858,-0.7596288919448853,-25.506412506103516,-21.15068817138672,17.421831130981445
34144,0,170,30,59,170,30,30,29,-0.7064843773841858,0.04999023303389549,-0.7481542825698853,12.356183052062988,-14.219388961791992,-3.1430532932281494
34145,0,170,30,78,170,30,31,19,-0.7604394555091858,0.1351953148841858,-0.7076269388198853,6.9210686683654785,-10.204122543334961,2.5363359451293945
34146,0,170,30,97,170,30,33,28,-0.7614160180091858,0.07635742425918579,-0.7098242044448853,5.8523664474487305,-13.883511543273926,8.704275131225586
34147,0,170,30,108,170,30,35,28,-0.7892480492591858,0.12079101800918579,-0.6915136575698853,20.417251586914062,2.238626003265381,-6.1812214851379395
34148,0,170,30,117,170,30,37,19,-0.7684960961341858,0.025576170533895493,-0.7449804544448853,11.134808540344238,-5.578167915344238,-2.730839729309082
34149,0,170,30,118,170,30,38,15,-0.7885156273841858,0.06756836175918579,-0.6856542825698853,8.478320121765137,2.5439693927764893,-4.410229206085205
34150,0,170,30,120,170,30,40,6,-0.7599511742591858,-0.0064062513411045074,-0.7454687356948853,-2.5751147270202637,-3.6392366886138916,0.7195420265197754
34151,0,170,30,117,170,30,41,2,-0.7789941430091858,0.07196289300918579,-0.7090917825698853,0.3867175579071045,1.6126718521118164,0.03251910209655762
34152,0,170,30,107,170,30,42,12,-0.7726464867591858,0.019228514283895493,-0.7029882669448853,-4.4682440757751465,-2.310992479324341,5.940916061401367
34153,0,170,30,98,170,30,43,3,-0.7660546898841858,0.08661133050918579,-0.7562109231948853,-0.9567939043045044,-0.769007682800293,1.4523664712905884
34154,0,170,30,95,170,30,44,11,-0.7838769555091858,0.06878906488418579,-0.7098242044448853,-2.727786064147949,-4.753740310668945,3.8951146602630615
34155,0,170,30,98,170,30,44,10,-0.7846093773841858,0.030458983033895493,-0.6812597513198853,-5.445343494415283,-3.303358793258667,1.8798474073410034
34156,0,170,30,99,170,30,45,8,-0.7802148461341858,0.07904297113418579,-0.7015234231948853,3.302748203277588,1.2920610904693604,3.4218320846557617
34157,0,170,30,101,170,30,45,8,-0.7670312523841858,0.07440429925918579,-0.6915136575698853,2.8447327613830566,-1.074351191520691,4.1393890380859375
34158,0,170,30,107,170,30,46,6,-0.7863183617591858,0.05682617053389549,-0.7054296731948853,-2.590381622314453,-3.8835113048553467,0.24625955522060394
34159,0,170,30,113,170,30,46,4,-0.7907128930091858,0.07513672113418579,-0.6920019388198853,4.295114517211914,0.13175570964813232,-0.36442747712135315
34160,0,170,30,119,170,30,46,3,-0.8007226586341858,0.07147461175918579,-0.6668554544448853,-2.269771099090576,-1.074351191520691,0.4447328448295593
34161,0,170,30,120,170,30,47,5,-0.7767968773841858,0.06244140490889549,-0.7012792825698853,-2.2545037269592285,-0.9369466304779053,2.1851909160614014
34162,0,170,30,118,170,30,47,9,-0.7841210961341858,0.04291015490889549,-0.7005468606948853,4.264580249786377,1.444732904434204,-3.9674806594848633
34163,0,170,30,115,170,30,47,2,-0.8053613305091858,0.08563476800918579,-0.6653906106948853,-0.3461068868637085,1.5821373462677002,-0.5934350490570068
34164,0,170,30,110,170,30,48,11,-0.7860742211341858,0.05121093615889549,-0.6822363138198853,-6.819389343261719,3.7806105613708496,-1.372061014175415
34165,0,170,30,94,170,30,48,17,-0.7753320336341858,0.023867186158895493,-0.6963964700698853,-3.445343494415283,5.5363359451293945,8.368396759033203
34166,0,170,30,75,170,30,49,31,-0.7594628930091858,0.09247070550918579,-0.7327734231948853,0.7683969736099243,16.803510665893555,14.276793479919434
34167,0,170,30,63,170,30,50,19,-0.7540917992591858,0.12396484613418579,-0.7388769388198853,-6.010229110717773,7.20045804977417,6.627938747406006
34168,0,170,30,51,170,30,49,18,-0.7579980492591858,0.1581445336341858,-0.6968847513198853,-6.605648517608643,8.482900619506836,3.6050381660461426
34169,0,170,30,41,170,30,49,16,-0.7025781273841858,0.12054687738418579,-0.7767187356948853,-10.300305366516113,-4.601068496704102,1.7119084596633911
34170,0,170,30,34,170,30,47,17,-0.7677636742591858,0.2018457055091858,-0.7095800638198853,0.7378625869750977,-6.555267333984375,-9.936946868896484
34171,0,170,30,44,170,30,46,89,-0.7782617211341858,0.11126953363418579,-0.7027441263198853,58.29511642456055,-7.486564636230469,-24.135419845581055
34172,0,170,30,90,170,30,45,63,-0.6854882836341858,-0.10479491949081421,-0.7227636575698853,31.54702377319336,-16.097251892089844,-15.67740535736084
34173,0,170,30,138,170,30,45,13,-0.7838769555091858,0.04510742053389549,-0.6966406106948853,6.127175807952881,7.017251968383789,0.5974045991897583
34174,0,170,30,162,170,30,46,10,-0.7921777367591858,0.04461913928389549,-0.7081152200698853,3.57755708694458,3.276793956756592,4.047786235809326
34175,0,170,30,174,170,30,46,21,-0.7650781273841858,-0.026914063841104507,-0.7691503763198853,-10.346107482910156,-9.868244171142578,-1.1583205461502075
34176,0,170,30,188,170,30,46,13,-0.8002343773841858,0.08050781488418579,-0.6441503763198853,2.798931360244751,-0.7537404894828796,-10.07435131072998
34177,0,170,30,195,170,30,47,13,-0.7724023461341858,0.024599608033895493,-0.7222753763198853,7.8523664474487305,3.6126718521118164,-2.486564874649048
34178,0,170,30,196,170,30,47,18,-0.7687402367591858,-0.0046972669661045074,-0.6915136575698853,5.577557563781738,8.116488456726074,-4.761373996734619
34180,0,170,30,190,170,30,47,3,-0.7760644555091858,0.0018945299088954926,-0.6893163919448853,-1.1399999856948853,-0.875877857208252,1.696641206741333
34183,0,170,30,173,170,30,47,11,-0.7687402367591858,0.0031152330338954926,-0.7073827981948853,7.0279388427734375,1.734809160232544,-2.623969316482544
34184,0,170,30,177,170,30,46,45,-0.6976953148841858,-0.1621679663658142,-0.7669531106948853,-1.2010687589645386,-29.944581985473633,14.337862968444824
34185,69,170,30,303,170,30,44,142,-0.8898339867591858,-0.07720702886581421,-0.7173925638198853,62.676795959472656,-8.23465633392334,-71.76900482177734
34186,231,170,30,545,170,30,43,14,-0.7897363305091858,-0.1726660132408142,-0.32115232944488525,11.974503517150879,-1.8682444095611572,-0.5934350490570068
34187,323,170,30,669,170,30,42,124,-1.146914005279541,-0.6267675757408142,-0.08897460997104645,-14.727787017822266,-44.46366500854492,-65.44839477539062
34188,254,170,30,647,170,30,44,58,-0.8153710961341858,-0.1270117163658142,-0.49522459506988525,-45.53694534301758,9.872213363647461,-3.020915985107422
34189,73,170,30,431,170,30,57,305,-0.6417871117591858,-0.4434179663658142,-0.7547460794448853,120.32565307617188,153.13938903808594,-32.22702407836914
34190,25,170,30,207,170,30,55,279,-0.4462304711341858,-0.12115234136581421,-0.8736425638198853,-58.14763259887695,-63.2575569152832,157.86459350585938
34191,9,170,30,110,170,30,46,121,-1.213808536529541,-0.5684179663658142,-0.40855467319488525,61.9439697265625,-2.0056488513946533,-57.81481170654297
34192,2,170,30,76,170,30,47,79,-0.7682519555091858,-0.6677832007408142,-0.9097753763198853,8.020305633544922,-1.410228967666626,-70.36442565917969
34193,0,170,30,49,170,30,43,55,-0.5490136742591858,0.3395410180091858,-0.42955076694488525,-20.941526412963867,-28.906414031982422,-5.585801601409912
34194,0,170,30,38,170,30,39,102,-0.7797265648841858,-0.4905371069908142,-0.5606542825698853,-35.93389129638672,-40.64686965942383,-26.394962310791016
34195,0,170,30,38,170,30,39,59,-0.9782128930091858,-0.0071386732161045074,-0.43614256381988525,-3.414809226989746,-20.57053565979004,-35.03618240356445
34196,0,170,30,56,170,30,43,177,-1.294374942779541,-1.721250057220459,-0.8504492044448853,-122.2392349243164,36.681373596191406,18.704273223876953
34197,0,170,30,99,170,30,45,71,-0.8036523461341858,-0.05425781384110451,-0.43760740756988525,15.56229019165039,14.849312782287598,-41.00564956665039
34198,0,170,30,161,170,30,45,20,-0.8768945336341858,-0.03130859509110451,-0.48155272006988525,-0.6361831426620483,-9.929312705993652,10.047786712646484
34199,0,170,30,238,170,30,46,26,-0.8192773461341858,-0.2478613257408142,-0.5167089700698853,8.417251586914062,-3.059083938598633,14.689007759094238
34200,0,170,30,323,170,30,46,68,-0.8488183617591858,-0.2063574194908142,-0.5782324075698853,-10.666717529296875,-23.34916114807129,34.30732727050781
34201,89,170,30,438,170,30,48,19,-0.8893457055091858,-0.1763281226158142,-0.28843748569488525,7.714962005615234,-5.685038089752197,-6.043816566467285
34202,195,170,30,558,170,30,47,17,-0.8815332055091858,-0.09209960699081421,-0.42637693881988525,-2.8651909828186035,6.009618282318115,8.627939224243164
34203,250,170,30,585,170,30,44,87,-0.9828515648841858,-0.2756933569908142,-0.6566015481948853,13.577556610107422,-42.08198547363281,-32.30335998535156
34204,144,170,30,473,170,30,49,92,-1.268496036529541,0.5026269555091858,-0.30235350131988525,6.5699238777160645,70.1012191772461,15.376030921936035
34205,40,170,30,254,170,30,64,285,-0.6549707055091858,-0.5469335913658142,-0.7242285013198853,91.18061065673828,157.5058135986328,36.68900680541992
34206,15,170,30,123,170,30,55,103,-0.7599511742591858,-0.1882910132408142,-0.5552831888198853,-1.4606107473373413,-74.75373840332031,-26.79191017150879
34207,5,170,30,71,170,30,48,80,-0.7689843773841858,-0.1843847632408142,-0.13560546934604645,12.447786331176758,-59.456031799316406,-8.425496101379395
34208,1,170,30,69,170,30,46,184,-1.133974552154541,-0.8521093726158142,-0.5320898294448853,-82.17816925048828,-21.837711334228516,80.44473266601562
34209,0,170,30,75,170,30,50,45,-0.8300195336341858,-0.2393164038658142,-0.7986913919448853,-1.3690077066421509,26.085952758789062,17.7119083404541
34210,0,170,30,107,170,30,52,23,-0.8253808617591858,-0.2581152319908142,-0.5176855325698853,0.03557252883911133,12.330228805541992,-10.730839729309082
34211,0,170,30,135,170,30,51,72,-0.8034082055091858,-0.2876562476158142,-0.6351171731948853,-20.483510971069336,-21.578168869018555,30.902748107910156
34212,67,170,30,230,170,30,50,32,-0.7680078148841858,-0.03960937634110451,-0.49375975131988525,-3.8575572967529297,-20.097251892089844,-8.07435131072998
34213,183,170,30,337,170,30,47,129,-1.051943302154541,-1.153378963470459,-0.08677734434604645,-4.1476335525512695,-69.18122100830078,-56.21175765991211
34214,213,170,30,343,170,30,49,63,-0.8683496117591858,-0.09551757574081421,-0.47349607944488525,-38.14763259887695,2.0401527881622314,-23.662137985229492
34215,74,170,30,228,170,30,56,363,-1.018496036529541,-0.1797460913658142,-0.006455078721046448,143.65390014648438,165.2310028076172,-54.13542175292969
34216,26,170,30,122,170,30,63,193,-0.3314843773841858,-1.200253963470459,-1.2554785013198853,27.058473587036133,-11.517099380493164,154.84169006347656
34217,9,170,30,67,170,30,55,57,-0.5079980492591858,-0.11724609136581421,-0.5184179544448853,-12.88045883178711,-2.234656572341919,-42.86824417114258
34218,2,170,30,44,170,30,54,238,-1.372255802154541,-0.5698828101158142,-0.43492186069488525,-83.23160552978516,17.6126708984375,138.0630645751953
34219,0,170,30,59,170,30,52,84,-0.7860742211341858,0.04583984240889549,-0.6819921731948853,-38.3003044128418,-15.013282775878906,30.87221336364746
34220,0,170,30,99,170,30,52,14,-0.6693750023841858,-0.5310644507408142,-0.6465917825698853,-7.552213191986084,5.76534366607666,1.269160270690918
34221,0,170,30,128,170,30,51,34,-0.7543359398841858,-0.3123144507408142,-0.6236425638198853,8.707327842712402,-12.677404403686523,13.360763549804688
34222,54,170,30,184,170,30,50,104,-1.081972599029541,-0.05669922009110451,-0.49986326694488525,-2.697251796722412,-40.158321380615234,-61.75374221801758
34223,115,170,30,278,170,30,47,51,-0.8036523461341858,-0.4309667944908142,-0.32408201694488525,-36.97206115722656,0.29969465732574463,-14.196488380432129
34224,41,170,30,199,170,30,58,423,-0.8891015648841858,-0.12481445074081421,-0.5235449075698853,157.88290405273438,194.33023071289062,-71.08198547363281
34225,14,170,30,113,170,30,57,271,-0.3832421898841858,-0.11700195074081421,-0.5772558450698853,-42.95679473876953,-51.837711334228516,176.41419982910156
34226,4,170,30,72,170,30,45,243,-1.494570255279541,-0.9136328101158142,-0.49717772006988525,-117.62854766845703,-40.12778854370117,85.89511108398438
34227,0,170,30,71,170,30,44,42,-0.6981835961341858,-0.1262792944908142,-0.8792577981948853,-34.39190673828125,4.299694538116455,4.154656410217285
34228,0,170,30,81,170,30,44,102,-0.6271386742591858,-0.6226171851158142,-0.7322851419448853,45.92870330810547,-29.62397003173828,27.055418014526367
34229,72,170,30,143,170,30,45,68,-0.9215722680091858,-0.6795019507408142,-0.41905272006988525,4.325648784637451,-32.89114761352539,-31.280458450317383
34230,153,170,30,247,170,30,43,33,-0.9337792992591858,-0.1985449194908142,-0.6858984231948853,-3.094198226928711,-17.02855110168457,-13.188855171203613
34231,62,170,30,180,170,30,50,227,-1.030703067779541,-0.10162109136581421,-0.37339842319488525,30.432519912719727,118.63557434082031,-78.91404724121094
34232,19,170,30,79,170,30,58,239,0.0025000013411045074,-1.340146541595459,-1.1480566263198853,28.70732879638672,47.07831954956055,163.72718811035156
34233,8,170,30,37,170,30,44,460,-0.8056054711341858,0.8463769555091858,-0.38658201694488525,-162.62091064453125,-74.1583251953125,-224.12014770507812
34234,2,170,30,25,170,30,47,314,-0.7714257836341858,-0.5837988257408142,-0.5569921731948853,147.8065643310547,-5.410229206085205,-161.28045654296875
34235,0,170,30,49,170,30,46,141,-0.2384667992591858,-0.4160742163658142,-0.6683202981948853,38.47832107543945,28.223358154296875,-74.65450286865234
34236,0,170,30,73,170,30,42,35,-0.8378320336341858,-0.1282324194908142,-0.5467382669448853,-2.269771099090576,-30.95221519470215,-1.9216792583465576
34237,0,170,30,93,170,30,43,46,-0.7142968773841858,-0.4170507788658142,-0.6089941263198853,-11.094199180603027,-16.12778663635254,18.979082107543945
34238,50,170,30,139,170,30,43,45,-0.8549218773841858,0.0065332017838954926,-0.5670019388198853,29.241680145263672,-9.150687217712402,7.528702259063721
34239,213,170,30,315,170,30,45,53,-0.6332421898841858,-0.1550878882408142,-0.15953125059604645,-4.62091588973999,-47.62397003173828,1.6203054189682007
34240,224,170,30,443,170,30,45,39,-0.9113183617591858,0.015322264283895493,-0.47349607944488525,-13.994961738586426,-17.761375427246094,-7.982748031616211
34241,72,170,30,296,170,30,57,354,-0.6017480492591858,-1.090878963470459,-0.5023046731948853,119.5470199584961,164.2691650390625,-70.715576171875
34242,27,170,30,143,170,30,49,241,-0.3534570336341858,-0.06817382574081421,-0.37608397006988525,-33.1858024597168,-134.9980010986328,73.5439682006836
34243,9,170,30,84,170,30,47,197,-0.7284570336341858,-0.1343359351158142,-0.7081152200698853,-11.216336250305176,48.04015350341797,-138.70030212402344
34244,2,170,30,64,170,30,48,99,-1.048769474029541,-0.2092871069908142,-0.5511327981948853,20.615726470947266,1.9943511486053467,-76.9903793334961
34245,0,170,30,62,170,30,49,41,-0.7675195336341858,-0.3237890601158142,-0.6192480325698853,-11.796488761901855,13.078320503234863,16.15465545654297
34246,26,170,30,73,170,30,48,34,-0.8742089867591858,0.1915917992591858,-0.9014745950698853,-3.170534133911133,6.8187785148620605,24.67374038696289
34247,110,170,30,156,170,30,48,33,-0.7719140648841858,-0.3504003882408142,-0.5413671731948853,-11.491145133972168,-1.6087024211883545,19.925647735595703
34248,162,170,30,232,170,30,47,59,-0.7992578148841858,-0.09039062261581421,-0.5355077981948853,-8.804122924804688,-34.875877380371094,-16.242290496826172
34249,51,170,30,138,170,30,56,475,-0.5609765648841858,-0.9148535132408142,-0.48838865756988525,164.49359130859375,157.35313415527344,-154.13540649414062
34250,18,170,30,62,170,30,51,291,-0.4740625023841858,0.1654687523841858,-0.42564451694488525,-59.79648971557617,-57.48656463623047,173.86459350585938
34252,6,170,30,32,170,30,46,44,-0.8461328148841858,-0.3208593726158142,-0.5486913919448853,-29.124732971191406,-7.6392364501953125,-7.555267333984375
34253,1,170,30,22,170,30,46,180,-0.8324609398841858,-0.7061132788658142,-0.49058592319488525,-51.30793762207031,-48.03618240356445,81.55923461914062
34254,12,170,30,33,170,30,45,38,-0.8485742211341858,-0.3325781226158142,-0.5020605325698853,32.875267028808594,5.597404479980469,-0.2880915701389313
34255,136,170,30,171,170,30,46,94,-0.8026757836341858,-0.2129492163658142,-0.6456152200698853,-63.888092041015625,6.879847526550293,24.03251838684082
34256,239,170,30,334,170,30,46,72,-0.8246484398841858,-0.2149023413658142,-0.34751951694488525,-59.048397064208984,-1.7919085025787354,11.528702735900879
34257,127,170,30,279,170,30,50,283,-1.171328067779541,0.2623925805091858,0.14613281190395355,67.36381530761719,121.97908020019531,-94.53236389160156
34258,39,170,30,131,170,30,59,114,-0.5956445336341858,-0.8958105444908142,-0.8641210794448853,50.78366470336914,45.62793731689453,18.49053382873535
34259,15,170,30,68,170,30,49,89,-0.5795312523841858,0.2313867211341858,-0.5765234231948853,35.88290023803711,-45.48656463623047,-7.677404403686523
34260,5,170,30,36,170,30,45,119,-0.6913476586341858,0.06268554925918579,-0.5823827981948853,-18.758319854736328,9.56687068939209,-90.91404724121094
34261,0,170,30,33,170,30,43,53,-0.9586816430091858,-0.7315039038658142,-0.7596288919448853,7.501221656799316,-27.54763412475586,-18.0438175201416
34262,0,170,30,40,170,30,45,57,-0.7162500023841858,-0.3313574194908142,-0.7059179544448853,-27.628549575805664,-15.07435131072998,14.582137107849121
34263,31,170,30,63,170,30,45,41,-0.8014550805091858,-0.3938574194908142,-0.5687109231948853,32.60045623779297,5.505801677703857,-3.1735877990722656
34264,164,170,30,248,170,30,45,89,-1.252871036529541,0.1483789086341858,-0.6785742044448853,-35.1705322265625,-29.700305938720703,-25.036184310913086
34265,178,170,30,351,170,30,45,70,-0.9391503930091858,-0.07671874761581421,-0.7371679544448853,-50.39190673828125,-10.127786636352539,-10.013282775878906
34266,57,170,30,172,170,30,58,189,-0.2731347680091858,-1.275937557220459,-0.7884374856948853,81.5470199584961,91.67373657226562,-16.41023063659668
34267,22,170,30,76,170,30,48,50,-0.7833886742591858,0.4044824242591858,-0.27403318881988525,-8.575115203857422,-12.097251892089844,29.788244247436523
34268,7,170,30,41,170,30,44,133,-1.010683536529541,0.5839257836341858,-0.6048437356948853,-15.033129692077637,50.101219177246094,-68.74610900878906
34269,1,170,30,24,170,30,45,30,-0.5180078148841858,-0.5515722632408142,-0.8956152200698853,-12.6056489944458,-6.081984519958496,12.18519115447998
34270,5,170,30,31,170,30,42,64,-0.8737207055091858,-0.1741308569908142,-0.46128904819488525,-18.743053436279297,-24.463665008544922,20.841678619384766
34271,95,170,30,133,170,30,44,76,-0.6503320336341858,-0.1309179663658142,-0.5447851419448853,-30.77358627319336,-1.0590839385986328,44.64320373535156
34272,247,170,30,369,170,30,44,39,-0.9772363305091858,-0.3245214819908142,-0.49083006381988525,-24.346105575561523,-3.08961820602417,11.742443084716797
34273,224,170,30,442,170,30,44,13,-0.7999902367591858,-0.2124609351158142,-0.5528417825698853,-7.567480564117432,-0.2041221559047699,-5.79954195022583
34274,64,170,30,199,170,30,58,275,-0.4054589867591858,-1.322812557220459,-1.0254980325698853,103.47068786621094,118.46763610839844,54.03251647949219
34275,25,170,30,77,170,30,49,264,-0.2489648461341858,-0.2295507788658142,-0.46373045444488525,-139.4758758544922,-57.99038314819336,67.19282531738281
34276,10,170,30,31,170,30,41,315,-0.9237695336341858,-0.2214941382408142,-0.40147459506988525,75.39434814453125,-83.73084259033203,-156.01327514648438
34277,2,170,30,23,170,30,39,45,-0.8417382836341858,-0.7412695288658142,-0.17637695372104645,-0.3308396339416504,-2.4941985607147217,42.444732666015625
34278,0,170,30,71,170,30,44,123,-0.7094140648841858,-0.8142675757408142,-0.7369238138198853,-74.19343566894531,-6.769007682800293,42.23099136352539
34279,0,170,30,85,170,30,48,60,-0.6723046898841858,-0.3352636694908142,-0.7266699075698853,-31.62854766845703,23.6126708984375,4.948549747467041
34280,0,170,30,101,170,30,45,111,-0.7914453148841858,-0.1709570288658142,-0.6646581888198853,-48.498779296875,-27.700305938720703,35.40656280517578
34281,9,170,30,145,170,30,45,45,-0.8129296898841858,-0.1462988257408142,-0.7208105325698853,-25.720151901245117,12.406564712524414,7.391297817230225
34282,67,170,30,190,170,30,45,55,-0.8317285180091858,0.2269921898841858,-0.7806249856948853,-23.445343017578125,-5.3186259269714355,-26.80717658996582
34283,104,170,30,226,170,30,45,42,-0.6388574242591858,-0.4277929663658142,-0.6082617044448853,-9.460611343383789,-8.585801124572754,-24.2880916595459
34284,131,170,30,283,170,30,45,46,-0.5890527367591858,-0.3530859351158142,-0.6136327981948853,-21.078929901123047,-13.318625450134277,-11.860610961914062
34285,138,170,30,305,170,30,45,39,-0.8114648461341858,-0.2266210913658142,-0.7671972513198853,-30.57511329650879,1.627938985824585,7.009618282318115
34286,143,170,30,305,170,30,46,24,-0.6964746117591858,-0.1995214819908142,-0.5660253763198853,5.348549842834473,9.124122619628906,9.589771270751953
34287,153,170,30,240,170,30,46,27,-0.8676171898841858,-0.08672851324081421,-0.5941015481948853,-1.4911450147628784,16.437097549438477,9.772976875305176
34288,77,170,30,132,170,30,48,120,-0.8842187523841858,-0.07305663824081421,-0.39830076694488525,-18.62091636657715,63.780609130859375,-38.48656463623047
34289,24,170,30,48,170,30,54,95,-0.6085839867591858,-0.2659277319908142,-0.8135839700698853,19.776031494140625,64.89511108398438,-11.280458450317383
34290,8,170,30,12,170,30,54,140,-0.4967675805091858,-0.2671484351158142,-0.8931738138198853,-64.60565185546875,42.71190643310547,33.00961685180664
34291,3,170,30,1,170,30,49,113,-0.6122460961341858,-0.03643554821610451,-0.8104101419448853,-103.75068664550781,-3.4560306072235107,6.368396759033203
34292,1,170,30,0,170,30,46,101,-0.5849023461341858,0.1517968773841858,-0.8726660013198853,40.8141975402832,-39.95984649658203,20.521068572998047
34293,0,170,30,5,170,30,42,61,-0.6554589867591858,0.11957031488418579,-0.8040624856948853,-22.681983947753906,-19.22702407836914,19.7119083404541
34294,0,170,30,29,170,30,38,139,-0.5421777367591858,-0.08404296636581421,-0.6180273294448853,-128.88046264648438,-0.34152674674987793,10.750076293945312
34295,0,170,30,90,170,30,39,190,-0.8754296898841858,0.1796289086341858,-0.9498144388198853,173.4096221923828,-1.8529770374298096,-14.761374473571777
34296,0,170,30,169,170,30,38,22,-0.7247949242591858,-0.1875585913658142,-0.9246679544448853,3.302748203277588,-17.059083938598633,2.5058016777038574
34297,0,170,30,245,170,30,36,22,-0.7238183617591858,-0.05621093884110451,-0.7332617044448853,2.8905344009399414,-18.57053565979004,-1.0514503717422485
34298,0,170,30,286,170,30,36,186,-0.6090722680091858,-0.3030371069908142,-0.7989355325698853,-83.93389129638672,-52.08198547363281,50.67374038696289
34299,33,170,30,305,170,30,34,14,-1.021669864654541,0.2477441430091858,-0.6231542825698853,-0.3766411542892456,8.864580154418945,-5.753740310668945
34300,130,170,30,337,170,30,37,69,-0.2875390648841858,0.4110742211341858,-0.6116796731948853,-36.75831985473633,10.864580154418945,21.666105270385742
34301,231,170,30,390,170,30,38,7,-0.7287011742591858,-0.8482031226158142,-0.6216894388198853,-5.155267238616943,-1.3186259269714355,-1.2346564531326294
34302,250,170,30,424,170,30,37,40,-0.5316796898841858,-0.5549902319908142,-0.5372167825698853,25.76076316833496,-1.2575572729110718,-13.555267333984375
34303,244,170,30,469,170,30,37,44,-0.7824121117591858,0.2067285180091858,-0.41392576694488525,31.302749633789062,-9.547633171081543,3.879847288131714
34304,260,170,30,514,170,30,38,89,-0.6779199242591858,0.3793359398841858,-0.44053709506988525,19.455419540405273,13.490534782409668,56.3683967590332
34305,277,170,30,507,170,30,39,32,-0.6278710961341858,-0.09356445074081421,-0.5452734231948853,15.440152168273926,9.76534366607666,-7.372061252593994
34306,126,170,30,397,170,30,44,123,-0.9276757836341858,0.2404199242591858,-0.6192480325698853,-6.6819844245910645,106.11648559570312,-10.486564636230469
34307,37,170,30,201,170,30,53,341,-0.6242089867591858,-0.2586035132408142,-1.0418554544448853,248.55465698242188,54.19282531738281,-38.91404724121094
34308,14,170,30,80,170,30,41,522,-0.4874902367591858,-0.3250097632408142,-0.6761327981948853,-198.97206115722656,-103.715576171875,220.0783233642578
34309,4,170,30,37,170,30,39,177,-0.6913476586341858,-0.2224707007408142,-0.49180662631988525,-35.41481018066406,32.345497131347656,-109.44839477539062
34310,0,170,30,53,170,30,40,173,-0.5556054711341858,0.7992578148841858,-0.23155273497104645,96.86000061035156,47.27679443359375,29.345495223999023
34311,0,170,30,105,170,30,38,14,-0.8510156273841858,-0.11236327886581421,-0.5372167825698853,7.65389347076416,-3.059083938598633,-4.242290019989014
34312,3,170,30,182,170,30,39,73,-1.435488224029541,0.2345605492591858,0.023085936903953552,-18.086565017700195,30.864580154418945,24.93328094482422
34314,72,170,30,258,170,30,41,44,-0.9166894555091858,-0.04864257946610451,-0.6707617044448853,-28.559846878051758,-1.1201527118682861,-14.730839729309082
34315,139,170,30,319,170,30,42,54,-0.8070703148841858,-0.11822265386581421,-0.7300878763198853,11.714961051940918,-16.78427505493164,-25.70793914794922
34316,183,170,30,399,170,30,42,20,-0.8585839867591858,-0.4121679663658142,-0.41026365756988525,-11.262137413024902,5.1088547706604,4.124122142791748
34317,208,170,30,480,170,30,43,37,-0.7699609398841858,0.10565429925918579,-1.0130468606948853,20.70732879638672,5.032519340515137,12.001984596252441
34318,192,170,30,483,170,30,46,75,-0.8253808617591858,0.04291015490889549,-0.8148046731948853,-49.567481994628906,16.238624572753906,-9.356793403625488
34319,59,170,30,343,170,30,57,205,-0.8058496117591858,-0.2942480444908142,-0.5738378763198853,36.615726470947266,156.22335815429688,-12.669771194458008
34320,22,170,30,165,170,30,57,251,-0.2191796898841858,-0.7520117163658142,-1.0191503763198853,81.47068786621094,-59.60870361328125,110.32259368896484
34321,8,170,30,72,170,30,45,116,-0.9389062523841858,0.4330468773841858,-0.6636816263198853,-8.346107482910156,8.940916061401367,-99.1583251953125
34322,2,170,30,55,170,30,45,80,-0.8092675805091858,-0.07452148199081421,-0.6053320169448853,-6.0560302734375,-19.333894729614258,55.284427642822266
34323,0,170,30,111,170,30,44,92,-0.5570703148841858,-0.4707617163658142,-0.7857519388198853,22.081375122070312,-38.234657287597656,31.895112991333008
34324,0,170,30,167,170,30,45,84,-0.8126855492591858,-0.1951269507408142,-0.5355077981948853,15.043206214904785,50.879844665527344,-18.837711334228516
34325,0,170,30,117,170,30,50,136,-0.5914941430091858,-0.3796972632408142,-0.8816992044448853,-34.559844970703125,51.383663177490234,-51.03618240356445
34326,0,170,30,77,170,30,48,49,-0.9879785180091858,0.6083398461341858,-0.5916601419448853,36.31038284301758,11.230992317199707,-2.364427328109741
34327,0,170,30,66,170,30,43,116,-0.9254785180091858,0.1420312523841858,-0.6224218606948853,-33.109466552734375,-51.57816696166992,32.07831954956055
34328,0,170,30,73,170,30,43,64,-0.6859765648841858,-0.3198828101158142,-0.6426855325698853,-9.338473320007324,-25.975114822387695,28.765342712402344
34329,79,170,30,123,170,30,44,12,-0.7072167992591858,-0.1868261694908142,-0.5962988138198853,-8.223969459533691,2.879847288131714,1.1775572299957275
34330,130,170,30,177,170,30,44,71,-0.8034082055091858,-0.09649413824081421,-0.6785742044448853,5.791297912597656,-17.135419845581055,-48.74610900878906
34331,151,170,30,255,170,30,43,55,-0.7745996117591858,-0.3003515601158142,-0.6758886575698853,-10.941527366638184,-23.898778915405273,-20.181222915649414
34332,160,170,30,336,170,30,43,47,-0.7929101586341858,-0.09502929449081421,-0.6541601419448853,36.64625930786133,-10.097251892089844,0.5363358855247498
34333,181,170,30,357,170,30,44,101,-0.4725976586341858,0.2321191430091858,-0.6634374856948853,22.20351219177246,34.4828987121582,44.64320373535156
34334,143,170,30,293,170,30,46,51,-0.8024316430091858,-0.08208984136581421,-0.6956640481948853,-22.07129669189453,-4.417862892150879,-24.80717658996582
34335,43,170,30,183,170,30,54,298,-0.6388574242591858,-0.4722265601158142,-0.8531347513198853,187.7913055419922,80.3149642944336,-30.7308406829834
34336,16,170,30,85,170,30,47,243,-0.5980859398841858,-0.10601562261581421,-0.7545019388198853,7.058473587036133,-88.93695068359375,147.1317596435547
34337,4,170,30,55,170,30,41,119,-0.6649804711341858,-0.2769140601158142,-0.30284178256988525,-70.46824645996094,21.063053131103516,27.940916061401367
34338,0,170,30,81,170,30,42,46,-0.7267480492591858,-0.04278320446610451,-0.5513769388198853,-25.567480087280273,2.2080917358398438,19.024885177612305
34339,0,170,30,102,170,30,43,96,-0.5849023461341858,-0.6040624976158142,-0.7977148294448853,-22.2697696685791,-27.104887008666992,47.43709945678711
34340,83,170,30,150,170,30,44,29,-0.7545800805091858,-0.3447851538658142,-0.6077734231948853,-20.544580459594727,4.009618282318115,-4.6392364501953125
34341,116,170,30,200,170,30,43,87,-0.7709375023841858,-0.3745703101158142,-0.5755468606948853,-16.147632598876953,-32.84534454345703,-38.10488510131836
34342,140,170,30,292,170,30,43,30,-0.8949609398841858,-0.06109375134110451,-0.7249609231948853,7.073740482330322,-8.585801124572754,-14.45603084564209
34343,176,170,30,379,170,30,45,44,-0.5119042992591858,0.2308984398841858,-0.6407324075698853,14.82946491241455,13.169923782348633,16.29206085205078
34344,184,170,30,392,170,30,47,63,-1.013124942779541,-0.06109375134110451,-1.0496679544448853,-27.139999389648438,24.085952758789062,11.92564868927002
34345,103,170,30,342,170,30,52,160,-1.036074161529541,0.1583886742591858,-0.44224607944488525,10.569923400878906,105.94854736328125,-44.30335998535156
34346,36,170,30,195,170,30,59,216,-0.4496484398841858,-1.033261775970459,-0.9844824075698853,74.69206237792969,68.5439682006836,73.37602996826172
34347,13,170,30,79,170,30,53,273,-0.3051171898841858,-0.11553710699081421,-0.9261327981948853,-154.5140380859375,-53.16595458984375,65.40656280517578
34348,4,170,30,33,170,30,40,248,-0.8646875023841858,0.2023339867591858,-0.012070313096046448,52.997406005859375,-14.341526985168457,-181.3109893798828
34349,0,170,30,36,170,30,40,38,-0.9630761742591858,-0.2415136694908142,-0.5316015481948853,-24.697250366210938,-1.944580078125,12.307328224182129
34350,0,170,30,54,170,30,40,49,-0.6447167992591858,-0.6148046851158142,-0.5718847513198853,-11.07893180847168,-28.616336822509766,9.772976875305176
34351,0,170,30,73,170,30,42,176,-0.9245019555091858,-0.3438085913658142,-0.5840917825698853,-69.00259399414062,26.13175392150879,81.11648559570312
34352,0,170,30,104,170,30,43,116,-0.6610742211341858,-0.3613867163658142,-0.8030859231948853,-36.84992218017578,-18.982749938964844,61.02488327026367
34353,12,170,30,166,170,30,43,41,-0.9347558617591858,-0.1770605444908142,-0.7357031106948853,7.256946563720703,8.574503898620605,25.58976936340332
34354,127,170,30,273,170,30,41,95,-0.7807031273841858,-0.6477636694908142,-0.7657324075698853,-6.91099214553833,-35.837711334228516,-53.097251892089844
34355,111,170,30,307,170,30,42,75,-0.8703027367591858,-0.5234960913658142,-0.27427732944488525,14.356183052062988,37.337860107421875,23.498167037963867
34356,34,170,30,194,170,30,47,19,-0.6703515648841858,-0.3357519507408142,-0.7325292825698853,-0.2697709798812866,19.017250061035156,0.6737404465675354
34357,11,170,30,136,170,30,45,88,-0.7614160180091858,-0.2861914038658142,-0.6314550638198853,-23.09419822692871,-40.92168045043945,24.03251838684082
34358,89,170,30,207,170,30,45,57,-0.8629785180091858,-0.2344335913658142,-0.7527929544448853,-20.63618278503418,-16.601070404052734,20.42946434020996
34359,184,170,30,365,170,30,45,21,-0.7279687523841858,-0.2127050757408142,-0.40342772006988525,-14.544580459594727,-6.830076217651367,-0.24229004979133606
34360,70,170,30,288,170,30,54,348,-0.8226953148841858,-0.09917968511581421,-0.5215917825698853,137.33328247070312,154.3913116455078,-57.00564956665039
34361,24,170,30,131,170,30,54,235,-0.5172753930091858,-0.6209082007408142,-1.0047460794448853,-14.681984901428223,-76.8758773803711,143.4981689453125
34362,10,170,30,69,170,30,45,179,-0.9320703148841858,-0.3066992163658142,-0.27891600131988525,-55.430076599121094,-65.83770751953125,-57.952213287353516
34363,2,170,30,50,170,30,46,91,-0.8869042992591858,-0.6336035132408142,-0.48106443881988525,7.837099552154541,-26.478931427001953,56.780609130859375
34364,21,170,30,84,170,30,46,80,-0.8576074242591858,-0.1636328101158142,-0.5713964700698853,42.936336517333984,-13.45603084564209,24.521068572998047
34365,162,170,30,233,170,30,40,176,-0.4672265648841858,-0.10040038824081421,-1.2105566263198853,-8.514045715332031,-93.22702026367188,-75.14305114746094
34366,68,170,30,236,170,30,47,209,-0.7274804711341858,-0.4775976538658142,-0.5128027200698853,54.1424446105957,113.73480987548828,-41.12778854370117
34367,22,170,30,156,170,30,48,107,-0.8395410180091858,-0.1814550757408142,-0.6624609231948853,-52.43770980834961,-23.104887008666992,32.124122619628906
34368,50,170,30,183,170,30,47,19,-0.9081445336341858,-0.3045019507408142,-0.6097265481948853,-12.483511924743652,6.8187785148620605,0.3531297743320465
34369,170,170,30,395,170,30,47,50,-0.8786035180091858,-0.11065429449081421,-0.41490232944488525,-13.521679878234863,-35.53236770629883,-0.9751144647598267
34370,56,170,30,327,170,30,61,716,-0.3639550805091858,-0.3618749976158142,-0.6666113138198853,260.9057922363281,237.71954345703125,-217.43312072753906
34371,23,170,30,150,170,30,53,331,-0.7865625023841858,0.09857422113418579,-0.5128027200698853,-69.96442413330078,-106.58580017089844,155.1317596435547
34372,9,170,30,77,170,30,45,254,-1.323427677154541,-0.9097265601158142,-1.0145117044448853,-161.13999938964844,-55.19649124145508,37.78824234008789
34373,2,170,30,63,170,30,44,89,-0.9489160180091858,-0.2217382788658142,-0.6031347513198853,-40.0560302734375,10.803511619567871,38.398929595947266
34374,0,170,30,74,170,30,45,54,-0.6911035180091858,-0.3833593726158142,-0.7642675638198853,24.12717628479004,-12.372060775756836,17.681373596191406
34375,113,170,30,184,170,30,43,107,-0.6942773461341858,-0.2927832007408142,-0.42881834506988525,11.073740005493164,-50.76900863647461,-45.158321380615234
34376,110,170,30,281,170,30,44,114,-0.9086328148841858,-0.09405273199081421,-0.18370117247104645,8.447786331176758,76.86457824707031,-28.79191017150879
34377,36,170,30,176,170,30,46,127,-0.8407617211341858,-0.12066406011581421,-0.5794531106948853,-68.83465576171875,-18.00564956665039,40.765342712402344
34378,45,170,30,147,170,30,47,14,-0.7985253930091858,0.030458983033895493,-0.7442480325698853,4.111908435821533,5.5363359451293945,5.085954189300537
34379,149,170,30,320,170,30,46,110,-0.5861230492591858,-0.11504882574081421,-0.48448240756988525,-17.170534133911133,-46.05145263671875,-47.24992370605469
34380,51,170,30,330,170,30,58,539,-0.6923242211341858,-0.2651953101158142,-0.47715818881988525,184.2951202392578,240.66610717773438,-114.7613754272461
34382,18,170,30,152,170,30,54,365,-0.4811425805091858,0.2328515648841858,-0.7369238138198853,-146.6514434814453,-110.5705337524414,108.169921875
34383,6,170,30,86,170,30,47,238,-0.1723046898841858,-0.4031347632408142,-1.2210546731948853,-126.91099548339844,-99.74610900878906,11.711908340454102
34384,1,170,30,47,170,30,42,108,-0.6757226586341858,-0.1253027319908142,-0.8113867044448853,50.20351028442383,-51.54763412475586,-7.188854694366455
34385,0,170,30,49,170,30,39,81,-0.7355371117591858,-0.1741308569908142,-0.6590429544448853,-7.185801029205322,-49.5171012878418,24.765342712402344
34386,59,170,30,143,170,30,43,130,-0.8100000023841858,0.11639648675918579,-0.7049413919448853,-69.44534301757812,12.772976875305176,48.68900680541992
34387,126,170,30,345,170,30,42,90,-0.8510156273841858,0.3436914086341858,-0.6280370950698853,-47.24686813354492,-10.448396682739258,-32.425498962402344
34388,51,170,30,350,170,30,48,129,-0.7562890648841858,0.03607421740889549,-0.6060644388198853,22.646259307861328,94.3149642944336,12.902748107910156
34389,17,170,30,200,170,30,47,93,-0.7509179711341858,0.0075097642838954926,-0.8045507669448853,-27.903358459472656,-49.730838775634766,16.001983642578125
34390,49,170,30,247,170,30,45,33,-0.7816796898841858,0.09247070550918579,-0.5696874856948853,-6.529312610626221,-15.868244171142578,11.009618759155273
34391,81,170,30,389,170,30,45,59,-1.023378849029541,0.1644921898841858,-0.41832029819488525,-13.704885482788086,-12.112519264221191,-33.78427505493164
34392,20,170,30,215,170,30,71,390,0.1338476538658142,-1.493955135345459,-1.5909277200698853,124.00503540039062,224.48291015625,-41.84534454345703
34393,9,170,30,87,170,30,45,575,-0.07342773675918579,-0.4102148413658142,-0.6934667825698853,-41.21633529663086,-338.3262634277344,195.74244689941406
34394,3,170,30,36,170,30,37,242,-0.2894921898841858,-0.9487890601158142,-1.0953222513198853,-73.47587585449219,-106.18885803222656,62.459999084472656
34395,13,170,30,20,170,30,30,111,-1.418398380279541,-1.100888729095459,-0.6465917825698853,-30.83465576171875,-50.1888542175293,30.124120712280273
34396,20,170,30,36,170,30,35,60,-0.7174707055091858,-0.0032324232161045074,-0.7198339700698853,-29.99496078491211,10.131755828857422,20.81114387512207
34397,109,170,30,146,170,30,35,98,-0.7633691430091858,-0.4517187476158142,-0.26329100131988525,-24.162900924682617,-23.42549705505371,-51.219390869140625
34398,44,170,30,184,170,30,41,159,-0.7780175805091858,-0.4634374976158142,-0.5235449075698853,28.463054656982422,95.50579833984375,-36.013282775878906
34399,13,170,30,95,170,30,45,103,-0.6080957055091858,-0.3433203101158142,-0.8958593606948853,-36.42244338989258,-32.875877380371094,33.84931182861328
34400,36,170,30,83,170,30,41,34,-1.026064395904541,0.08685547113418579,-0.5167089700698853,28.38671875,0.849312961101532,-5.585801601409912
34401,122,170,30,223,170,30,40,66,-0.8915429711341858,0.2145410180091858,-0.8108984231948853,20.860000610351562,-25.654504776000977,-20.074352264404297
34402,60,170,30,218,170,30,45,185,-0.9533105492591858,0.09637695550918579,-0.39317381381988525,59.9439697265625,89.96381378173828,-35.173587799072266
34403,19,170,30,102,170,30,51,86,-0.6159082055091858,-0.4224218726158142,-0.8477636575698853,24.18824577331543,40.65083694458008,22.001983642578125
34404,7,170,30,44,170,30,45,266,-0.8209863305091858,0.11395508050918579,-0.45738279819488525,-82.34610748291016,-74.26519012451172,109.86457824707031
34405,1,170,30,26,170,30,45,132,-0.5448632836341858,-0.09429687261581421,-0.5145117044448853,8.844732284545898,-0.570534348487854,-123.35679626464844
34406,0,170,30,35,170,30,43,116,-0.8292871117591858,-1.270810604095459,-1.3484960794448853,-24.346105575561523,-66.70793914794922,25.162288665771484
34407,0,170,30,68,170,30,43,19,-0.7745996117591858,-0.1694921851158142,-0.7679296731948853,1.0737404823303223,-7.456030368804932,10.811144828796387
34408,0,170,30,106,170,30,42,24,-0.7970605492591858,-0.1941503882408142,-0.6580663919448853,-6.529312610626221,-14.906412124633789,2.5821373462677
34409,9,170,30,140,170,30,43,22,-0.8649316430091858,0.014101561158895493,-0.6229101419448853,9.974503517150879,2.3149619102478027,9.772976875305176
34410,86,170,30,235,170,30,44,47,-0.6723046898841858,-0.3777441382408142,-0.49620115756988525,-29.262136459350586,-13.440763473510742,-5.265190601348877
34411,138,170,30,369,170,30,44,33,-0.8056054711341858,-0.1572851538658142,-0.6045995950698853,-24.361373901367188,-1.074351191520691,8.276793479919434
34412,66,170,30,370,170,30,46,107,-0.8729882836341858,-0.03423828259110451,-0.5362402200698853,40.8141975402832,22.696640014648438,-44.0743522644043
34413,20,170,30,294,170,30,51,175,-0.8832421898841858,-0.2446874976158142,-0.49327147006988525,118.31037902832031,55.73480987548828,1.284427523612976
34414,6,170,30,192,170,30,54,133,-0.3778710961341858,-1.221982479095459,-1.0645605325698853,30.14244270324707,-14.402595520019531,89.22335815429688
34415,1,170,30,114,170,30,49,85,-0.5712304711341858,0.5878320336341858,-0.5167089700698853,20.539390563964844,37.459999084472656,-27.64687156677246
34416,0,170,30,61,170,30,49,101,-0.7199121117591858,-0.4841894507408142,-0.6238867044448853,-24.101831436157227,-55.456031799316406,-21.692672729492188
34417,0,170,30,48,170,30,44,90,-0.7868066430091858,0.9174218773841858,0.22376953065395355,-16.65144920349121,63.383663177490234,-10.85297679901123
34418,0,170,30,93,170,30,44,146,-0.4486718773841858,-0.2493261694908142,-0.41221678256988525,93.47068786621094,23.6126708984375,29.101221084594727
34419,0,170,30,203,170,30,40,104,-0.6918359398841858,0.015078123658895493,-0.5479589700698853,-32.69725036621094,-20.463665008544922,51.08595275878906
34420,0,170,30,242,170,30,46,34,-0.6779199242591858,-0.4099707007408142,-0.7278906106948853,1.0584733486175537,26.299694061279297,-7.158320426940918
34421,0,170,30,263,170,30,44,131,-0.6581445336341858,-0.5432714819908142,-0.7024999856948853,-12.78885555267334,-49.56290054321289,68.81114196777344
34422,106,170,30,354,170,30,45,13,-0.8241601586341858,-0.4124121069908142,-0.37852537631988525,0.44778627157211304,-4.127786159515381,9.085954666137695
34423,277,170,30,417,170,30,42,59,-0.8644433617591858,1.189394474029541,-1.3150488138198853,-4.010229110717773,-13.593435287475586,-41.570533752441406
34424,165,170,30,343,170,30,47,347,-1.432314395904541,0.3710351586341858,0.19789062440395355,85.30274963378906,151.49053955078125,-111.06671905517578
34425,49,170,30,172,170,30,57,178,-0.2814355492591858,-1.207089900970459,-1.2698827981948853,58.72259521484375,4.6813740730285645,114.73480987548828
34426,19,170,30,77,170,30,47,120,-0.6212792992591858,-0.2224707007408142,-0.18882812559604645,-72.48351287841797,-47.21175765991211,-0.8224426507949829
34427,5,170,30,53,170,30,47,147,-0.2355371117591858,-0.12261718511581421,-1.1758886575698853,49.6996955871582,25.704273223876953,-72.21175384521484
34428,1,170,30,91,170,30,47,51,-0.8837304711341858,0.008730467408895493,-0.5381933450698853,36.508853912353516,9.521068572998047,-5.631603240966797
34429,9,170,30,170,170,30,41,84,-2.059999942779541,0.3993554711341858,2.109938859939575,-23.124732971191406,36.08595275878906,25.00961685180664
34430,208,170,30,326,170,30,40,94,-0.8925195336341858,0.4454980492591858,-0.7725683450698853,-12.300305366516113,-35.24229049682617,-46.47129821777344
34431,299,170,30,363,170,30,42,154,-0.8461328148841858,-0.11333984136581421,-0.37950193881988525,-42.666717529296875,-30.64687156677246,-81.50946807861328
34432,116,170,30,247,170,30,52,470,-0.9035058617591858,-0.3237890601158142,-0.19761718809604645,174.86000061035156,176.20809936523438,-119.3415298461914
34433,39,170,30,119,170,30,52,248,-0.7035546898841858,0.2914453148841858,-0.7154394388198853,-52.95679473876953,-48.830078125,146.8111572265625
34434,15,170,30,66,170,30,43,207,-0.8817773461341858,-0.4793066382408142,0.14759765565395355,-110.89572143554688,-48.52473449707031,48.15465545654297
34435,4,170,30,48,170,30,48,126,-0.8214746117591858,-0.1824316382408142,-0.41587889194488525,-44.727787017822266,63.47526550292969,17.864580154418945
34436,0,170,30,60,170,30,46,92,-0.6915917992591858,-0.4544042944908142,-0.6785742044448853,-1.827022910118103,-36.1430549621582,54.62793731689453
34437,121,170,30,156,170,30,45,49,-1.096132755279541,-0.6443457007408142,-0.20713867247104645,32.46305465698242,-8.692671775817871,-8.028549194335938
34438,230,170,30,285,170,30,42,124,-1.148622989654541,-0.4175390601158142,-0.7120214700698853,-50.78885269165039,-37.16595458984375,-36.19649124145508
34439,98,170,30,183,170,30,51,397,-1.070497989654541,0.05755859240889549,-0.021103516221046448,96.32565307617188,187.12413024902344,-113.58580017089844
34441,32,170,30,79,170,30,55,234,-0.2924218773841858,-0.4817480444908142,-0.9439550638198853,-2.4071755409240723,-71.4560317993164,161.07069396972656
34442,12,170,30,39,170,30,48,138,-0.5245996117591858,-0.5237402319908142,-0.6685644388198853,-73.44534301757812,-61.85297775268555,-2.868244171142578
34443,3,170,30,44,170,30,46,92,-0.7450585961341858,-0.7210058569908142,-0.38511717319488525,6.020305633544922,-64.09725189208984,22.67374038696289
34444,127,170,30,159,170,30,46,100,-0.8258691430091858,0.06024413928389549,-0.7193456888198853,3.547022819519043,-50.76900863647461,-46.333892822265625
34445,205,170,30,235,170,30,47,78,-0.8949609398841858,-0.08965820074081421,-0.6605077981948853,-41.506412506103516,2.1012213230133057,-34.5171012878418
34446,71,170,30,143,170,30,56,350,-0.8139062523841858,-0.5217871069908142,-0.27159178256988525,110.03557586669922,225.597412109375,-15.158320426940918
34447,24,170,30,62,170,30,55,112,-0.5636621117591858,0.09613281488418579,-0.8018652200698853,-29.93389320373535,-52.31099319458008,29.9561824798584
34448,10,170,30,28,170,30,46,158,-1.166201114654541,0.12347656488418579,-0.10240234434604645,-69.72015380859375,-17.60870361328125,71.55923461914062
34449,20,170,30,35,170,30,47,62,-0.8056054711341858,-0.4988378882408142,-0.46104490756988525,24.356184005737305,11.96381664276123,26.017250061035156
34450,159,170,30,161,170,30,44,102,-1.049990177154541,-0.3521093726158142,0.030410155653953552,-0.0560305118560791,-47.22702407836914,-55.31099319458008
34451,179,170,30,242,170,30,44,60,-0.8703027367591858,-0.2107519507408142,-0.5252538919448853,-25.918624877929688,-7.0743513107299805,-27.417863845825195
34452,53,170,30,110,170,30,54,166,-0.7694726586341858,-0.4585546851158142,-0.5555273294448853,59.272212982177734,101.71954345703125,-5.555267333984375
34453,17,170,30,40,170,30,59,172,-0.7308984398841858,-0.4353613257408142,-0.6028906106948853,72.8752670288086,48.223358154296875,-50.91404724121094
34454,6,170,30,15,170,30,57,64,-0.5292382836341858,-0.7044042944908142,-0.6858984231948853,24.860000610351562,14.314961433410645,25.085952758789062
34455,1,170,30,4,170,30,54,167,-0.5556054711341858,-0.11529296636581421,-0.5860449075698853,-43.41481018066406,10.116488456726074,114.41419982910156
34456,0,170,30,0,170,30,55,188,-0.8112207055091858,-0.6006445288658142,-0.6341406106948853,-35.07892990112305,74.2386245727539,78.68900299072266
34457,0,170,30,0,170,30,56,373,-0.5070214867591858,0.4352441430091858,-0.8592382669448853,-265.93389892578125,26.482900619506836,80.6584701538086
34458,0,170,30,18,170,30,54,98,-0.8568750023841858,0.2943750023841858,-0.41172850131988525,31.409618377685547,12.89511489868164,-54.63923645019531
34459,0,170,30,17,170,30,55,181,-1.060732364654541,0.4581933617591858,-0.6483007669448853,164.26458740234375,6.63557243347168,10.460000038146973
34460,0,170,30,5,170,30,53,142,-0.5568261742591858,-0.2676367163658142,-0.8091894388198853,123.9897689819336,7.063053607940674,-11.738472938537598
34461,0,170,30,0,170,30,51,79,-0.4750390648841858,-0.4402441382408142,-0.7508398294448853,38.78366470336914,32.07068634033203,-8.333892822265625
34462,0,170,30,0,170,30,48,29,-0.6105371117591858,-0.3455175757408142,-0.7379003763198853,4.9974045753479,-3.0285496711730957,-21.417863845825195
34463,0,170,30,0,170,30,45,19,-0.6608300805091858,-0.1777929663658142,-0.7925878763198853,-11.796488761901855,-4.188855171203613,3.6050381660461426
34464,0,170,30,0,170,30,44,11,-0.7008691430091858,-0.2610449194908142,-0.7745214700698853,3.516488552093506,0.6813740134239197,-7.21938943862915
34466,0,170,30,0,170,30,43,10,-0.6486230492591858,-0.2642187476158142,-0.7325292825698853,-4.285037994384766,4.131755828857422,-2.410228967666626
34467,0,170,30,0,170,30,43,15,-0.6195703148841858,-0.2698339819908142,-0.7020117044448853,-6.71251916885376,-1.4865648746490479,-7.631603240966797
34468,0,170,30,0,170,30,42,47,-0.6591210961341858,-0.2742285132408142,-0.5587011575698853,16.875267028808594,18.788244247436523,-11.860610961914062
34469,0,170,30,0,170,30,44,49,-0.5297265648841858,-0.3504003882408142,-0.8052831888198853,-12.559847831726074,-24.631603240966797,-12.410228729248047
34470,0,170,30,0,170,30,41,125,-0.6456933617591858,-0.6709570288658142,-0.7020117044448853,61.394351959228516,2.299694776535034,-62.10488510131836
34471,0,170,30,0,170,30,40,97,-0.6806054711341858,0.03265624865889549,-0.7523046731948853,-77.55221557617188,5.597404479980469,-14.822443008422852
34472,0,170,30,0,170,30,40,35,-0.5978417992591858,-0.1697363257408142,-0.9061132669448853,13.409618377685547,5.5363359451293945,-16.257558822631836
34473,0,170,30,0,170,30,40,41,-0.6840234398841858,-0.04156250134110451,-0.7054296731948853,-8.6056489944458,13.994351387023926,-18.42549705505371
34474,0,170,30,0,170,30,41,76,-0.5690332055091858,-0.3777441382408142,-0.8824316263198853,38.40198516845703,14.803511619567871,-22.898778915405273
34475,0,170,30,0,170,30,40,50,-0.3314843773841858,-0.3928808569908142,-0.9297949075698853,19.56229019165039,-6.860610485076904,-23.601070404052734
34476,0,170,30,0,170,30,37,76,-0.5839257836341858,-0.4072851538658142,-0.6732031106948853,-30.84992218017578,12.864580154418945,32.87221145629883
34477,0,170,30,0,170,30,39,141,-0.6847558617591858,-0.2590917944908142,-0.6600195169448853,39.48595428466797,44.83404541015625,-57.03618240356445
34478,0,170,30,0,170,30,36,129,-0.6610742211341858,0.10687500238418579,-0.9266210794448853,-52.75831985473633,-24.78427505493164,-51.86061096191406
34479,0,170,30,0,170,30,33,125,-0.3270898461341858,-0.4946874976158142,-0.8111425638198853,-81.33847045898438,-42.12778854370117,1.7271755933761597
34480,0,170,30,0,170,30,27,165,-0.3314843773841858,-0.2229589819908142,-1.0066992044448853,-78.42243957519531,-68.58580017089844,-18.975114822387695
34481,0,170,30,0,170,30,22,155,-0.6583886742591858,0.08978515863418579,-0.8672949075698853,-10.346107482910156,-23.257558822631836,-121.89114379882812
34482,0,170,30,0,170,30,19,224,-0.5560937523841858,-0.4348730444908142,-0.32237303256988525,-107.8728256225586,-62.555267333984375,-54.41022872924805
34483,0,170,30,0,170,30,22,273,-0.5658593773841858,-0.4497656226158142,-0.27940428256988525,94.96687316894531,-30.631603240966797,-147.60105895996094
34484,0,170,30,0,170,30,22,118,-0.10223633050918579,-0.12286132574081421,-0.48326170444488525,-55.68961715698242,-33.730838775634766,-28.776641845703125
34485,0,170,30,0,170,30,22,143,-0.1786523461341858,-0.4639257788658142,-0.5875097513198853,118.53939056396484,0.46763354539871216,24.124120712280273
34486,0,170,30,0,170,30,21,228,-1.052187442779541,-0.1526464819908142,-0.20713867247104645,-86.04076385498047,17.42946434020996,125.45236206054688
34487,0,170,30,4,170,30,29,126,-0.8617578148841858,-0.019101563841104507,-0.7300878763198853,-45.79648971557617,24.37602996826172,56.398929595947266
34488,0,170,30,8,170,30,32,224,-0.3422265648841858,-0.3196386694908142,-0.36802732944488525,123.30274963378906,3.6890077590942383,-97.830078125
34489,0,170,30,40,170,30,34,315,-1.241884708404541,-1.178769588470459,-1.8133398294448853,111.5470199584961,56.69664001464844,-147.173583984375
34490,0,170,30,114,170,30,34,60,-0.6766992211341858,-0.4973730444908142,-0.6375585794448853,-17.246870040893555,-20.814809799194336,-21.998016357421875
34491,0,170,30,125,170,30,38,42,-0.7765527367591858,-0.3113378882408142,-0.47691404819488525,1.3943512439727783,28.467632293701172,-12.379694938659668
34492,7,170,30,132,170,30,38,83,-0.9142480492591858,-0.017392579466104507,0.41004884243011475,-43.842288970947266,15.70427417755127,23.864580154418945
34493,143,170,30,184,170,30,39,90,-0.5966210961341858,-0.2803320288658142,-0.5760351419448853,-19.307937622070312,-35.425498962402344,-35.70793914794922
34494,255,170,30,224,170,30,37,59,-0.8173242211341858,-0.5608496069908142,-0.12559570372104645,-4.3613739013671875,-27.0438175201416,-28.333894729614258
34495,265,170,30,243,170,30,41,26,-1.076845645904541,-0.4627050757408142,-0.5508886575698853,4.172976970672607,-1.623969554901123,21.055418014526367
34496,270,170,30,251,170,30,44,50,-0.6786523461341858,-0.1399511694908142,-0.6934667825698853,11.424884796142578,-14.4941987991333,24.459999084472656
34497,295,170,30,309,170,30,46,13,-0.8829980492591858,-0.2149023413658142,-0.42002928256988525,6.249312877655029,-2.4636640548706055,-4.3186259269714355
34498,302,170,30,301,170,30,48,9,-0.8598046898841858,-0.2839941382408142,-0.38316404819488525,4.356183052062988,4.34549617767334,-0.6850380897521973
34499,289,170,30,302,170,30,51,212,-1.264833927154541,-0.8452734351158142,-1.4986425638198853,-16.62091636657715,112.86457824707031,83.284423828125
34500,262,170,30,328,170,30,54,17,-0.8571191430091858,-0.2520117163658142,-0.5137792825698853,14.218778610229492,2.0096182823181152,-1.1125190258026123
34501,253,170,30,341,170,30,54,8,-0.8502832055091858,-0.2974218726158142,-0.47593748569488525,-6.987328052520752,0.7577099204063416,0.7806106805801392
34502,236,170,30,272,170,30,54,14,-0.9650292992591858,-0.5667089819908142,-0.45323240756988525,-2.834656238555908,-6.769007682800293,-4.471297740936279
34503,222,170,30,207,170,30,55,65,-0.7455468773841858,0.09344726800918579,-1.0860449075698853,-36.941524505615234,22.437097549438477,-6.288091659545898
34504,147,170,30,138,170,30,55,25,-1.153749942779541,0.012148436158895493,-0.21250976622104645,15.01267147064209,-1.0590839385986328,-9.204122543334961
34505,46,170,30,51,170,30,64,198,-0.8173242211341858,-0.7114843726158142,-0.6458593606948853,46.35618209838867,106.74243927001953,45.43709945678711
34506,16,170,30,15,170,30,60,179,-0.4088769555091858,0.016542967408895493,-0.7386327981948853,-36.08656311035156,-87.05908203125,56.719539642333984
34507,6,170,30,2,170,30,47,220,-0.7406640648841858,-0.1663183569908142,-0.5211035013198853,-98.74304962158203,-73.77664184570312,-48.34916305541992
34508,2,170,30,0,170,30,48,116,-0.7997460961341858,-0.3023046851158142,-0.46836912631988525,16.90580177307129,30.681373596191406,-68.91404724121094
34509,0,170,30,1,170,30,48,128,-0.9152246117591858,-0.4971289038658142,-0.37095701694488525,4.844732761383057,-39.440765380859375,84.5668716430664
34510,0,170,30,15,170,30,50,42,-0.7162500023841858,-0.4299902319908142,-0.6163183450698853,0.6767939329147339,7.383664131164551,34.59740447998047
34511,0,170,30,30,170,30,49,67,-0.7318750023841858,-0.4912695288658142,-0.6341406106948853,7.195878028869629,-30.738473892211914,29.63557243347168
34512,63,170,30,44,170,30,48,77,-0.6781640648841858,-0.1792578101158142,-0.7237402200698853,3.3790841102600098,-41.95984649658203,-32.21175765991211
34513,103,170,30,45,170,30,47,50,-0.7724023461341858,-0.4578222632408142,-0.29551756381988525,-15.994961738586426,-15.837709426879883,-18.501832962036133
34514,116,170,30,45,170,30,48,8,-0.8163476586341858,-0.3423437476158142,-0.48130857944488525,-3.4300761222839355,-1.2575572729110718,3.772977113723755
34515,124,170,30,48,170,30,49,3,-0.8378320336341858,-0.3191503882408142,-0.5157324075698853,0.6157252192497253,-0.998015284538269,-1.6316030025482178
34517,145,170,30,66,170,30,49,37,-0.8173242211341858,-0.2732519507408142,-0.6541601419448853,5.195878028869629,-9.150687217712402,22.841678619384766
34518,165,170,30,95,170,30,50,11,-0.8073144555091858,-0.2705664038658142,-0.45591795444488525,1.653893232345581,-6.631603240966797,3.5745038986206055
34519,178,170,30,107,170,30,51,9,-0.8400292992591858,-0.2324804663658142,-0.5018163919448853,3.8218321800231934,-2.8911449909210205,-2.5018320083618164
34520,202,170,30,109,170,30,52,113,-1.068789005279541,-1.108212947845459,0.9073632955551147,-6.178167819976807,61.444732666015625,46.18518829345703
34521,203,170,30,154,170,30,54,13,-0.7785058617591858,0.10736328363418579,-0.9393163919448853,0.6309924125671387,5.20045804977417,-8.135419845581055
34522,213,170,30,201,170,30,54,4,-0.8346582055091858,-0.3147558569908142,-0.45982420444488525,2.7378625869750977,-1.5170992612838745,-0.6239694356918335
34523,228,170,30,202,170,30,54,16,-0.8700585961341858,-0.3362402319908142,-0.5428320169448853,-6.865190505981445,4.208091735839844,-5.066717624664307
34524,224,170,30,173,170,30,54,38,-1.142031192779541,-0.3679785132408142,-0.40416014194488525,-6.391908168792725,12.25389289855957,-20.303359985351562
34525,185,170,30,120,170,30,54,37,-0.9960351586341858,-0.2214941382408142,-0.6893163919448853,9.776030540466309,-13.3949613571167,-14.65450382232666
34526,59,170,30,52,170,30,63,383,-0.7372460961341858,-0.7019628882408142,-0.5655370950698853,139.65390014648438,129.26153564453125,-114.2728271484375
34527,23,170,30,18,170,30,61,116,-0.2770410180091858,0.4481835961341858,-0.9634863138198853,-30.880456924438477,-38.90641403198242,46.35313034057617
34528,10,170,30,3,170,30,42,185,-0.4550195336341858,-1.026181697845459,-0.36583006381988525,-54.04076385498047,-49.59343719482422,-81.95221710205078
34529,3,170,30,0,170,30,43,84,-0.3502832055091858,-1.039853572845459,-0.8895117044448853,24.615726470947266,21.444732666015625,-38.043819427490234
34530,0,170,30,0,170,30,42,88,-0.7577539086341858,-0.5769628882408142,-0.7122656106948853,-19.521678924560547,-30.70793914794922,38.55160140991211
34531,0,170,30,0,170,30,47,127,-0.7028222680091858,-0.3958105444908142,-0.8926855325698853,-76.81938934326172,22.314960479736328,28.169921875
34532,0,170,30,0,170,30,47,123,-0.8043847680091858,-0.0046972669661045074,-0.6441503763198853,-17.659082412719727,-12.646870613098145,93.08595275878906
34533,0,170,30,0,170,30,41,125,-0.3668847680091858,0.07220703363418579,-0.5045019388198853,-29.85755729675293,-93.30335998535156,-1.9674808979034424
34534,0,170,30,0,170,30,41,90,-1.459658145904541,-0.7915624976158142,-0.29112303256988525,-12.6056489944458,31.03251838684082,46.99435043334961
34535,0,170,30,3,170,30,41,98,-0.4374414086341858,0.9418359398841858,-0.30723631381988525,18.432519912719727,67.47526550292969,-12.45603084564209
34536,0,170,30,8,170,30,41,84,-0.7648339867591858,-0.3220800757408142,-0.48399412631988525,-43.97969436645508,-26.433130264282227,14.032519340515137
34537,0,170,30,15,170,30,41,85,-0.6793847680091858,-0.4827246069908142,-0.6045995950698853,-39.99496078491211,-23.532367706298828,21.620304107666016
34538,0,170,30,28,170,30,42,24,-0.7948632836341858,-0.3718847632408142,-0.5381933450698853,-5.735419750213623,-8.143054008483887,10.582137107849121
34539,28,170,30,52,170,30,43,25,-0.7977929711341858,-0.2864355444908142,-0.49644529819488525,18.951602935791016,-4.50946569442749,-2.379694700241089
34540,131,170,30,136,170,30,42,120,-1.058046817779541,-0.3782324194908142,-0.39878904819488525,9.485954284667969,-55.456031799316406,-55.5858039855957
34541,208,170,30,250,170,30,41,21,-0.8085351586341858,-0.2412695288658142,-0.5284277200698853,-9.36900806427002,4.864580154418945,7.528702259063721
34542,235,170,30,274,170,30,43,5,-0.8043847680091858,-0.3123144507408142,-0.49205076694488525,-0.31557250022888184,-0.4178626239299774,-5.005648612976074
34543,229,170,30,242,170,30,44,46,-0.9284082055091858,-0.6438574194908142,-0.5003515481948853,25.058473587036133,-1.8529770374298096,19.45236587524414
34544,238,170,30,282,170,30,45,11,-0.7106347680091858,-0.1709570288658142,-0.8162695169448853,6.371450424194336,-5.059083938598633,0.1851908564567566
34545,245,170,30,298,170,30,46,1,-0.8351464867591858,-0.3384374976158142,-0.43394529819488525,-0.7277863025665283,-0.6621374487876892,-0.5934350490570068
34546,242,170,30,273,170,30,51,78,-0.9235253930091858,-0.05474609509110451,-0.7295995950698853,5.928702354431152,48.33022689819336,24.108854293823242
34547,259,170,30,318,170,30,51,2,-0.8192773461341858,-0.2678808569908142,-0.5347753763198853,1.2722136974334717,0.9256488680839539,0.2615267038345337
34548,265,170,30,321,170,30,52,9,-0.8707910180091858,-0.3235449194908142,-0.6570898294448853,-4.010229110717773,2.4370992183685303,2.6126718521118164
34549,271,170,30,296,170,30,53,26,-0.9406152367591858,0.05804687365889549,-0.7899023294448853,-15.414809226989746,7.215725421905518,4.124122142791748
34550,251,170,30,205,170,30,52,41,-0.8544335961341858,-0.3858007788658142,-0.49986326694488525,16.020305633544922,-8.478931427001953,-16.837711334228516
34551,84,170,30,78,170,30,63,517,-0.7697167992591858,-0.3718847632408142,-0.5364843606948853,169.7149658203125,200.31497192382812,-147.4789276123047
34552,29,170,30,27,170,30,63,337,-0.2001367211341858,-0.4285253882408142,-0.9334570169448853,-73.13999938964844,-3.9293129444122314,260.200439453125
34553,13,170,30,9,170,30,40,272,-1.353701114654541,-0.3894628882408142,0.40614259243011475,34.875267028808594,-182.12777709960938,-55.32625961303711
34554,4,170,30,3,170,30,40,131,-0.5058007836341858,-0.2844824194908142,-0.45835936069488525,19.42488670349121,-100.76900482177734,-11.249923706054688
34555,0,170,30,1,170,30,44,174,-0.6198144555091858,-0.1602148413658142,-0.7894140481948853,45.85236740112305,49.13938903808594,-79.03618621826172
34556,0,170,30,0,170,30,41,75,-1.032412052154541,-1.028867244720459,-0.29380857944488525,-34.08656311035156,-16.26519203186035,-24.99038314819336
34557,0,170,30,0,170,30,47,228,-0.9660058617591858,-0.04595703259110451,-0.28282225131988525,-86.97206115722656,55.383663177490234,86.3836669921875
34558,0,170,30,0,170,30,49,141,-0.9386621117591858,-0.8008398413658142,-0.6058202981948853,-65.6590805053711,45.68900680541992,30.368396759033203
34559,0,170,30,0,170,30,46,60,-0.5592675805091858,0.6171289086341858,-0.39830076694488525,-25.246870040893555,-32.875877380371094,2.4600000381469727
34560,0,170,30,0,170,30,44,160,-1.079042911529541,-0.4182714819908142,-0.39219725131988525,39.47068786621094,-10.81480884552002,-110.3186264038086
34562,0,170,30,3,170,30,43,33,-0.8573632836341858,-0.3523535132408142,-0.27037107944488525,21.195878982543945,-8.143054008483887,-4.578167915344238
34563,0,170,30,14,170,30,43,76,-0.9252343773841858,-0.1443457007408142,-0.34825193881988525,-18.07129669189453,-16.936946868896484,41.97145080566406
34564,0,170,30,29,170,30,47,23,-0.7589746117591858,-0.5020117163658142,-0.49009764194488525,6.646259784698486,12.89511489868164,3.727175712585449
34565,0,170,30,32,170,30,48,18,-0.8041406273841858,-0.3567480444908142,-0.44908201694488525,-12.926259994506836,-1.5018320083618164,-4.104885578155518
34566,0,170,30,31,170,30,48,89,-0.7694726586341858,-0.5322851538658142,-0.5128027200698853,-13.033129692077637,-26.524734497070312,49.940914154052734
34567,109,170,30,110,170,30,49,47,-0.8722558617591858,-0.07989257574081421,-1.2371679544448853,-11.384275436401367,-23.34916114807129,-12.333892822265625
34568,233,170,30,268,170,30,45,36,-0.8092675805091858,-0.1841406226158142,-0.08409179747104645,-17.93389320373535,-9.944580078125,-9.051450729370117
34569,288,170,30,372,170,30,46,2,-0.8390527367591858,-0.4182714819908142,-0.36729490756988525,-0.2239694595336914,-0.8300763368606567,0.9485496282577515
34570,300,170,30,401,170,30,48,57,-0.8900781273841858,-0.5061621069908142,-0.36436522006988525,16.096641540527344,-25.700305938720703,15.803511619567871
34571,332,170,30,436,170,30,47,16,-0.6217675805091858,-0.2752050757408142,0.36341798305511475,5.0279388427734375,-10.601068496704102,0.9332824945449829
34572,340,170,30,458,170,30,49,5,-0.8725000023841858,-0.3650488257408142,-0.35728514194488525,-2.8957252502441406,-2.020915985107422,-0.8071755170822144
34573,340,170,30,435,170,30,50,21,-0.8690820336341858,-0.3889746069908142,-0.30186522006988525,5.821832180023193,-7.471297740936279,-8.150687217712402
34574,327,170,30,436,170,30,55,38,-0.8419824242591858,-0.2400488257408142,-0.27208006381988525,14.43251895904541,18.864580154418945,4.994351387023926
34575,332,170,30,457,170,30,57,20,-0.8290429711341858,-0.2405371069908142,-0.6258398294448853,5.989770889282227,9.429465293884277,5.421832084655762
34576,345,170,30,433,170,30,57,51,-0.8427148461341858,-0.7214941382408142,-0.39097654819488525,2.371450424194336,-21.914047241210938,-26.79191017150879
34577,346,170,30,389,170,30,57,6,-0.8217187523841858,-0.3049902319908142,-0.38023436069488525,1.653893232345581,3.276793956756592,-1.249923586845398
34578,338,170,30,353,170,30,58,17,-0.8165917992591858,-0.3215917944908142,-0.46177732944488525,12.111907958984375,0.48290079832077026,-4.883511543273926
34579,331,170,30,336,170,30,58,5,-0.8373437523841858,-0.3301367163658142,-0.45201170444488525,2.7073283195495605,1.8722138404846191,-0.9293129444122314
34580,186,170,30,203,170,30,57,97,-1.215029239654541,0.03802734240889549,0.36292970180511475,18.18824577331543,5.5363359451293945,-74.10488891601562
34581,67,170,30,87,170,30,63,171,-0.5814843773841858,-0.9578222632408142,-0.5381933450698853,13.714961051940918,96.055419921875,61.78824234008789
34582,22,170,30,29,170,30,64,102,-0.6871972680091858,0.1327539086341858,-0.8902441263198853,43.837100982666016,-3.4254961013793945,-55.00564956665039
34583,8,170,30,8,170,30,50,230,-0.7433496117591858,-0.2285742163658142,-0.29820311069488525,-14.529313087463379,-179.53236389160156,35.97145080566406
34584,2,170,30,0,170,30,48,135,-0.4332910180091858,-1.016416072845459,-0.7486425638198853,-17.827022552490234,-54.12778854370117,-63.555267333984375
34585,0,170,30,0,170,30,48,151,-1.225283145904541,-0.3455175757408142,-0.38829100131988525,-54.95679473876953,22.330228805541992,74.64320373535156
34586,0,170,30,0,170,30,53,150,-0.9100976586341858,-0.1941503882408142,-0.5521093606948853,-45.91862487792969,22.25389289855957,82.76534271240234
34587,0,170,30,0,170,30,54,31,-0.6837792992591858,-0.1511816382408142,-0.43101561069488525,14.096640586853027,-11.150687217712402,-6.471297740936279
34588,0,170,30,0,170,30,54,22,-0.8656640648841858,-0.5024999976158142,-0.5169531106948853,-7.033129692077637,10.910381317138672,-4.883511543273926
34589,0,170,30,0,170,30,55,23,-0.9679589867591858,-0.2551855444908142,-0.5772558450698853,4.768396854400635,-9.639236450195312,-9.173587799072266
34590,0,170,30,0,170,30,52,81,-0.8053613305091858,-0.3745703101158142,-0.41172850131988525,3.5928244590759277,-42.280460357666016,-35.494197845458984
34591,0,170,30,0,170,30,49,11,-0.9008203148841858,-0.2044042944908142,-0.23179687559604645,1.1653435230255127,-8.799541473388672,1.2386260032653809
34592,0,170,30,0,170,30,46,112,-1.064394474029541,-0.1885351538658142,-0.40660154819488525,25.37908363342285,-53.21175765991211,33.498165130615234
34593,0,170,30,1,170,30,46,213,-0.6422753930091858,0.0072656236588954926,-0.14439453184604645,66.1271743774414,-12.677404403686523,-134.45602416992188
34594,0,170,30,4,170,30,45,54,-1.006533145904541,-0.03130859509110451,-0.21006835997104645,-32.83465576171875,-12.081984519958496,9.238625526428223
34595,0,170,30,5,170,30,47,24,-0.9413476586341858,-0.1428808569908142,-0.35044920444488525,-1.3384732007980347,-0.4789313077926636,23.00961685180664
34597,0,170,30,21,170,30,49,30,-0.8629785180091858,-0.4292578101158142,-0.35386717319488525,-5.6438164710998535,-3.975114583969116,20.62793731689453
34598,0,170,30,40,170,30,50,27,-0.8236718773841858,-0.4290136694908142,-0.32652342319488525,-0.9262595176696777,4.177557468414307,22.55160140991211
34599,0,170,30,47,170,30,52,13,-0.7506738305091858,-0.5659765601158142,-0.42051756381988525,-2.025496006011963,-1.4560306072235107,10.5058012008667
34600,35,170,30,65,170,30,52,27,-0.8693261742591858,-0.2354101538658142,-0.32676756381988525,13.241679191589355,4.6813740730285645,9.101221084594727
34601,164,170,30,158,170,30,49,105,-0.5590234398841858,-0.4370703101158142,0.09559570252895355,-18.727785110473633,-41.80717468261719,-44.62397003173828
34602,231,170,30,261,170,30,49,7,-0.8707910180091858,-0.4045996069908142,-0.34532225131988525,-3.4606103897094727,2.666106939315796,1.1317557096481323
34603,266,170,30,323,170,30,51,21,-0.8715234398841858,-0.3640722632408142,-0.25840818881988525,4.8141984939575195,4.803511619567871,11.879847526550293
34604,322,170,30,340,170,30,50,109,-1.003847599029541,-1.047177791595459,-1.0613867044448853,49.88290023803711,-35.791908264160156,23.77297592163086
34605,362,170,30,333,170,30,50,19,-0.9047265648841858,-0.3709082007408142,-0.21299804747104645,14.447786331176758,-0.2041221559047699,5.116488456726074
34606,361,170,30,330,170,30,53,9,-0.9052148461341858,-0.4231542944908142,-0.24961914122104645,-3.2926716804504395,-4.585801601409912,-1.5094655752182007
34607,365,170,30,288,170,30,54,35,-0.9052148461341858,-0.3706640601158142,-0.30503904819488525,18.936336517333984,-14.295724868774414,-2.0438168048858643
34608,381,170,30,254,170,30,56,21,-0.8934960961341858,-0.3760351538658142,0.09144531190395355,4.9210686683654785,-13.883511543273926,2.627938985824585
34609,402,170,30,273,170,30,58,17,-0.9044824242591858,-0.3259863257408142,-0.27452147006988525,6.79893159866333,-6.204122066497803,-4.150687217712402
34610,400,170,30,270,170,30,58,1,-0.8986230492591858,-0.3352636694908142,-0.27134764194488525,-0.865190863609314,0.009618282318115234,-0.5629007816314697
34611,404,170,30,262,170,30,59,14,-0.8561425805091858,-0.3418554663658142,-0.21690429747104645,5.898168087005615,-2.310992479324341,-5.814809322357178
34612,379,170,30,235,170,30,60,39,-1.018984317779541,-0.6816992163658142,-1.4236913919448853,-25.307937622070312,-4.677404403686523,-9.127786636352539
34613,346,170,30,200,170,30,59,62,-1.624941349029541,-0.9268164038658142,-1.2234960794448853,-35.781219482421875,16.024885177612305,-10.822443008422852
34614,158,170,30,118,170,30,63,334,-1.039003849029541,0.05975585803389549,-0.29747068881988525,76.44778442382812,96.14701843261719,-161.7689971923828
34615,58,170,30,48,170,30,69,408,-0.2128320336341858,-0.8691992163658142,-0.18028320372104645,58.90580368041992,107.7958755493164,-241.3109893798828
34616,21,170,30,17,170,30,63,146,-0.12127929925918579,-0.9329199194908142,-0.47447264194488525,-32.651451110839844,63.689002990722656,-49.998016357421875
34617,8,170,30,3,170,30,51,161,-0.05047851428389549,-1.198300838470459,-0.41221678256988525,47.28748321533203,-78.05145263671875,35.986717224121094
34618,4,170,30,0,170,30,32,388,-0.3995996117591858,-0.5269140601158142,-0.17564453184604645,135.730224609375,-111.41023254394531,141.23863220214844
34619,1,170,30,0,170,30,0,1157,0.5996679663658142,0.09393554925918579,0.24916015565395355,501.1195373535156,-436.3720703125,219.7119140625
34620,0,170,30,3,170,30,36,108,-0.03436523303389549,0.06170898303389549,0.8819726705551147,-21.323205947875977,24.20808982849121,62.55160140991211
