timestamp,tipPressure,tipUpperRange,tipLowerRange,fingerPressure,fingerUpperRange,fingerLowerRange,angle,writtingSpeed,accX,accY,accZ,gyroX,gyroY,gyroZ
15068,0,170,30,0,170,30,27,25,-0.4479394555091858,0.3370996117591858,-0.8963476419448853,-18.147632598876953,-0.46366414427757263,7.101221561431885
15069,0,170,30,0,170,30,27,24,-0.4181542992591858,0.3744531273841858,-0.9205175638198853,-17.552213668823242,2.986717700958252,3.986717700958252
15070,0,170,30,0,170,30,26,7,-0.4401269555091858,0.3659082055091858,-0.9136816263198853,-3.170534133911133,-0.9369466304779053,-3.7079386711120605
15071,0,170,30,0,170,30,26,5,-0.4511132836341858,0.3595605492591858,-0.9087988138198853,-2.452977180480957,2.34549617767334,0.9180152416229248
15072,0,170,30,0,170,30,25,18,-0.4411035180091858,0.3998437523841858,-0.9048925638198853,-14.162900924682617,0.7424426674842834,3.772977113723755
15073,0,170,30,0,170,30,25,34,-0.4288964867591858,0.4083886742591858,-0.8921972513198853,-24.697250366210938,-1.5476336479187012,8.551603317260742
15074,0,170,30,0,170,30,24,30,-0.4379296898841858,0.4613671898841858,-0.8790136575698853,-21.185800552368164,0.6661068797111511,8.643206596374512
15075,0,170,30,0,170,30,24,3,-0.4303613305091858,0.4667382836341858,-0.8763281106948853,-1.3384732007980347,-0.11251911520957947,1.6813740730285645
15076,0,170,30,0,170,30,24,28,-0.4208398461341858,0.4513574242591858,-0.8702245950698853,19.531755447387695,0.6813740134239197,-7.891144752502441
15077,0,170,30,0,170,30,24,57,-0.4296289086341858,0.4245019555091858,-0.8963476419448853,38.03557205200195,3.4294657707214355,-15.707938194274902
15078,0,170,30,0,170,30,23,57,-0.4547753930091858,0.3810449242591858,-0.9493261575698853,34.569923400878906,-10.14305305480957,-12.425496101379395
15079,0,170,30,0,170,30,23,24,-0.4506250023841858,0.3524804711341858,-0.8448339700698853,13.11954116821289,-6.204122066497803,-5.1430535316467285
15080,0,170,30,2,170,30,23,88,-0.4537988305091858,0.2985253930091858,-0.9505468606948853,66.15770721435547,-16.95221519470215,-5.646870136260986
15081,0,170,30,14,170,30,21,143,-0.5079980492591858,-0.010068360716104507,-0.8931738138198853,95.97450256347656,-25.471298217773438,-22.394962310791016
15082,0,170,30,42,170,30,18,141,-0.6774316430091858,0.020205076783895493,-0.7903906106948853,62.06610870361328,-56.26519012451172,-23.341527938842773
15083,0,170,30,86,170,30,18,146,-0.6456933617591858,-0.0020117200911045074,-0.8782812356948853,62.03557205200195,-54.79954147338867,-29.58580207824707
15084,0,170,30,142,170,30,15,98,-0.7206445336341858,-0.4653906226158142,-0.5528417825698853,49.10427474975586,-34.830078125,-14.74610710144043
15085,0,170,30,222,170,30,18,32,-0.8151269555091858,-0.014707032591104507,-0.6014257669448853,22.692062377929688,-1.5476336479187012,7.986717700958252
15086,0,170,30,300,170,30,21,92,-0.8300195336341858,-0.2095312476158142,-0.6714941263198853,9.88290023803711,-40.03618240356445,42.383663177490234
15089,0,170,30,145,170,30,38,302,-0.5954003930091858,-0.11114257574081421,-0.8655859231948853,-246.46824645996094,54.07068634033203,1.467633605003357
15090,0,170,30,65,170,30,40,75,-0.7147851586341858,0.8236718773841858,-0.5399023294448853,18.737863540649414,12.482900619506836,-44.456031799316406
15091,0,170,30,29,170,30,42,19,-0.7384667992591858,0.3024316430091858,-0.6043554544448853,2.6309924125671387,15.582137107849121,-1.0972518920898438
15092,0,170,30,25,170,30,39,218,-0.7809472680091858,0.08734375238418579,-0.9559179544448853,84.8294677734375,-108.2041244506836,25.559236526489258
15093,0,170,30,110,170,30,35,69,-0.7499414086341858,0.5424218773841858,-0.39830076694488525,50.32564926147461,8.772976875305176,10.750076293945312
15094,0,170,30,266,170,30,36,64,-0.9581933617591858,0.5841699242591858,-0.24888671934604645,17.867633819580078,-26.631603240966797,19.788244247436523
15095,0,170,30,350,170,30,40,42,-0.7536035180091858,0.1532617211341858,-0.7784277200698853,19.256946563720703,6.543969631195068,-16.318626403808594
15096,0,170,30,381,170,30,40,66,-0.7570214867591858,0.04754882678389549,-0.7469335794448853,-18.23923683166504,-39.791908264160156,8.521068572998047
15097,0,170,30,379,170,30,41,36,-0.8197656273841858,0.1276269555091858,-0.6434179544448853,13.043206214904785,11.750076293945312,-11.32625961303711
15098,0,170,30,366,170,30,41,40,-0.8439355492591858,0.2252832055091858,-0.5694433450698853,-17.49114418029785,-21.394962310791016,-1.4178625345230103
15099,0,170,30,367,170,30,41,58,-0.8883691430091858,0.1801171898841858,-0.5582128763198853,-19.842288970947266,-25.333894729614258,13.757709503173828
15100,0,170,30,344,170,30,43,40,-0.7550683617591858,0.1786523461341858,-0.6995702981948853,-19.888090133666992,-7.013282299041748,-14.028549194335938
15101,0,170,30,291,170,30,46,67,-0.9608789086341858,0.3234277367591858,-0.27085936069488525,-13.292672157287598,52.77297592163086,-1.0514503717422485
15102,0,170,30,162,170,30,56,238,-0.7650781273841858,0.0036035142838954926,-0.7896581888198853,-124.08656311035156,86.48290252685547,28.04778480529785
15103,0,170,30,71,170,30,66,262,-0.6078515648841858,0.10785156488418579,-1.1531835794448853,119.13481140136719,138.5592498779297,-5.280457973480225
15104,0,170,30,24,170,30,66,271,-0.3153710961341858,0.1415429711341858,-1.0809179544448853,96.50885772705078,117.49053192138672,-57.75374221801758
15105,0,170,30,5,170,30,61,158,-0.2597070336341858,0.2516503930091858,-0.7769628763198853,87.40962219238281,31.73480987548828,-39.46366500854492
15106,0,170,30,0,170,30,55,185,-0.3839746117591858,-0.03985351696610451,-0.7942968606948853,122.46305084228516,1.7958779335021973,60.91801452636719
15107,0,170,30,12,170,30,50,215,-0.2435937523841858,-0.05718750134110451,-0.9410253763198853,182.93634033203125,1.8874809741973877,-30.333894729614258
15108,0,170,30,32,170,30,40,121,-0.5858789086341858,0.1786523461341858,-0.9564062356948853,-39.68961715698242,-22.356794357299805,59.13175582885742
15109,0,170,30,97,170,30,31,184,-0.3610253930091858,-0.4129003882408142,-0.9044042825698853,-27.628549575805664,-95.25756072998047,62.07831954956055
15110,0,170,30,263,170,30,23,164,-0.5927148461341858,-0.3760351538658142,-1.0389257669448853,35.42488479614258,-123.4560317993164,-5.23465633392334
15111,0,170,30,355,170,30,22,132,-0.5175195336341858,-0.1353124976158142,-0.8560644388198853,69.19587707519531,20.864580154418945,-42.043819427490234
15112,0,170,30,412,170,30,24,76,-1.014589786529541,0.11273437738418579,-0.33848631381988525,8.386717796325684,-15.74610710144043,52.53633499145508
15113,0,170,30,451,170,30,30,31,-0.5812402367591858,-0.5779394507408142,-0.9080663919448853,25.10427474975586,-4.921679496765137,1.4981679916381836
15114,0,170,30,522,170,30,32,23,-0.9516015648841858,0.03705077990889549,-0.45030272006988525,2.4935879707336426,-5.608702182769775,15.421832084655762
15115,0,170,30,590,170,30,35,71,-0.8375878930091858,-0.1304296851158142,-0.5836035013198853,-14.69725227355957,-29.593435287475586,27.20808982849121
15116,63,170,30,643,170,30,37,19,-0.8651757836341858,-0.1875585913658142,-0.5106054544448853,13.21114444732666,-2.9216792583465576,-3.5399999618530273
15117,269,170,30,732,170,30,40,24,-0.8851953148841858,-0.09454101324081421,-0.6067968606948853,8.753129959106445,-10.356793403625488,5.666106700897217
15118,482,170,30,813,170,30,38,163,-0.9652734398841858,-0.8848242163658142,-0.27842772006988525,-37.97969436645508,-55.333892822265625,-69.84534454345703
15119,404,170,30,815,170,30,40,80,-1.000917911529541,-0.7363867163658142,0.21644531190395355,5.226412296295166,38.986717224121094,35.78824234008789
15120,111,170,30,562,170,30,54,233,-0.7204003930091858,-0.4961523413658142,-0.7872167825698853,44.66152572631836,115.00198364257812,-73.44839477539062
15121,39,170,30,294,170,30,49,339,-0.9210839867591858,-0.4097265601158142,-0.5738378763198853,-42.36137390136719,-76.6163330078125,220.26153564453125
15122,12,170,30,159,170,30,47,124,-0.8021875023841858,0.4713769555091858,-0.34727537631988525,20.493587493896484,-70.44839477539062,33.33022689819336
15123,2,170,30,100,170,30,43,375,-1.873476505279541,-0.4990820288658142,0.23719726502895355,-176.98733520507812,-28.097251892089844,170.6737518310547
15124,0,170,30,122,170,30,46,57,-0.6681542992591858,-0.3748144507408142,-0.6404882669448853,-49.30793762207031,-3.8987786769866943,-4.288091659545898
15125,0,170,30,173,170,30,43,124,-0.9708886742591858,-0.2337011694908142,-0.30308592319488525,-41.09419631958008,-36.936946868896484,46.887481689453125
15126,0,170,30,243,170,30,46,19,-0.6527734398841858,-0.4756445288658142,-0.7764745950698853,14.569923400878906,2.9714503288269043,-1.6316030025482178
15127,0,170,30,294,170,30,47,39,-0.8353906273841858,-0.07232421636581421,-0.5359960794448853,28.6004581451416,5.948549747467041,5.223358631134033
15128,45,170,30,361,170,30,48,31,-0.8558984398841858,-0.1992773413658142,-0.5469824075698853,18.829465866088867,-2.3873281478881836,10.689007759094238
15129,203,170,30,501,170,30,48,33,-1.072695255279541,0.2509179711341858,-1.0997167825698853,-6.91099214553833,-18.00564956665039,-8.471297264099121
15130,294,170,30,606,170,30,47,42,-0.8161035180091858,-0.1782812476158142,-0.35044920444488525,-17.704885482788086,-11.471297264099121,-12.883511543273926
15131,305,170,30,633,170,30,48,8,-0.8727441430091858,-0.1865820288658142,-0.5005956888198853,-5.0025954246521,-0.03618323802947998,-3.3873281478881836
15132,126,170,30,551,170,30,52,157,-0.9264550805091858,-0.017880860716104507,-0.33433592319488525,33.56229019165039,72.66610717773438,-50.99038314819336
15133,37,170,30,340,170,30,62,179,-0.7992578148841858,-0.5293554663658142,-0.8189550638198853,61.88290023803711,96.40656280517578,21.605037689208984
15134,12,170,30,174,170,30,53,252,-0.3327050805091858,1.937441349029541,-0.18980468809604645,-100.69725036621094,-46.00564956665039,106.169921875
15135,3,170,30,89,170,30,45,231,-0.6901269555091858,-0.4837011694908142,-0.40123045444488525,-55.399539947509766,-74.46366882324219,-101.93695068359375
15137,0,170,30,72,170,30,42,159,-0.9706445336341858,-1.208798885345459,-1.0977636575698853,-40.37664031982422,-107.25756072998047,12.047786712646484
15138,0,170,30,95,170,30,44,55,-0.7328515648841858,-0.1780371069908142,-0.9070898294448853,46.38671875,7.1088547706604,2.383664131164551
15139,0,170,30,129,170,30,44,23,-0.9596582055091858,0.010927733033895493,-0.48326170444488525,-7.78122091293335,-5.66977071762085,9.788244247436523
15140,0,170,30,171,170,30,45,62,-0.8485742211341858,-0.1687597632408142,-0.5862890481948853,-12.559847831726074,-21.2880916595459,29.116487503051758
15141,43,170,30,229,170,30,47,35,-0.8463769555091858,-0.2725195288658142,-0.5901952981948853,12.386716842651367,-1.4560306072235107,21.25389289855957
15142,195,170,30,364,170,30,46,30,-0.7789941430091858,-0.1809667944908142,-0.37461912631988525,5.3180155754089355,-17.776641845703125,-7.402595520019531
15143,256,170,30,471,170,30,46,25,-0.8637109398841858,-0.11041015386581421,-0.5213476419448853,11.653892517089844,0.024885475635528564,-14.089618682861328
15144,87,170,30,357,170,30,57,335,-0.7909570336341858,-0.3818945288658142,-0.45738279819488525,97.83709716796875,172.95619201660156,-64.70030975341797
15145,30,170,30,195,170,30,54,254,-0.6422753930091858,-0.09649413824081421,-0.6876074075698853,-52.681983947753906,-82.21939086914062,119.46763610839844
15146,9,170,30,113,170,30,49,105,-0.8163476586341858,0.013369139283895493,-0.26524412631988525,42.951602935791016,-3.4712977409362793,-58.7003059387207
15147,1,170,30,84,170,30,46,200,-1.024355411529541,0.6300683617591858,0.09583984315395355,-111.55221557617188,16.864580154418945,72.04778289794922
15148,0,170,30,85,170,30,48,40,-0.6732812523841858,-0.5256933569908142,-0.5455175638198853,-19.338472366333008,7.017251968383789,-13.921679496765137
15149,0,170,30,101,170,30,47,36,-0.7384667992591858,-0.2063574194908142,-0.7317968606948853,6.279847621917725,-17.089618682861328,13.177556991577148
15150,0,170,30,144,170,30,47,60,-0.8224511742591858,-0.2415136694908142,-0.6158300638198853,27.9439697265625,-14.372060775756836,18.200456619262695
15151,64,170,30,216,170,30,48,38,-0.8141503930091858,0.09613281488418579,-0.7266699075698853,26.432519912719727,-12.387328147888184,-0.0590839684009552
15152,240,170,30,362,170,30,44,125,-0.6032128930091858,-1.231748104095459,0.13392578065395355,-12.254504203796387,-46.5858039855957,-67.1583251953125
15153,288,170,30,452,170,30,45,21,-0.8659082055091858,-0.1797460913658142,-0.44566404819488525,-10.575115203857422,1.0630533695220947,-10.135419845581055
15154,92,170,30,299,170,30,57,313,-0.8361230492591858,-0.5264257788658142,-0.6763769388198853,126.18824768066406,178.07069396972656,-9.539999961853027
15155,31,170,30,139,170,30,56,229,-0.2518945336341858,-0.4978613257408142,-0.8262792825698853,-82.80412292480469,-12.936946868896484,133.65084838867188
15156,11,170,30,64,170,30,42,240,-1.394716739654541,0.4884667992591858,0.09559570252895355,-38.59038162231445,-105.10488891601562,-96.85298156738281
15157,2,170,30,35,170,30,44,54,-0.5390039086341858,-0.1712011694908142,-0.31236326694488525,-17.21633529663086,-17.059083938598633,-20.074352264404297
15158,0,170,30,19,170,30,47,91,-0.6791406273841858,-0.2920507788658142,-0.32188475131988525,18.493587493896484,1.8874809741973877,-71.55526733398438
15159,0,170,30,29,170,30,48,90,-0.8954492211341858,0.09759765863418579,-0.41539061069488525,-58.63618087768555,13.460000038146973,18.337862014770508
15160,0,170,30,56,170,30,49,78,-0.7775292992591858,-0.5437597632408142,-0.7808691263198853,-27.3995418548584,-33.333892822265625,17.681373596191406
15161,0,170,30,83,170,30,50,70,-0.6137109398841858,-0.2844824194908142,-0.37339842319488525,48.982139587402344,18.803510665893555,-3.051450252532959
15162,0,170,30,102,170,30,50,48,-0.7792382836341858,-0.2500585913658142,-0.6314550638198853,-10.239236831665039,-1.5476336479187012,36.67374038696289
15163,0,170,30,101,170,30,51,9,-0.8048730492591858,-0.2625097632408142,-0.6097265481948853,-5.613282203674316,-3.0438168048858643,0.5516030788421631
15164,0,170,30,106,170,30,50,55,-0.7077050805091858,-0.4153417944908142,-0.6502538919448853,-13.811756134033203,-26.64687156677246,15.391297340393066
15165,80,170,30,176,170,30,49,80,-0.7477441430091858,-0.1773046851158142,-0.48643553256988525,35.85236740112305,-3.379694700241089,41.498165130615234
15166,221,170,30,305,170,30,48,48,-0.8351464867591858,0.07586914300918579,-0.5650488138198853,-17.79648780822754,-11.883511543273926,19.147022247314453
15167,306,170,30,412,170,30,49,30,-0.8590722680091858,-0.06207031384110451,-0.5401464700698853,15.745495796203613,-4.723206043243408,-10.013282775878906
15168,149,170,30,322,170,30,54,276,-1.255068302154541,0.10589843988418579,-0.06944335997104645,51.2569465637207,130.20809936523438,-95.1583251953125
15169,47,170,30,134,170,30,59,262,-0.3312402367591858,-1.070859432220459,-1.1617285013198853,2.3867175579071045,-48.24992370605469,212.0172576904297
15170,17,170,30,65,170,30,47,209,-0.6517968773841858,-0.2747167944908142,-0.42295897006988525,59.92870330810547,-23.578168869018555,-126.24229431152344
15171,4,170,30,41,170,30,49,152,-0.6286035180091858,-0.2056249976158142,-0.5926367044448853,-59.13999938964844,49.24625778198242,43.71190643310547
15172,0,170,30,48,170,30,47,62,-0.9350000023841858,0.3280664086341858,-0.9256445169448853,19.669160842895508,-7.6392364501953125,-35.662139892578125
15173,0,170,30,71,170,30,47,48,-0.8114648461341858,-0.1763281226158142,-0.5472265481948853,-33.55221176147461,5.826412200927734,9.131755828857422
15174,0,170,30,79,170,30,47,51,-0.8307519555091858,-0.1348242163658142,-0.6119238138198853,-29.048397064208984,-22.097251892089844,-0.21175572276115417
15175,0,170,30,79,170,30,47,27,-0.7147851586341858,-0.2561621069908142,-0.7078710794448853,-15.216336250305176,-12.356793403625488,-0.0590839684009552
15176,39,170,30,107,170,30,46,30,-0.8197656273841858,-0.4492773413658142,-0.5486913919448853,22.493587493896484,-3.1812212467193604,4.902748107910156
15177,195,170,30,250,170,30,46,45,-1.240664005279541,0.3170800805091858,-1.0958105325698853,0.05083972215652466,-40.90641403198242,-4.593435287475586
15178,293,170,30,379,170,30,46,34,-0.8405175805091858,-0.1423925757408142,-0.6566015481948853,-20.788854598999023,-0.9827481508255005,12.627939224243164
15179,135,170,30,274,170,30,54,314,-0.9474511742591858,0.2511621117591858,-0.45567381381988525,48.554656982421875,155.42947387695312,-110.80717468261719
15180,43,170,30,111,170,30,58,225,-0.2560449242591858,-1.072080135345459,-1.4236913919448853,101.7607650756836,-63.333892822265625,60.70427322387695
15181,16,170,30,56,170,30,45,68,-0.7174707055091858,0.6303125023841858,-0.36753904819488525,20.78366470336914,-29.318626403808594,18.765342712402344
15182,4,170,30,25,170,30,45,129,-0.6898828148841858,-0.021298829466104507,-0.41563475131988525,-23.246870040893555,50.238624572753906,-56.21175765991211
15183,0,170,30,23,170,30,47,75,-0.6276269555091858,-0.8711523413658142,-1.2073827981948853,40.1424446105957,-11.730839729309082,-23.936946868896484
15184,0,170,30,58,170,30,47,69,-0.8632226586341858,-0.2617773413658142,-0.43736326694488525,-50.08656311035156,8.757709503173828,-10.349160194396973
15185,0,170,30,96,170,30,47,64,-0.6564355492591858,-0.3731054663658142,-0.7610937356948853,-8.758320808410645,-27.700305938720703,27.986717224121094
15186,0,170,30,127,170,30,47,24,-0.7465234398841858,-0.3108496069908142,-0.6448827981948853,-9.521679878234863,3.8569464683532715,11.131755828857422
15187,0,170,30,140,170,30,46,67,-0.7396875023841858,-0.3455175757408142,-0.6436620950698853,-15.720152854919434,-22.50946617126465,28.826412200927734
15188,48,170,30,195,170,30,46,37,-0.8244042992591858,-0.2854589819908142,-0.5823827981948853,22.630992889404297,-9.65450382232666,-5.326259613037109
15189,153,170,30,321,170,30,47,27,-0.7411523461341858,-0.10015624761581421,-0.5225683450698853,-6.987328052520752,-13.410228729248047,7.406564712524414
15190,234,170,30,448,170,30,47,7,-0.8263574242591858,-0.3201269507408142,-0.48521482944488525,-2.2087020874023438,-5.410229206085205,-0.04381677508354187
15191,207,170,30,471,170,30,49,44,-0.8820214867591858,-0.1821874976158142,-0.49522459506988525,-33.002593994140625,8.421832084655762,3.1470229625701904
15192,61,170,30,274,170,30,61,349,-0.5626855492591858,-0.9673437476158142,-0.7305761575698853,130.2493133544922,121.64320373535156,-97.26519012451172
15193,21,170,30,111,170,30,54,369,-0.5255761742591858,0.3764062523841858,-0.29527342319488525,-90.71251678466797,-61.440765380859375,217.65084838867188
15195,6,170,30,40,170,30,49,99,-0.8405175805091858,-0.6189550757408142,-0.49180662631988525,-11.109465599060059,-39.18122100830078,-48.791908264160156
15196,0,170,30,14,170,30,49,191,-0.4967675805091858,-0.3826269507408142,-0.6920019388198853,-164.8193817138672,-17.4865665435791,-9.158320426940918
15197,0,170,30,4,170,30,45,86,-0.8598046898841858,0.2416406273841858,-0.6622167825698853,53.730228424072266,7.078320503234863,-25.70793914794922
15198,0,170,30,4,170,30,46,110,-0.8368554711341858,0.04120117053389549,-0.5962988138198853,-70.04076385498047,18.864580154418945,21.681373596191406
15199,0,170,30,5,170,30,45,59,-0.7394433617591858,-0.10137695074081421,-0.6812597513198853,-5.307938575744629,-32.70793914794922,21.25389289855957
15200,0,170,30,20,170,30,44,75,-0.6491113305091858,-0.11382812261581421,-0.7794042825698853,49.42488479614258,-21.700305938720703,-4.043816566467285
15201,31,170,30,123,170,30,41,154,-0.8512597680091858,-0.1465429663658142,-0.7220312356948853,127.62335968017578,-18.540000915527344,-8.242290496826172
15202,192,170,30,347,170,30,41,41,-0.9581933617591858,-0.3945898413658142,-0.8372656106948853,23.16534423828125,-5.028549671173096,-13.753740310668945
15203,322,170,30,527,170,30,43,39,-0.8295312523841858,-0.03228515759110451,-0.5235449075698853,-24.529312133789062,7.215725421905518,7.849312782287598
15204,165,170,30,457,170,30,49,157,-1.316103458404541,-0.022275391966104507,-0.21348632872104645,-46.4835090637207,108.7271728515625,-2.2575571537017822
15205,53,170,30,244,170,30,54,187,-0.5219140648841858,-0.3152441382408142,-1.0381933450698853,-43.8117561340332,-30.95221519470215,112.59740447998047
15206,18,170,30,136,170,30,46,228,-0.3881250023841858,-0.6909765601158142,-0.9100195169448853,35.440155029296875,-53.97511672973633,-139.2651824951172
15207,4,170,30,113,170,30,43,51,-0.5780664086341858,-0.5530371069908142,-0.5904394388198853,8.020305633544922,34.52870178222656,-8.623969078063965
15208,0,170,30,146,170,30,44,181,-0.7189355492591858,-0.3804296851158142,-0.8018652200698853,-108.14763641357422,-41.36442947387695,32.108856201171875
15209,0,170,30,167,170,30,46,42,-0.7904687523841858,-0.1377539038658142,-0.7303320169448853,-19.21633529663086,15.063053131103516,-8.486564636230469
15210,0,170,30,171,170,30,47,9,-0.7885156273841858,0.03705077990889549,-0.6819921731948853,3.8829007148742676,-2.295725107192993,-3.4178626537323
15211,4,170,30,192,170,30,46,18,-0.8883691430091858,0.030214842408895493,-0.38145506381988525,11.363816261291504,-3.6697709560394287,-3.8911452293395996
15212,116,170,30,304,170,30,46,71,-0.8358789086341858,0.1832910180091858,-0.5765234231948853,46.37145233154297,-23.60870361328125,-1.3262594938278198
15213,288,170,30,480,170,30,47,54,-0.7440820336341858,0.2318750023841858,-0.23667968809604645,31.882902145385742,-5.608702182769775,16.658472061157227
15214,381,170,30,590,170,30,47,28,-0.8856835961341858,-0.1685156226158142,-0.5984960794448853,11.424884796142578,-5.150687217712402,-11.43312931060791
15215,329,170,30,591,170,30,49,31,-0.8773828148841858,0.03436523303389549,-0.5455175638198853,-27.506412506103516,4.116488456726074,0.017251908779144287
15216,113,170,30,369,170,30,56,205,-0.9008203148841858,0.0043359361588954926,-0.5919042825698853,25.027938842773438,93.71954345703125,-86.7613754272461
15217,37,170,30,175,170,30,58,151,-0.6327539086341858,-0.5357031226158142,-1.0386816263198853,39.74549865722656,16.77297592163086,94.59740447998047
15218,12,170,30,90,170,30,54,104,-0.5341210961341858,0.2733789086341858,-0.6258398294448853,37.80656433105469,-9.410228729248047,56.8111457824707
15219,2,170,30,53,170,30,51,52,-0.8436914086341858,0.09051758050918579,-0.5565038919448853,28.40198516845703,1.9332823753356934,-21.998016357421875
15220,0,170,30,39,170,30,53,198,-0.4664941430091858,-0.3818945288658142,-0.8919531106948853,49.730228424072266,41.62793731689453,-106.82244110107422
15221,0,170,30,23,170,30,54,154,-0.6410546898841858,-0.11456054449081421,-0.7034765481948853,-71.68962097167969,5.76534366607666,-76.70030975341797
15222,0,170,30,14,170,30,51,121,-0.6349511742591858,-0.4822363257408142,-0.49180662631988525,-46.31557083129883,-54.44839859008789,-20.86824607849121
15223,0,170,30,10,170,30,41,244,-0.3590722680091858,-0.5317968726158142,-0.9551855325698853,-99.04839324951172,-134.173583984375,-11.4941987991333
15224,0,170,30,9,170,30,28,181,-0.7987695336341858,-0.2754492163658142,-0.38731443881988525,-42.544578552246094,-137.8071746826172,1.2080916166305542
15225,0,170,30,17,170,30,29,121,-0.8287988305091858,-0.3762792944908142,-0.5860449075698853,90.81420135498047,-13.944580078125,16.444732666015625
15226,0,170,30,18,170,30,37,179,-0.8178125023841858,-0.5657324194908142,-0.44883787631988525,-37.35374069213867,71.49053192138672,-70.77664184570312
15227,0,170,30,18,170,30,40,181,-0.6127343773841858,-0.6082128882408142,-0.9830175638198853,66.21878051757812,-60.43313217163086,54.719539642333984
15228,0,170,30,63,170,30,39,78,-0.8732324242591858,-0.09795898199081421,-0.27330076694488525,49.272212982177734,-12.646870613098145,16.169923782348633
15229,0,170,30,110,170,30,42,63,-0.7794824242591858,-0.4695410132408142,-0.38951170444488525,52.615726470947266,-7.852977275848389,-2.9598472118377686
15230,0,170,30,137,170,30,46,37,-0.8146386742591858,-0.3313574194908142,-0.5762792825698853,-25.521678924560547,7.276793956756592,4.551603317260742
15231,0,170,30,153,170,30,50,85,-0.8422265648841858,-0.3931249976158142,-0.5198827981948853,25.195878982543945,35.24625778198242,-24.639238357543945
15232,0,170,30,212,170,30,50,10,-0.9872460961341858,0.021425779908895493,-0.30992186069488525,1.6844274997711182,-0.5094656944274902,8.368396759033203
15233,79,170,30,325,170,30,51,23,-0.8466210961341858,-0.011533204466104507,-0.48936522006988525,-7.0789313316345215,-1.196488618850708,-15.539999961853027
15234,231,170,30,463,170,30,51,132,-0.7318750023841858,-0.1577734351158142,-1.5254980325698853,-30.101831436157227,-50.50946807861328,-52.10488510131836
15235,341,170,30,568,170,30,48,39,-1.077578067779541,-0.000058595091104507446,-0.7593847513198853,-4.849923610687256,-24.44839859008789,-9.875877380371094
15236,393,170,30,636,170,30,48,8,-0.7660546898841858,0.5849023461341858,0.25941407680511475,0.2645801901817322,-7.562900543212891,0.7653435468673706
15237,423,170,30,681,170,30,50,40,-0.8036523461341858,-0.2153906226158142,-0.8753515481948853,8.081374168395996,22.620304107666016,9.940916061401367
15238,333,170,30,652,170,30,54,103,-1.066103458404541,-0.3887304663658142,-1.0220800638198853,-43.1858024597168,27.918014526367188,-32.59343719482422
15239,104,170,30,358,170,30,63,325,-0.4183984398841858,-0.9412207007408142,-0.49937498569488525,89.83709716796875,134.14703369140625,-102.0132827758789
15240,39,170,30,154,170,30,62,245,-0.7699609398841858,-0.5496191382408142,-0.7269140481948853,29.699695587158203,-29.654504776000977,186.5210723876953
15242,12,170,30,59,170,30,58,93,-0.4804101586341858,-0.3928808569908142,-0.7110449075698853,-5.384274482727051,-39.74610900878906,-48.53236770629883
15243,2,170,30,26,170,30,52,106,-1.212099552154541,-1.940000057220459,-0.9373632669448853,0.9668702483177185,-71.5018310546875,33.84931182861328
15244,0,170,30,28,170,30,50,40,-0.8615136742591858,-0.2170996069908142,-0.47251951694488525,1.6844274997711182,-1.914045810699463,36.887481689453125
15245,0,170,30,62,170,30,53,28,-0.8790917992591858,-0.2759374976158142,-0.38731443881988525,4.172976970672607,8.14702320098877,16.307327270507812
15246,29,170,30,133,170,30,55,5,-0.8983789086341858,-0.3994726538658142,-0.31871092319488525,-0.3461068868637085,-3.196488618850708,1.81877863407135
15247,140,170,30,235,170,30,55,61,-0.9757714867591858,-0.7991308569908142,0.05433593690395355,-22.43770980834961,-23.959848403930664,-15.585801124572754
15248,234,170,30,390,170,30,54,87,-0.8544335961341858,0.10223633050918579,-0.48619139194488525,-24.63618278503418,-35.791908264160156,-26.959848403930664
15249,301,170,30,513,170,30,52,23,-0.9020410180091858,-0.2986425757408142,-0.31358397006988525,19.959238052368164,-1.730839729309082,1.5287023782730103
15250,320,170,30,563,170,30,54,77,-0.8898339867591858,-0.2473730444908142,-0.05186523497104645,25.16534423828125,33.07831954956055,18.780609130859375
15251,214,170,30,536,170,30,57,80,-1.059999942779541,-0.04180664196610451,-0.40098631381988525,-42.666717529296875,1.948549747467041,-35.64686965942383
15252,68,170,30,299,170,30,63,161,-0.5980859398841858,-0.8652929663658142,-0.49375975131988525,40.38671875,46.71190643310547,-74.37969207763672
15253,22,170,30,122,170,30,63,159,-0.5853906273841858,-0.7661718726158142,-0.35191404819488525,26.70732879638672,26.39129638671875,106.75007629394531
15254,7,170,30,51,170,30,59,70,-0.8121972680091858,-0.1272558569908142,-0.49156248569488525,3.653892993927002,-29.99038314819336,37.13175582885742
15255,1,170,30,19,170,30,57,67,-0.7426171898841858,-0.5903906226158142,-0.46739256381988525,9.318015098571777,-14.61633586883545,-43.34152603149414
15256,0,170,30,8,170,30,55,55,-0.7269921898841858,-0.7066015601158142,-0.41783201694488525,-14.025496482849121,-19.898778915405273,21.83404541015625
15257,0,170,30,17,170,30,54,45,-0.9049707055091858,-0.2913183569908142,-0.35166990756988525,-12.559847831726074,-9.883511543273926,23.299694061279297
15258,0,170,30,39,170,30,56,25,-0.8561425805091858,-0.3967871069908142,-0.34117186069488525,5.5317559242248535,9.368396759033203,-10.944580078125
15259,0,170,30,62,170,30,56,41,-0.8671289086341858,-0.3721289038658142,-0.34312498569488525,-2.666717529296875,-8.127786636352539,30.887479782104492
15260,45,170,30,89,170,30,57,27,-0.9547753930091858,-0.5337499976158142,-0.35435545444488525,-22.483510971069336,3.4905343055725098,-1.0972518920898438
15261,103,170,30,83,170,30,59,25,-0.9306054711341858,-0.2420019507408142,-0.34629881381988525,-16.391908645629883,1.9638168811798096,6.8569464683532715
15262,83,170,30,44,170,30,63,130,-0.9354882836341858,-0.10870116949081421,-0.5149999856948853,-75.96442413330078,39.56686782836914,-15.43312931060791
15263,26,170,30,23,170,30,71,316,-0.6737695336341858,-0.2620214819908142,-0.6326757669448853,-151.44534301757812,132.37603759765625,32.99435043334961
15264,7,170,30,9,170,30,73,118,-0.5524316430091858,-0.2385839819908142,-0.8890234231948853,-11.491145133972168,61.20045852661133,-45.96748352050781
15265,1,170,30,1,170,30,72,185,-0.7555566430091858,0.3126855492591858,-0.7618261575698853,-45.30793762207031,100.40656280517578,39.345497131347656
15266,0,170,30,0,170,30,68,98,-0.4364648461341858,0.03998046740889549,-0.9830175638198853,-27.3995418548584,41.15465545654297,-29.662137985229492
15267,0,170,30,0,170,30,61,242,-0.4979882836341858,0.09149414300918579,-0.7086035013198853,203.91343688964844,19.765342712402344,-18.898778915405273
15268,0,170,30,0,170,30,56,92,-0.5360742211341858,-0.2141699194908142,-0.6212011575698853,-14.132367134094238,22.940916061401367,55.84931182861328
15269,0,170,30,27,170,30,44,141,-0.3983789086341858,-0.6243261694908142,-0.8145605325698853,8.081374168395996,-78.11251831054688,55.46763229370117
15270,0,170,30,169,170,30,34,192,-0.6837792992591858,-0.11846679449081421,-0.7435156106948853,-86.498779296875,-53.19649124145508,52.56686782836914
15271,0,170,30,339,170,30,33,47,-0.7645898461341858,-0.08086913824081421,-0.6661230325698853,-24.529312133789062,-16.96748161315918,-5.936946392059326
15272,0,170,30,414,170,30,35,14,-0.6735253930091858,-0.1289648413658142,-0.8629003763198853,-2.5445799827575684,-11.013282775878906,1.4370992183685303
15273,0,170,30,428,170,30,35,41,-0.7709375023841858,-0.1321386694908142,-0.6946874856948853,30.06610679626465,-6.998015403747559,4.872213840484619
15274,0,170,30,461,170,30,34,73,-0.7282128930091858,-0.021542970091104507,-0.7283788919448853,7.180610656738281,-45.30335998535156,-21.173587799072266
15275,0,170,30,530,170,30,34,25,-0.8202539086341858,-0.10088866949081421,-0.6185156106948853,16.768396377563477,-0.7384732961654663,8.032519340515137
15276,0,170,30,596,170,30,36,24,-0.8905664086341858,0.09857422113418579,-0.5167089700698853,4.585190773010254,-10.753740310668945,8.76534366607666
15277,0,170,30,635,170,30,38,44,-0.9330468773841858,-0.013730470091104507,-0.5010839700698853,-10.575115203857422,-9.791908264160156,24.582136154174805
15278,0,170,30,610,170,30,45,161,-0.7111230492591858,-0.4500097632408142,-0.7901464700698853,55.85236740112305,54.00961685180664,-51.601070404052734
15279,0,170,30,502,170,30,47,126,-0.6764550805091858,0.04315429553389549,-0.5215917825698853,72.8752670288086,44.7424430847168,8.85694694519043
15280,0,170,30,375,170,30,42,150,-1.032900333404541,0.11883789300918579,-0.5418554544448853,-22.117097854614258,-34.998016357421875,93.2386245727539
15281,0,170,30,243,170,30,41,175,-0.1320214867591858,-0.6555761694908142,-0.44957029819488525,-52.651451110839844,-87.65450286865234,35.543968200683594
15282,0,170,30,157,170,30,35,58,-1.099306583404541,0.2162500023841858,-0.6224218606948853,3.7760305404663086,-27.257558822631836,27.925647735595703
15283,0,170,30,168,170,30,40,35,-0.7318750023841858,-0.2349218726158142,-0.30333006381988525,14.188243865966797,-19.761375427246094,-1.2957251071929932
15284,0,170,30,252,170,30,42,50,-0.7638574242591858,0.1427636742591858,-0.6932226419448853,11.623358726501465,30.83404541015625,-7.998015403747559
15285,0,170,30,344,170,30,45,34,-0.8534570336341858,-0.1904882788658142,-0.5482031106948853,21.959238052368164,8.299695014953613,-4.013282299041748
15286,0,170,30,409,170,30,46,20,-0.8800683617591858,-0.1582617163658142,-0.49107420444488525,-10.544580459594727,-5.852977275848389,-3.7537403106689453
15287,0,170,30,426,170,30,48,8,-0.8178125023841858,-0.2529882788658142,-0.5264745950698853,-2.498778820037842,0.024885475635528564,6.322595596313477
15288,0,170,30,427,170,30,48,28,-0.8280664086341858,-0.2334570288658142,-0.5848242044448853,-5.979694366455078,-11.547633171081543,10.902748107910156
15290,32,170,30,437,170,30,48,19,-0.8876367211341858,-0.11822265386581421,-0.5567480325698853,9.989770889282227,-2.7537403106689453,-7.173587799072266
15291,137,170,30,478,170,30,49,4,-0.8720117211341858,0.011660154908895493,-0.6165624856948853,-0.972061038017273,-3.1354198455810547,0.0630534291267395
15292,223,170,30,539,170,30,49,117,-0.7811914086341858,0.12201172113418579,-0.9200292825698853,-4.743053436279297,-55.15068817138672,-57.29572677612305
15293,269,170,30,608,170,30,47,38,-0.9271875023841858,-0.2134374976158142,0.03333984315395355,4.493587970733643,-24.524734497070312,-9.723206520080566
15294,283,170,30,664,170,30,48,89,-0.7421289086341858,-0.2297949194908142,-0.03331054747104645,50.78366470336914,16.437097549438477,21.879846572875977
15295,320,170,30,716,170,30,49,46,-0.7694726586341858,0.6100488305091858,-0.9095312356948853,0.9668702483177185,29.04778480529785,16.21572494506836
15296,198,170,30,671,170,30,54,121,-1.213564395904541,0.1547265648841858,-0.05870117247104645,-18.987327575683594,56.101219177246094,-46.2575569152832
15297,63,170,30,479,170,30,60,146,-0.7599511742591858,-0.4612402319908142,-0.6070410013198853,45.40961837768555,44.36076354980469,-57.1430549621582
15298,22,170,30,266,170,30,59,137,-0.5709863305091858,-0.8149999976158142,-0.8362890481948853,-1.2621372938156128,-6.555267333984375,130.0630645751953
15299,7,170,30,132,170,30,51,91,-1.016542911529541,-0.09307616949081421,-0.25401365756988525,-2.9720611572265625,-40.998016357421875,-47.44839859008789
15300,1,170,30,70,170,30,47,157,-0.6459375023841858,-0.4566015601158142,-0.31626951694488525,-30.285037994384766,-96.1277847290039,30.826412200927734
15301,0,170,30,61,170,30,50,119,-0.4227929711341858,-0.3906835913658142,-0.7715917825698853,45.10427474975586,34.89511489868164,-39.234657287597656
15302,0,170,30,120,170,30,49,42,-1.019472599029541,0.07342773675918579,-0.30992186069488525,16.890535354614258,-5.394961833953857,19.97144889831543
15303,0,170,30,231,170,30,49,86,-0.8466210961341858,-0.2141699194908142,-0.5152441263198853,-24.743053436279297,-11.837709426879883,49.666107177734375
15304,20,170,30,342,170,30,49,64,-1.029482364654541,-0.5693945288658142,-0.36460936069488525,-20.63618278503418,2.5745038986206055,41.681373596191406
15305,176,170,30,449,170,30,49,28,-0.8766503930091858,0.04486327990889549,-0.36998045444488525,-15.888091087341309,2.2844274044036865,10.001984596252441
15306,279,170,30,539,170,30,47,100,-0.4835839867591858,-0.3699316382408142,0.34559571743011475,1.2569465637207031,-56.08198547363281,-43.06671905517578
15307,305,170,30,634,170,30,49,34,-0.8778710961341858,-0.2083105444908142,-0.42540037631988525,25.669160842895508,-1.6697709560394287,-7.4636640548706055
15308,302,170,30,695,170,30,51,75,-1.167177677154541,0.015322264283895493,-0.8055273294448853,22.26458168029785,27.29206085205078,25.83404541015625
15309,269,170,30,687,170,30,54,42,-0.8165917992591858,-0.3655371069908142,-0.022568359971046448,-16.361373901367188,26.223358154296875,0.3989312946796417
15310,109,170,30,583,170,30,60,197,-0.9808984398841858,-0.11114257574081421,-0.23741210997104645,51.13481140136719,82.26915740966797,-63.891143798828125
15311,34,170,30,319,170,30,66,102,-0.8185449242591858,-0.4834570288658142,-0.7034765481948853,7.516488552093506,61.94854736328125,-33.41786193847656
15312,11,170,30,134,170,30,62,325,-0.6596093773841858,0.5455957055091858,-0.40367186069488525,-168.02549743652344,16.421831130981445,141.54397583007812
15313,3,170,30,52,170,30,59,101,-0.3969140648841858,-0.5234960913658142,-0.6273046731948853,12.72259521484375,-48.875877380371094,-39.92168045043945
15314,0,170,30,16,170,30,57,86,-0.6520410180091858,-0.4900488257408142,-0.9998632669448853,40.78366470336914,-25.0438175201416,20.398929595947266
15315,0,170,30,4,170,30,51,66,-0.8602929711341858,-0.3279394507408142,-0.6441503763198853,-8.88045883178711,-28.96748161315918,28.536334991455078
15316,0,170,30,14,170,30,47,129,-0.8439355492591858,-0.4395117163658142,-0.6334081888198853,70.24931335449219,-44.44839859008789,15.009618759155273
15317,0,170,30,96,170,30,46,72,-0.7597070336341858,-0.06353515386581421,-0.6837011575698853,33.272212982177734,-14.539999961853027,24.6126708984375
15318,0,170,30,240,170,30,46,17,-0.7992578148841858,-0.023740235716104507,-0.6414648294448853,6.905801773071289,8.43709945678711,2.307328224182129
15319,0,170,30,366,170,30,46,121,-0.7653222680091858,-0.1633886694908142,-0.6478124856948853,-46.59038162231445,-26.06671905517578,49.07068634033203
15320,14,170,30,465,170,30,46,34,-0.8673730492591858,0.2472558617591858,-0.5093847513198853,-12.681984901428223,6.147022724151611,15.43709945678711
15321,96,170,30,546,170,30,48,43,-0.6769433617591858,0.1635156273841858,-0.6204687356948853,-26.865190505981445,7.76534366607666,-9.356793403625488
15322,154,170,30,594,170,30,48,64,-0.7965722680091858,0.4032617211341858,-0.8782812356948853,-7.628549098968506,-15.791908264160156,-41.44839859008789
15323,185,170,30,626,170,30,46,26,-0.7684960961341858,0.0031152330338954926,-0.6761327981948853,11.3943510055542,3.276793956756592,-11.52473258972168
15324,193,170,30,647,170,30,46,66,-0.7267480492591858,0.8471093773841858,-0.9122167825698853,51.04320526123047,5.887480735778809,-9.936946868896484
15325,194,170,30,622,170,30,48,13,-0.9413476586341858,0.1664453148841858,-0.7662206888198853,1.5928244590759277,5.49053430557251,6.76534366607666
15326,82,170,30,545,170,30,55,274,-0.9953027367591858,0.3361230492591858,-0.44273436069488525,64.50885009765625,137.2310028076172,-73.17359161376953
15327,26,170,30,327,170,30,58,117,-0.4730859398841858,-0.5603613257408142,-0.8160253763198853,70.86000061035156,14.879847526550293,-31.463665008544922
15328,7,170,30,159,170,30,57,167,-0.5914941430091858,-0.4280371069908142,-0.7447363138198853,42.41725158691406,65.82640838623047,58.841678619384766
15329,2,170,30,70,170,30,57,291,-0.6027246117591858,-0.5830664038658142,-1.0572363138198853,-140.1934356689453,31.719539642333984,119.9867172241211
15330,0,170,30,27,170,30,51,95,-0.3041406273841858,-0.2803320288658142,-0.9424902200698853,-28.941526412963867,-55.333892822265625,-11.723206520080566
15331,0,170,30,12,170,30,40,264,-0.6527734398841858,0.1881738305091858,-0.9444433450698853,-66.80412292480469,-85.77664184570312,-112.3186264038086
15332,0,170,30,10,170,30,33,381,-0.4535546898841858,-0.1533789038658142,-0.9808202981948853,120.2035140991211,-91.70030975341797,-169.21937561035156
15333,0,170,30,11,170,30,30,98,-0.9545312523841858,0.1947656273841858,-0.38316404819488525,-12.636183738708496,-44.90641403198242,40.826412200927734
15334,0,170,30,16,170,30,34,115,-0.7147851586341858,-0.2910742163658142,-0.40928709506988525,-11.643816947937012,28.223358154296875,75.19282531738281
15335,0,170,30,20,170,30,37,51,-0.8627343773841858,-0.4758886694908142,-0.6829687356948853,-25.750686645507812,9.704275131225586,-16.517099380493164
15336,0,170,30,31,170,30,38,108,-0.4345117211341858,-0.2886328101158142,-0.6180273294448853,-30.65144920349121,-38.173587799072266,39.89511489868164
15337,0,170,30,89,170,30,40,57,-0.7335839867591858,-0.4241308569908142,-0.44151365756988525,-20.45297622680664,-2.692671775817871,34.68900680541992
15338,0,170,30,167,170,30,42,39,-0.7492089867591858,-0.3093847632408142,-0.6038671731948853,14.43251895904541,19.750076293945312,5.482900619506836
15339,0,170,30,196,170,30,43,42,-0.7826562523841858,-0.2031835913658142,-0.6898046731948853,-20.743053436279297,-17.257558822631836,4.78061056137085
15340,5,170,30,236,170,30,43,5,-0.9516015648841858,-0.1548437476158142,-0.6978613138198853,1.4248855113983154,-0.6163358688354492,-3.0667176246643066
15341,127,170,30,327,170,30,43,77,-0.9440332055091858,0.2296777367591858,-0.8397070169448853,4.371450424194336,-31.74610710144043,-41.50946807861328
15342,187,170,30,415,170,30,42,36,-0.8395410180091858,-0.2778906226158142,-0.5381933450698853,-9.017863273620605,-6.051450252532959,-21.906414031982422
15343,64,170,30,304,170,30,50,82,-0.5941796898841858,-0.5869726538658142,-0.7789160013198853,20.356184005737305,58.177555084228516,-4.135419845581055
15344,21,170,30,208,170,30,48,68,-0.8473535180091858,-0.2007421851158142,-0.5823827981948853,-27.09419822692871,-28.3873291015625,13.330228805541992
15346,52,170,30,207,170,30,47,43,-0.8512597680091858,-0.5017675757408142,-0.41612303256988525,13.21114444732666,-1.944580078125,28.383663177490234
15347,218,170,30,307,170,30,48,43,-0.7304101586341858,0.4235253930091858,-0.31285154819488525,3.9897708892822266,-34.92168045043945,4.39893102645874
15348,143,170,30,306,170,30,53,277,-1.150576114654541,0.2575097680091858,0.04823242127895355,73.82183074951172,150.22335815429688,-53.52473449707031
15349,44,170,30,141,170,30,61,93,-0.4564843773841858,-0.7693457007408142,-1.1031347513198853,8.401984214782715,31.42946434020996,53.91038131713867
15350,16,170,30,54,170,30,52,191,-0.2658105492591858,0.11151367425918579,-0.7320410013198853,44.20351028442383,-35.47129821777344,-111.37206268310547
15351,4,170,30,25,170,30,45,94,-1.359072208404541,-0.4465917944908142,-1.1475683450698853,-26.162900924682617,9.429465293884277,-59.219390869140625
15352,0,170,30,30,170,30,45,68,-0.8519921898841858,-0.2544531226158142,-0.7154394388198853,-25.29267120361328,8.6050386428833,-35.02091598510742
15353,0,170,30,49,170,30,42,161,-0.5431542992591858,-0.5901464819908142,-0.8511816263198853,1.0890076160430908,-84.44839477539062,76.1241226196289
15354,152,170,30,142,170,30,41,135,-0.8554101586341858,-0.3452734351158142,-0.15586914122104645,1.638625979423523,-60.46366500854492,-73.03618621826172
15355,143,170,30,203,170,30,41,90,-1.079042911529541,-0.2210058569908142,-0.015732422471046448,-37.47587585449219,11.292060852050781,-41.662139892578125
15356,42,170,30,127,170,30,47,72,-0.6571679711341858,-0.5286230444908142,-0.6360937356948853,-8.773588180541992,27.59740447998047,35.80350875854492
15357,12,170,30,70,170,30,48,51,-0.7687402367591858,-0.2776464819908142,-0.6495214700698853,-28.19343376159668,-10.127786636352539,13.223359107971191
15358,34,170,30,67,170,30,46,25,-0.8329492211341858,-0.2073339819908142,-0.6458593606948853,8.23404598236084,-3.1506869792938232,14.56687068939209
15359,172,170,30,152,170,30,47,29,-0.8004785180091858,0.10809570550918579,-0.9295507669448853,-13.124732971191406,-12.982748031616211,-3.7079386711120605
15360,99,170,30,147,170,30,50,163,-0.9401269555091858,0.05682617053389549,-0.40635740756988525,26.72259521484375,80.40656280517578,-56.80717468261719
15361,30,170,30,68,170,30,58,195,-0.6056542992591858,-0.3687109351158142,-0.7432714700698853,-81.2163314819336,107.52106475830078,7.147022724151611
15362,9,170,30,23,170,30,59,296,-0.8092675805091858,0.1544824242591858,-0.7640234231948853,-209.5216827392578,52.65083694458008,33.986717224121094
15363,1,170,30,6,170,30,56,11,-0.6847558617591858,0.4684472680091858,-0.8824316263198853,-2.636183261871338,-7.410229206085205,-1.555267095565796
15364,0,170,30,1,170,30,50,45,-0.7296777367591858,0.0018945299088954926,-0.9224706888198853,18.890535354614258,-26.57053565979004,-0.41022899746894836
15365,0,170,30,8,170,30,41,213,-0.5182519555091858,0.1376367211341858,-0.5919042825698853,142.00503540039062,-59.501834869384766,-11.952213287353516
15366,0,170,30,35,170,30,37,160,-0.7948632836341858,-0.1428808569908142,-0.6348730325698853,88.99740600585938,-39.47129821777344,-32.10488510131836
15367,0,170,30,69,170,30,38,9,-0.5299707055091858,-0.1897558569908142,-0.8472753763198853,-1.933893084526062,2.513435125350952,-4.578167915344238
15368,0,170,30,112,170,30,41,115,-0.6286035180091858,-0.3025488257408142,-0.9205175638198853,72.37145233154297,20.437097549438477,-22.60870361328125
15369,0,170,30,214,170,30,36,46,-1.064638614654541,0.6083398461341858,-0.33970701694488525,28.58519172668457,-11.914045333862305,-6.227022647857666
15370,0,170,30,321,170,30,38,111,-0.7335839867591858,-0.1975683569908142,-0.7129980325698853,-39.41481018066406,-43.013282775878906,29.345495223999023
15371,112,170,30,464,170,30,39,88,-0.8944726586341858,-0.1426367163658142,-0.6876074075698853,-17.827022552490234,-26.280458450317383,-44.501834869384766
15372,147,170,30,565,170,30,41,31,-0.8710351586341858,-0.2302832007408142,-0.5936132669448853,-19.582748413085938,3.0630533695220947,-8.379694938659668
15373,44,170,30,503,170,30,47,60,-0.7413964867591858,-0.2236914038658142,-0.8436132669448853,28.310382843017578,28.7119083404541,-3.952213764190674
15374,14,170,30,410,170,30,45,98,-0.7689843773841858,-0.2097753882408142,-0.6646581888198853,-36.651451110839844,-43.822444915771484,18.35312843322754
15375,121,170,30,460,170,30,46,57,-0.8419824242591858,-0.2385839819908142,-0.6067968606948853,-22.422441482543945,-2.188854932785034,33.07068634033203
15376,218,170,30,555,170,30,46,23,-0.9071679711341858,-0.0064062513411045074,-0.5516210794448853,6.966870307922363,-0.7537404894828796,-15.539999961853027
15377,65,170,30,446,170,30,58,302,-0.4977441430091858,-0.6345800757408142,-0.8482519388198853,130.3103790283203,123.20045471191406,-49.40259552001953
15378,22,170,30,234,170,30,52,157,-0.7662988305091858,0.1937890648841858,-0.6338964700698853,-34.52931213378906,-30.32625961303711,92.6584701538086
15379,6,170,30,125,170,30,48,45,-0.8444238305091858,0.2296777367591858,-0.29942381381988525,10.844732284545898,-15.318625450134277,-19.06671905517578
15380,1,170,30,77,170,30,45,102,-0.6610742211341858,-0.2085546851158142,-0.7754980325698853,-51.53694534301758,-25.82244300842285,-24.837711334228516
15381,0,170,30,89,170,30,51,176,-0.7135644555091858,-0.1577734351158142,-0.49742186069488525,-19.23160171508789,105.99434661865234,-51.05145263671875
15382,0,170,30,151,170,30,46,47,-0.9559960961341858,0.2265039086341858,-0.49351561069488525,5.714962005615234,-29.54763412475586,-12.593435287475586
15383,42,170,30,264,170,30,45,9,-0.9025292992591858,-0.2659277319908142,-0.5606542825698853,-0.25450384616851807,-7.059083938598633,-2.364427328109741
15384,105,170,30,402,170,30,45,47,-0.8788476586341858,-0.3601660132408142,-0.48277342319488525,-14.40717601776123,-4.23465633392334,-28.914047241210938
15385,32,170,30,387,170,30,53,85,-0.5502343773841858,-0.5017675757408142,-0.8521581888198853,21.76076316833496,62.89511489868164,0.9790840148925781
15386,10,170,30,269,170,30,50,60,-0.8634667992591858,-0.07647460699081421,-0.5242773294448853,-24.681983947753906,-17.883512496948242,18.35312843322754
15387,9,170,30,216,170,30,47,133,-0.9164453148841858,0.020205076783895493,0.21083007752895355,-70.89572143554688,21.398929595947266,41.07068634033203
15388,96,170,30,298,170,30,47,29,-0.7785058617591858,-0.2534765601158142,-0.5242773294448853,-7.964427471160889,-8.32625961303711,12.750076293945312
15389,118,170,30,399,170,30,47,25,-0.7924218773841858,-0.3347753882408142,-0.5303808450698853,5.28748083114624,-0.6163358688354492,-19.417863845825195
15390,34,170,30,258,170,30,58,283,-0.5988183617591858,-0.5061621069908142,-0.8399511575698853,131.56228637695312,111.26152801513672,-40.63923645019531
15391,11,170,30,118,170,30,50,186,-0.6044335961341858,0.017763670533895493,-0.49839842319488525,-43.61328125,-54.173587799072266,88.6126708984375
15392,2,170,30,53,170,30,49,32,-0.8121972680091858,0.1344628930091858,-0.42393553256988525,2.5699236392974854,-10.509465217590332,-19.06671905517578
15393,0,170,30,32,170,30,42,129,-0.7245507836341858,-0.4373144507408142,-0.30674803256988525,80.2035140991211,-27.92931365966797,21.314960479736328
15394,0,170,30,45,170,30,48,73,-0.5175195336341858,-1.147275447845459,-0.42710936069488525,-23.201068878173828,31.200456619262695,19.20808982849121
15395,0,170,30,99,170,30,47,128,-0.8439355492591858,-0.09869140386581421,-0.7256933450698853,-15.842289924621582,-41.92931365966797,70.82640838623047
15396,89,170,30,243,170,30,46,181,-0.3878808617591858,-0.11919921636581421,-0.8248144388198853,-9.47587776184082,-73.83770751953125,-97.79954528808594
15397,66,170,30,372,170,30,47,115,-0.9328027367591858,-0.1907324194908142,-0.23423828184604645,29.073741912841797,79.50579833984375,-6.837709903717041
15399,19,170,30,254,170,30,53,29,-0.6173730492591858,-0.4729589819908142,-0.8467870950698853,-0.7735878229141235,12.43709945678711,16.108854293823242
15400,5,170,30,181,170,30,51,31,-0.8134179711341858,-0.2913183569908142,-0.5345312356948853,-11.506412506103516,-12.005648612976074,7.589770793914795
15401,29,170,30,184,170,30,48,15,-0.8602929711341858,-0.028867188841104507,-0.23814453184604645,6.371450424194336,-5.822442531585693,2.841679334640503
15402,153,170,30,343,170,30,48,48,-0.9125390648841858,-0.1267675757408142,-0.8094335794448853,-31.73542022705078,3.124122142791748,13.92564868927002
15403,121,170,30,395,170,30,50,131,-1.269960880279541,0.3685937523841858,-0.15049804747104645,-14.804122924804688,56.7271728515625,-60.36442947387695
15404,36,170,30,218,170,30,59,107,-0.5209375023841858,-0.9754003882408142,-0.8348242044448853,24.936336517333984,74.45236206054688,8.47526741027832
15405,11,170,30,89,170,30,59,40,-0.2030664086341858,-0.8057226538658142,-1.1292577981948853,-0.11709922552108765,32.81877899169922,-7.387328147888184
15406,3,170,30,34,170,30,44,240,-0.7921777367591858,-0.04644531384110451,-0.48545897006988525,-73.15526580810547,-138.1888427734375,-28.837711334228516
15407,0,170,30,22,170,30,44,104,-0.8558984398841858,-0.05840820446610451,-0.5594335794448853,64.27984619140625,-19.36442756652832,-21.32625961303711
15408,0,170,30,20,170,30,45,59,-0.9396386742591858,-0.07549804449081421,-0.47251951694488525,37.97450256347656,-18.677406311035156,-2.486564874649048
15409,0,170,30,36,170,30,45,51,-0.8454003930091858,-0.2954687476158142,-0.10337890684604645,-5.338473320007324,17.322593688964844,28.93328094482422
15410,0,170,30,134,170,30,50,98,-1.075624942779541,0.024843748658895493,-0.6690527200698853,16.6004581451416,16.864580154418945,65.43709564208984
15411,0,170,30,268,170,30,50,87,-0.8236718773841858,-0.1965917944908142,-0.5198827981948853,-36.559844970703125,-17.440763473510742,33.986717224121094
15412,0,170,30,353,170,30,50,36,-0.7785058617591858,-0.3508886694908142,-0.5884863138198853,-13.796488761901855,-12.372060775756836,9.849312782287598
15413,17,170,30,408,170,30,49,47,-1.008730411529541,-0.11944335699081421,-0.6666113138198853,17.18061065673828,-0.31099238991737366,30.139389038085938
15414,235,170,30,547,170,30,47,123,-0.6239648461341858,0.07245117425918579,-1.2703710794448853,-30.7125186920166,-40.31099319458008,-51.982749938964844
15415,367,170,30,577,170,30,45,36,-0.6080957055091858,0.022402342408895493,-0.16758789122104645,-17.61328125,0.543969452381134,-18.562902450561523
15416,207,170,30,416,170,30,49,300,-1.373964786529541,0.4232812523841858,0.20545898377895355,86.1271743774414,108.45236206054688,-106.07434844970703
15417,64,170,30,204,170,30,56,125,-0.7167382836341858,-0.5776953101158142,-0.5037695169448853,47.59282684326172,32.83404541015625,44.64320373535156
15418,21,170,30,91,170,30,53,142,-0.7960839867591858,-0.2056249976158142,-0.5511327981948853,25.027938842773438,-49.74610900878906,-68.07434844970703
15419,6,170,30,55,170,30,48,92,-0.8932519555091858,-0.2454199194908142,-0.08750976622104645,-21.338472366333008,-44.90641403198242,25.757709503173828
15420,0,170,30,78,170,30,51,52,-0.5433984398841858,-1.088681697845459,-0.9808202981948853,-32.81938934326172,13.536335945129395,5.6813740730285645
15421,0,170,30,143,170,30,52,26,-0.6461816430091858,-0.6065039038658142,-0.7374120950698853,8.569923400878906,9.063053131103516,-8.379694938659668
15422,0,170,30,194,170,30,52,27,-0.8707910180091858,-0.3325781226158142,-0.41929686069488525,15.85236644744873,9.460000038146973,-1.9369466304779053
15423,90,170,30,242,170,30,51,49,-0.9350000023841858,-0.5669531226158142,-0.29698240756988525,-17.353740692138672,-4.814809322357178,27.803510665893555
15424,306,170,30,335,170,30,48,116,-0.7992578148841858,-0.05791992321610451,-0.35069334506988525,-37.506412506103516,-19.715574264526367,-59.06671905517578
15425,285,170,30,290,170,30,45,99,-0.9562402367591858,0.0067773424088954926,-0.5482031106948853,-36.88045883178711,-42.601070404052734,-20.394962310791016
15426,81,170,30,129,170,30,59,280,-0.5485253930091858,-0.7756933569908142,-0.6775976419448853,119.83709716796875,156.65084838867188,4.078320503234863
15427,26,170,30,45,170,30,61,110,-0.5985742211341858,0.1342187523841858,-0.49986326694488525,12.493587493896484,35.30732727050781,62.87221145629883
15428,9,170,30,16,170,30,52,73,-0.7616601586341858,-0.0037207044661045074,-0.27159178256988525,-48.86518859863281,-4.631603240966797,19.5134334564209
15429,1,170,30,10,170,30,49,81,-0.6466699242591858,-0.1333593726158142,-0.6871191263198853,-25.582748413085938,37.887481689453125,-17.906414031982422
15430,0,170,30,13,170,30,49,90,-0.9469628930091858,0.1591210961341858,-0.5345312356948853,-19.99496078491211,-27.196489334106445,43.04015350341797
15431,0,170,30,26,170,30,49,82,-0.6923242211341858,-0.2341894507408142,-0.6050878763198853,24.172977447509766,29.459999084472656,-29.32625961303711
15432,0,170,30,39,170,30,49,20,-0.8593164086341858,-0.1506933569908142,-0.5814062356948853,-9.47587776184082,3.521068572998047,7.63557243347168
15433,17,170,30,51,170,30,49,93,-0.7870507836341858,0.11688476800918579,-0.7090917825698853,-28.25450325012207,21.59740447998047,43.42183303833008
15434,123,170,30,91,170,30,47,101,-0.5123925805091858,0.1478906273841858,-1.0762792825698853,-19.29267120361328,-34.24992370605469,-48.30335998535156
15435,240,170,30,144,170,30,46,29,-0.7003808617591858,-0.1853613257408142,-0.6089941263198853,-11.781221389770508,10.269160270690918,-7.662137031555176
15436,170,170,30,101,170,30,47,80,-1.205263614654541,0.1642480492591858,-0.05650390684604645,-13.85755729675293,-25.089618682861328,-42.013282775878906
15437,48,170,30,39,170,30,60,235,-0.3456445336341858,-0.6731542944908142,-0.8804785013198853,106.8294677734375,102.40656280517578,25.864580154418945
15438,17,170,30,12,170,30,52,169,-0.4581933617591858,-0.05132812634110451,-0.6343847513198853,-41.460609436035156,-69.70030975341797,57.91038131713867
15439,4,170,30,5,170,30,46,125,-0.5436425805091858,-0.4524511694908142,-0.9649511575698853,-23.369007110595703,-13.532366752624512,-88.9903793334961
15440,0,170,30,8,170,30,43,58,-1.160341739654541,0.1561914086341858,-0.42344725131988525,-37.109466552734375,-20.112520217895508,-0.9751144647598267
15441,0,170,30,18,170,30,45,129,-0.6310449242591858,-0.5503515601158142,-0.7381445169448853,-46.78885269165039,-38.72320556640625,43.7271728515625
15442,0,170,30,32,170,30,47,34,-0.7440820336341858,-0.3123144507408142,-0.6754003763198853,1.027938961982727,26.20808982849121,-7.478931427001953
15443,34,170,30,61,170,30,45,75,-0.8551660180091858,-0.12139648199081421,-0.04380859434604645,59.28748321533203,-8.61633586883545,-7.707939147949219
15444,213,170,30,129,170,30,45,59,-0.9987207055091858,-0.027890626341104507,-0.7156835794448853,13.180610656738281,-8.677404403686523,-37.37206268310547
15446,368,170,30,183,170,30,45,28,-1.108583927154541,-0.3779882788658142,-0.7261816263198853,-15.048397064208984,-2.4178626537323,-11.204122543334961
15447,250,170,30,135,170,30,45,52,-1.025087833404541,-0.1650976538658142,-0.32603514194488525,-29.79648780822754,-15.623969078063965,-6.730839729309082
15448,82,170,30,54,170,30,55,199,-0.2838769555091858,-0.6626562476158142,-0.8572851419448853,84.75312805175781,68.9867172241211,45.80350875854492
15449,29,170,30,17,170,30,50,244,-0.5514550805091858,-0.05816406384110451,-0.7027441263198853,-49.872825622558594,-91.07434844970703,103.055419921875
15450,10,170,30,11,170,30,47,120,-0.7147851586341858,-0.4136328101158142,-0.38243162631988525,22.554656982421875,28.00961685180664,-69.99801635742188
15451,1,170,30,36,170,30,46,82,-0.8283105492591858,-0.1780371069908142,-0.49937498569488525,22.020305633544922,-7.547633647918701,53.162288665771484
15452,0,170,30,36,170,30,47,109,-1.128115177154541,0.3695703148841858,-0.9261327981948853,4.0966410636901855,-13.318625450134277,91.6813735961914
15453,0,170,30,28,170,30,47,150,-0.8768945336341858,-0.3445410132408142,-0.45420897006988525,-91.4300765991211,-19.120153427124023,-40.15068817138672
15454,0,170,30,28,170,30,49,91,-0.5448632836341858,-0.7156347632408142,-0.6756445169448853,-3.1858015060424805,-49.791908264160156,38.459999084472656
15455,0,170,30,47,170,30,47,50,-0.6911035180091858,-0.6079687476158142,-0.5093847513198853,-14.300305366516113,-19.379695892333984,16.35312843322754
15456,126,170,30,87,170,30,48,11,-0.8622460961341858,-0.05425781384110451,-0.32798826694488525,4.936336040496826,-3.9903817176818848,3.0706870555877686
15457,273,170,30,193,170,30,48,66,-0.9188867211341858,-0.06036132946610451,-0.42784178256988525,-11.002595901489258,-19.654504776000977,-35.79954147338867
15458,354,170,30,276,170,30,48,24,-0.8727441430091858,-0.2539648413658142,-0.30503904819488525,-6.422442436218262,-7.3186259269714355,-10.56290054321289
15459,238,170,30,193,170,30,50,25,-1.029970645904541,-0.5112890601158142,-0.46714842319488525,-17.536945343017578,-1.944580078125,6.1088547706604
15460,71,170,30,72,170,30,60,213,-0.9157128930091858,-0.9968847632408142,-0.5037695169448853,82.69206237792969,121.15465545654297,-10.013282775878906
15461,23,170,30,23,170,30,65,149,-0.3146386742591858,-0.2886328101158142,-0.8028417825698853,-39.842288970947266,66.58976745605469,43.4828987121582
15462,7,170,30,4,170,30,55,159,-0.6388574242591858,0.6315332055091858,-0.27305662631988525,-129.55221557617188,-29.62397003173828,-0.8071755170822144
15463,1,170,30,1,170,30,48,127,-1.042177677154541,-1.041074275970459,-0.22496093809604645,15.318015098571777,-98.67740631103516,-13.204122543334961
15464,0,170,30,0,170,30,44,146,-0.9730859398841858,-0.4631933569908142,-0.33335936069488525,42.050838470458984,-64.8758773803711,-39.555267333984375
15465,0,170,30,2,170,30,41,196,-0.8112207055091858,-0.4390234351158142,-0.07286132872104645,-57.506412506103516,-43.13542175292969,96.09358978271484
15466,0,170,30,3,170,30,42,155,-1.341494083404541,0.4308496117591858,0.06874023377895355,-51.75068664550781,8.467633247375488,94.8416748046875
15467,0,170,30,20,170,30,44,49,-0.7684960961341858,-0.4754003882408142,-0.43516600131988525,-26.45297622680664,-19.42549705505371,3.696641206741333
15468,0,170,30,34,170,30,47,21,-0.8158593773841858,-0.4431738257408142,-0.34776365756988525,5.37908411026001,12.482900619506836,4.1088547706604
15469,44,170,30,47,170,30,50,10,-0.8681054711341858,-0.3530859351158142,-0.34751951694488525,5.882900714874268,4.33022928237915,0.5668702125549316
15470,205,170,30,155,170,30,46,110,-1.043886661529541,-0.8074316382408142,-0.34141600131988525,-16.361373901367188,-50.90641403198242,-43.540000915527344
15471,235,170,30,238,170,30,45,21,-0.8776269555091858,-0.3953222632408142,-0.30333006381988525,-6.758320331573486,3.20045804977417,-12.028549194335938
15472,77,170,30,132,170,30,52,142,-0.8607812523841858,-0.4522070288658142,-0.23838867247104645,55.318016052246094,81.58213806152344,-5.692671775817871
15473,25,170,30,50,170,30,53,24,-0.9027734398841858,-0.2517675757408142,-0.35289061069488525,-16.697250366210938,-1.5323665142059326,6.124122142791748
15474,7,170,30,19,170,30,53,41,-0.8490625023841858,-0.2473730444908142,-0.45494139194488525,-25.262136459350586,-13.349160194396973,2.6126718521118164
15475,0,170,30,10,170,30,52,69,-0.8693261742591858,-0.3189062476158142,-0.38389647006988525,-20.910991668701172,-21.959848403930664,27.024885177612305
15476,34,170,30,12,170,30,53,11,-0.8449121117591858,-0.4802832007408142,-0.17735351622104645,5.012671947479248,-1.2117557525634766,5.284427642822266
15477,150,170,30,53,170,30,54,14,-0.7357812523841858,-0.2915624976158142,-0.22081054747104645,-1.5216792821884155,-2.5399999618530273,10.063053131103516
15479,263,170,30,134,170,30,55,38,-1.109560489654541,-0.9111914038658142,-0.6902929544448853,10.081374168395996,-14.921679496765137,13.25389289855957
15480,307,170,30,175,170,30,55,15,-0.8810449242591858,-0.2964453101158142,-0.36094725131988525,6.295114517211914,-3.4712977409362793,-5.8911452293396
15481,307,170,30,193,170,30,56,12,-0.8939843773841858,-0.2651953101158142,-0.37120115756988525,-5.76595401763916,2.9714503288269043,4.20045804977417
15482,306,170,30,205,170,30,57,7,-0.8898339867591858,-0.2398046851158142,-0.39854490756988525,-2.1934351921081543,0.7424426674842834,4.566870212554932
15483,306,170,30,217,170,30,57,14,-0.9491601586341858,-0.4072851538658142,-0.28794920444488525,12.020304679870605,-1.3338931798934937,-1.5247328281402588
15484,336,170,30,261,170,30,59,35,-0.8895898461341858,-0.12457031011581421,-0.21153320372104645,13.241679191589355,-10.310992240905762,-12.242290496826172
15485,347,170,30,279,170,30,60,29,-0.8517480492591858,-0.3643164038658142,-0.21568359434604645,18.98213768005371,-2.295725107192993,-7.998015403747559
15486,330,170,30,283,170,30,60,113,-0.7819238305091858,-0.4634374976158142,0.0028222650289535522,3.684427261352539,71.73480987548828,37.956180572509766
15487,321,170,30,274,170,30,60,16,-0.8773828148841858,-0.2022070288658142,-0.45762693881988525,-9.002595901489258,4.956183433532715,2.5821373462677
15488,299,170,30,228,170,30,60,10,-0.9242578148841858,-0.1738867163658142,-0.6080175638198853,0.8141984939575195,-1.3491603136062622,-7.8606109619140625
15489,283,170,30,185,170,30,61,44,-0.7194238305091858,-0.1443457007408142,-0.18882812559604645,-6.0560302734375,24.223358154296875,-14.181221008300781
15490,153,170,30,111,170,30,62,216,-1.280214786529541,0.1422753930091858,0.05653320252895355,56.03557205200195,82.0096206665039,-78.25756072998047
15491,50,170,30,42,170,30,68,164,-0.5763574242591858,-0.8440527319908142,-0.5806738138198853,57.40961837768555,89.68900299072266,-17.249923706054688
15492,19,170,30,14,170,30,62,128,-0.3014550805091858,-0.3572363257408142,-0.7488867044448853,27.2874813079834,-87.07434844970703,14.56687068939209
15493,6,170,30,0,170,30,50,229,-1.044863224029541,0.6222558617591858,-0.5352636575698853,-173.78121948242188,26.07068634033203,29.879846572875977
15494,0,170,30,1,170,30,49,99,-0.6964746117591858,-0.5498632788658142,-1.0565038919448853,-30.758319854736328,-47.34916305541992,21.742441177368164
15495,0,170,30,21,170,30,51,57,-0.8356347680091858,-0.3887304663658142,-0.34605467319488525,16.936336517333984,25.963815689086914,14.948549270629883
15496,0,170,30,37,170,30,51,49,-0.8090234398841858,-0.3733496069908142,-0.5872656106948853,9.959236145019531,-18.44839859008789,21.101221084594727
15497,66,170,30,63,170,30,52,49,-0.9127832055091858,-0.3169531226158142,-0.33921873569488525,-15.033129692077637,-31.700305938720703,2.475267171859741
15498,189,170,30,144,170,30,48,64,-0.8529687523841858,-0.3438085913658142,-0.004746094346046448,-4.269770622253418,-32.02091598510742,-27.906414031982422
15499,241,170,30,211,170,30,48,4,-0.8705468773841858,-0.3403906226158142,-0.37754881381988525,3.1042747497558594,-1.2270228862762451,-0.0590839684009552
15500,268,170,30,231,170,30,51,14,-0.7496972680091858,-0.04424804821610451,-0.28648436069488525,-3.811755657196045,-7.562900543212891,-2.944580078125
15501,287,170,30,305,170,30,52,10,-0.9396386742591858,-0.4133886694908142,-0.37583982944488525,1.7149617671966553,-6.310992240905762,2.444732904434204
15502,291,170,30,346,170,30,54,11,-0.8976464867591858,-0.2717871069908142,-0.41197264194488525,-9.36900806427002,0.7424426674842834,1.2080916166305542
15503,292,170,30,328,170,30,56,103,-1.065371036529541,-0.2227148413658142,-0.9918066263198853,-4.636183261871338,49.21572494506836,49.31496047973633
15504,293,170,30,336,170,30,58,75,-1.230898380279541,-0.3782324194908142,-0.7891699075698853,17.455419540405273,39.87221145629883,18.04778480529785
15505,286,170,30,347,170,30,60,49,-1.133730411529541,-0.3630957007408142,-0.5399023294448853,-6.117099285125732,24.543968200683594,18.93328094482422
15506,284,170,30,333,170,30,59,31,-0.7958398461341858,0.07708984613418579,-0.6297460794448853,-4.895725250244141,-9.623969078063965,-16.944581985473633
15507,268,170,30,243,170,30,59,36,-0.7797265648841858,-0.2883886694908142,-0.25962889194488525,-18.804121017456055,14.879847526550293,2.76534366607666
15508,249,170,30,193,170,30,59,43,-0.9704003930091858,-0.5364355444908142,-0.28550779819488525,-16.788854598999023,12.528702735900879,-14.303359031677246
15509,216,170,30,147,170,30,59,33,-0.8493066430091858,-0.1506933569908142,-0.5442968606948853,18.493587493896484,3.444732904434204,-11.097251892089844
15510,75,170,30,59,170,30,66,339,-0.6850000023841858,-0.4143652319908142,-0.43809568881988525,132.2951202392578,122.66610717773438,-84.22702026367188
15511,25,170,30,18,170,30,66,178,-0.5355859398841858,0.0033593736588954926,-0.6563574075698853,11.547022819519043,-5.471297740936279,161.60504150390625
15512,10,170,30,4,170,30,42,425,-0.9577050805091858,-0.5535253882408142,0.5804589986801147,-103.55221557617188,-215.41021728515625,-106.33389282226562
15513,1,170,30,4,170,30,40,170,-0.9752832055091858,-0.5181249976158142,0.42005860805511475,-55.903358459472656,-49.837711334228516,64.27679443359375
15514,0,170,30,21,170,30,45,49,-0.8068261742591858,-0.3748144507408142,-0.5643163919448853,5.516488552093506,27.979082107543945,-15.87587833404541
15515,0,170,30,30,170,30,46,39,-0.9225488305091858,-0.1550878882408142,-0.5230566263198853,17.470687866210938,-20.310993194580078,1.4370992183685303
15516,41,170,30,53,170,30,47,20,-0.8351464867591858,-0.3042578101158142,-0.49205076694488525,9.409618377685547,-1.5934350490570068,9.238625526428223
15517,148,170,30,118,170,30,45,41,-0.8837304711341858,-0.2510351538658142,-0.7794042825698853,-13.17053508758545,-7.394961833953857,-20.74610710144043
15518,192,170,30,164,170,30,45,9,-0.8537011742591858,-0.4172949194908142,-0.43125975131988525,-3.491145133972168,1.5821373462677002,4.795877933502197
15519,207,170,30,177,170,30,48,7,-0.8539453148841858,-0.4002050757408142,-0.36729490756988525,1.562290072441101,0.009618282318115234,5.666106700897217
15520,220,170,30,198,170,30,50,31,-0.7955957055091858,-0.06573241949081421,-0.36265623569488525,4.615725040435791,-13.471297264099121,13.101221084594727
15521,232,170,30,242,170,30,50,10,-0.8537011742591858,-0.2588476538658142,-0.28575193881988525,0.6767939329147339,-6.188854694366455,4.124122142791748
15522,244,170,30,259,170,30,51,6,-0.8754296898841858,-0.3355078101158142,-0.38633787631988525,-3.0178627967834473,2.7882442474365234,0.9485496282577515
15523,260,170,30,246,170,30,53,14,-0.9100976586341858,-0.4085058569908142,-0.30503904819488525,3.943969249725342,5.383664131164551,5.543969631195068
15524,291,170,30,242,170,30,54,45,-0.8175683617591858,-0.1304296851158142,-0.5181738138198853,20.76839828491211,22.5134334564209,1.7424427270889282
15525,299,170,30,263,170,30,55,10,-0.8580957055091858,-0.3096289038658142,-0.38316404819488525,5.409618377685547,0.5592365860939026,4.612671852111816
15526,306,170,30,259,170,30,55,9,-0.8585839867591858,-0.2822851538658142,-0.45665037631988525,-2.697251796722412,2.4370992183685303,4.1088547706604
15527,293,170,30,216,170,30,56,26,-0.6320214867591858,-0.2263769507408142,-0.21470703184604645,-8.14763355255127,13.001984596252441,-5.692671775817871
15528,276,170,30,175,170,30,57,22,-0.8529687523841858,-0.05816406384110451,-0.5950781106948853,-14.529313087463379,1.307328224182129,-6.227022647857666
15529,210,170,30,129,170,30,57,72,-1.006777286529541,-0.2153906226158142,-0.7779394388198853,22.890535354614258,-38.998016357421875,-10.761374473571777
15530,64,170,30,56,170,30,70,372,-0.3864160180091858,-0.7446874976158142,-0.7657324075698853,165.4859619140625,170.95619201660156,-36.21175765991211
15531,22,170,30,19,170,30,62,236,-0.2904687523841858,-0.011289063841104507,-1.1910253763198853,-57.15526580810547,-110.86061096191406,68.01725006103516
15532,9,170,30,4,170,30,41,212,-0.9423242211341858,-1.077451229095459,-0.6148535013198853,-123.8728256225586,-78.21939086914062,-10.517099380493164
15533,1,170,30,0,170,30,43,31,-0.8051171898841858,-0.6089453101158142,-0.18541015684604645,17.714962005615234,0.4523664116859436,12.887480735778809
15534,0,170,30,0,170,30,47,70,-0.8590722680091858,-0.1360449194908142,-0.6714941263198853,-29.170534133911133,25.59740447998047,-15.662137031555176
15536,0,170,30,0,170,30,49,49,-0.6945214867591858,-0.5728124976158142,-0.6031347513198853,-8.941527366638184,-16.57053565979004,23.57450294494629
15537,0,170,30,4,170,30,49,38,-0.7514062523841858,-0.4463476538658142,-0.5713964700698853,-13.643816947937012,-8.341526985168457,17.00961685180664
15538,104,170,30,41,170,30,50,51,-0.8349023461341858,-0.3281835913658142,-0.5081640481948853,-25.49114418029785,-0.6316030621528625,25.727174758911133
15539,225,170,30,113,170,30,49,19,-0.9120507836341858,0.1681542992591858,-1.1275488138198853,1.4706870317459106,-10.188855171203613,-7.3567938804626465
15540,276,170,30,164,170,30,46,10,-0.8917871117591858,-0.6731542944908142,0.07118164002895355,-6.0560302734375,2.1164886951446533,2.658473253250122
15541,271,170,30,176,170,30,46,11,-0.8515039086341858,-0.3562597632408142,-0.49058592319488525,1.7760305404663086,-6.5705342292785645,-3.341526746749878
15542,251,170,30,168,170,30,48,9,-0.8637109398841858,-0.3491796851158142,-0.35679686069488525,4.43251895904541,-2.188854932785034,3.0401527881622314
15543,253,170,30,151,170,30,50,19,-0.6369042992591858,-0.2920507788658142,-0.16172851622104645,9.10427474975586,3.8264122009277344,6.994351387023926
15544,250,170,30,175,170,30,50,14,-0.9743066430091858,-0.4973730444908142,-0.34288084506988525,-1.3232060670852661,-7.4254961013793945,5.956183433532715
15545,242,170,30,178,170,30,52,7,-0.8761621117591858,-0.2930273413658142,-0.39292967319488525,0.23404580354690552,-4.020915985107422,-2.761373996734619
15546,246,170,30,183,170,30,53,9,-0.8786035180091858,-0.3242773413658142,-0.36656248569488525,-6.62091588973999,1.5058016777038574,1.2386260032653809
15547,262,170,30,181,170,30,56,44,-1.244814395904541,0.04413085803389549,-1.3174902200698853,-0.3766411542892456,33.94854736328125,10.093587875366211
15548,272,170,30,203,170,30,57,19,-0.8637109398841858,-0.4158300757408142,-0.25254881381988525,8.005038261413574,-7.715572357177734,-3.906412124633789
15549,282,170,30,230,170,30,57,1,-0.8756738305091858,-0.3198828101158142,-0.40904295444488525,0.3867175579071045,-1.3338931798934937,-0.15068700909614563
15550,292,170,30,239,170,30,58,77,-1.498964786529541,-0.1948828101158142,-0.7828222513198853,-27.01786231994629,25.902748107910156,-24.456031799316406
15551,306,170,30,219,170,30,58,13,-0.9696679711341858,-0.4212011694908142,-0.6243749856948853,-1.2010687589645386,-7.211755752563477,-4.944580078125
15552,322,170,30,197,170,30,58,8,-0.8588281273841858,-0.1990332007408142,-0.45445311069488525,-1.9644273519515991,1.8874809741973877,-5.1430535316467285
15553,144,170,30,114,170,30,63,326,-1.211611270904541,-0.1836523413658142,0.019667968153953552,68.23404693603516,157.39894104003906,-100.63923645019531
15554,48,170,30,45,170,30,64,262,-0.3424707055091858,-0.7483496069908142,-0.9505468606948853,89.6844253540039,-46.92168045043945,126.3531265258789
15555,17,170,30,16,170,30,53,158,-0.8761621117591858,-0.3372167944908142,-0.8848730325698853,-96.9415283203125,13.67374038696289,-47.47893142700195
15556,5,170,30,5,170,30,52,83,-0.6452050805091858,-1.368222713470459,-0.7129980325698853,-31.15526580810547,-25.242290496826172,-26.62397003173828
15557,0,170,30,0,170,30,52,86,-1.035830020904541,-0.1594824194908142,-0.18516601622104645,-19.781221389770508,41.8111457824707,25.101221084594727
15558,0,170,30,4,170,30,56,61,-0.7455468773841858,-0.4343847632408142,-0.5540624856948853,-15.536946296691895,36.620304107666016,8.933282852172852
15559,0,170,30,18,170,30,54,87,-0.8285546898841858,-0.3777441382408142,-0.47666990756988525,-3.1094655990600586,-19.41023063659668,64.8722152709961
15560,78,170,30,66,170,30,50,115,-0.4926171898841858,-0.1939062476158142,0.14710937440395355,-10.941527366638184,-62.79954147338867,-41.90641403198242
15561,215,170,30,180,170,30,46,71,-0.9691796898841858,-1.127988338470459,0.7401269674301147,8.753129959106445,-40.1888542175293,-22.852977752685547
15562,271,170,30,256,170,30,48,7,-0.8768945336341858,-0.4402441382408142,-0.44224607944488525,-5.0025954246521,1.8111450672149658,-0.8835114240646362
15563,295,170,30,275,170,30,50,65,-0.9706445336341858,-0.3101171851158142,-0.5313574075698853,28.814199447631836,-16.96748161315918,19.223358154296875
15564,343,170,30,295,170,30,50,24,-0.4782128930091858,0.6815820336341858,-0.03746093809604645,7.28748083114624,-11.45603084564209,6.093587875366211
15565,359,170,30,297,170,30,51,17,-0.8541894555091858,-0.3391699194908142,-0.40733397006988525,5.791297912597656,-11.45603084564209,0.12412214279174805
15566,352,170,30,301,170,30,54,11,-0.9061914086341858,-0.2940039038658142,-0.33506834506988525,-4.697251796722412,2.940916061401367,3.9714503288269043
15567,355,170,30,310,170,30,55,28,-0.8969140648841858,-0.2874121069908142,-0.34874022006988525,13.684427261352539,-4.830076217651367,-9.585801124572754
15568,355,170,30,338,170,30,57,11,-0.9931054711341858,-0.2210058569908142,-0.9822851419448853,-0.6972519159317017,6.085954189300537,-5.127786159515381
15569,345,170,30,351,170,30,59,32,-0.8793359398841858,-0.3450292944908142,-0.33482420444488525,1.2416794300079346,11.444732666015625,20.276792526245117
15570,366,170,30,340,170,30,59,7,-0.8871484398841858,-0.3579687476158142,-0.36167967319488525,-4.1476335525512695,-2.723206043243408,0.5974045991897583
15571,371,170,30,331,170,30,60,52,-0.8651757836341858,0.09955078363418579,-0.31968748569488525,-31.369007110595703,8.666107177734375,-12.776640892028809
15572,383,170,30,324,170,30,60,32,-0.6757226586341858,-0.09649413824081421,-0.17857421934604645,-17.078929901123047,4.956183433532715,-10.944580078125
15573,395,170,30,279,170,30,59,24,-0.8651757836341858,-0.1741308569908142,-0.42417967319488525,10.020304679870605,-2.830076217651367,-11.738472938537598
15574,170,170,30,147,170,30,64,467,-1.083681583404541,0.1825585961341858,-0.29917967319488525,105.7149658203125,137.35313415527344,-224.3644256591797
15575,56,170,30,52,170,30,68,154,-0.2152734398841858,-1.319394588470459,-0.6851660013198853,61.66916275024414,87.62793731689453,-5.020915985107422
15576,26,170,30,20,170,30,54,214,-0.3859277367591858,-0.3152441382408142,-0.34190428256988525,42.06610870361328,-132.3873291015625,-39.69267272949219
15577,13,170,30,4,170,30,30,854,-0.3998437523841858,-0.6160253882408142,-0.39610350131988525,320.4935607910156,-387.028564453125,-146.97511291503906
15578,2,170,30,0,170,30,2,107,0.07110351324081421,0.018984373658895493,1.4525293111801147,-38.0560302734375,-22.95221519470215,-46.47129821777344
15579,0,170,30,0,170,30,3,154,-0.2897363305091858,-0.5613378882408142,1.0772851705551147,36.84473419189453,-56.616336822509766,60.99435043334961
