timestamp,tipPressure,tipUpperRange,tipLowerRange,fingerPressure,fingerUpperRange,fingerLowerRange,angle,writtingSpeed,accX,accY,accZ,gyroX,gyroY,gyroZ
28201,0,170,30,6,170,30,38,23,-0.4030175805091858,-0.2564062476158142,-0.8607031106948853,9.318015098571777,7.032519340515137,-6.898778438568115
28202,0,170,30,5,170,30,37,43,-0.3273339867591858,-0.3811621069908142,-1.0420995950698853,-6.437709808349609,22.879846572875977,13.986717224121094
28203,0,170,30,3,170,30,33,27,-0.3771386742591858,-0.03497070446610451,-0.9566503763198853,9.409618377685547,-10.204122543334961,7.513435363769531
28204,0,170,30,6,170,30,33,102,-0.3742089867591858,-0.3613867163658142,-0.9410253763198853,35.68442916870117,56.33022689819336,10.154656410217285
28205,0,170,30,7,170,30,27,263,-0.3078027367591858,-0.7722753882408142,-1.1609960794448853,84.11190795898438,-114.06671905517578,65.16229248046875
28206,0,170,30,10,170,30,19,338,-0.5712304711341858,0.1945214867591858,-0.49302732944488525,-147.9796905517578,-86.35679626464844,104.06304931640625
28207,0,170,30,9,170,30,21,70,-0.8141503930091858,-0.2693457007408142,-0.5159765481948853,44.1882438659668,14.391297340393066,12.078320503234863
28208,0,170,30,12,170,30,30,144,-0.4498925805091858,-0.09600585699081421,-1.0455175638198853,103.65389251708984,23.87221336364746,-16.79191017150879
28209,0,170,30,15,170,30,30,87,-0.5836816430091858,-0.4587988257408142,-0.6758886575698853,56.8294677734375,30.406564712524414,-0.3796946704387665
28210,0,170,30,17,170,30,27,157,-0.7804589867591858,-0.2324804663658142,-1.1732031106948853,-12.14763355255127,-113.8987808227539,31.895112991333008
28211,0,170,30,23,170,30,24,93,-0.5272851586341858,-0.029599610716104507,-0.49473631381988525,-39.59801483154297,-27.02855110168457,26.765342712402344
28212,0,170,30,23,170,30,23,242,-0.7494531273841858,0.2614160180091858,-0.45469725131988525,-120.0560302734375,-64.98274993896484,57.77297592163086
28213,0,170,30,24,170,30,27,142,-0.9105859398841858,0.09051758050918579,-0.46104490756988525,-81.70488739013672,-14.875877380371094,45.986717224121094
28214,0,170,30,23,170,30,30,57,-0.8537011742591858,0.2567773461341858,-0.5396581888198853,-25.73541831970215,-31.517099380493164,-0.0590839684009552
28215,0,170,30,21,170,30,33,32,-0.9484277367591858,0.1776757836341858,-0.45933592319488525,-18.285037994384766,-13.791908264160156,0.5516030788421631
28216,0,170,30,21,170,30,38,34,-0.8646875023841858,0.2816796898841858,-0.5577245950698853,-16.223968505859375,-10.769007682800293,7.879847526550293
28217,0,170,30,20,170,30,40,23,-0.9154687523841858,0.2997460961341858,-0.38877928256988525,-9.47587776184082,-11.242290496826172,-2.5018320083618164
28218,0,170,30,20,170,30,43,16,-0.9642968773841858,0.3222070336341858,-0.49839842319488525,-4.5751142501831055,-9.10488510131836,-3.127786159515381
28219,1,170,30,17,170,30,45,12,-0.9281640648841858,0.3165917992591858,-0.40904295444488525,-2.162900924682617,-8.143054008483887,-2.4712977409362793
28220,43,170,30,14,170,30,48,6,-0.9147363305091858,0.2914453148841858,-0.36851561069488525,-0.3766411542892456,-2.0056488513946533,-4.1812214851379395
28221,120,170,30,15,170,30,51,10,-0.9369531273841858,0.2584863305091858,-0.32579100131988525,1.867633581161499,3.3225953578948975,-5.23465633392334
28222,186,170,30,21,170,30,53,11,-0.9347558617591858,0.2843652367591858,-0.27769529819488525,-5.979694366455078,-5.562900543212891,0.33786261081695557
28223,211,170,30,28,170,30,57,33,-0.9203515648841858,0.4386621117591858,-0.5059667825698853,8.737862586975098,19.780609130859375,-4.5323662757873535
28224,220,170,30,41,170,30,58,64,-0.7765527367591858,0.1798730492591858,-0.14097656309604645,14.188243865966797,28.559236526489258,-21.830078125
28225,214,170,30,58,170,30,59,5,-0.9179101586341858,0.1935449242591858,-0.48350584506988525,1.5928244590759277,-0.7537404894828796,-3.4331297874450684
28226,221,170,30,76,170,30,59,4,-0.9201074242591858,0.2477441430091858,-0.5604101419448853,-1.18580162525177,-3.272824287414551,0.0019847452640533447
28228,247,170,30,104,170,30,60,19,-0.9135156273841858,0.1500878930091858,-0.5152441263198853,-14.071297645568848,-1.5934350490570068,4.246259689331055
28229,259,170,30,112,170,30,61,13,-0.9061914086341858,0.1791406273841858,-0.48863279819488525,8.844732284545898,3.093587875366211,1.085954189300537
28230,268,170,30,118,170,30,60,25,-0.8825097680091858,0.2348046898841858,-0.43785154819488525,9.608091354370117,4.803511619567871,-10.959847450256348
28231,267,170,30,127,170,30,60,6,-0.9035058617591858,0.03192382678389549,-0.5203710794448853,2.9821372032165527,-0.6010687351226807,-2.5323662757873535
28232,267,170,30,133,170,30,60,6,-0.9120507836341858,0.07733398675918579,-0.46519529819488525,-2.8957252502441406,-1.1354198455810547,1.9867175817489624
28233,255,170,30,131,170,30,59,38,-0.9074121117591858,-0.1511816382408142,-0.36949217319488525,21.76076316833496,-5.822442531585693,10.918015480041504
28234,224,170,30,134,170,30,59,5,-0.8873925805091858,-0.04302734509110451,-0.48106443881988525,-1.7354198694229126,0.9256488680839539,2.658473253250122
28235,221,170,30,134,170,30,59,8,-0.8905664086341858,-0.03716797009110451,-0.48374998569488525,4.478320598602295,-3.165954113006592,0.5058015584945679
28236,227,170,30,125,170,30,59,27,-0.9015527367591858,-0.030332032591104507,-0.5323339700698853,10.692060470581055,-9.623969078063965,7.5745038986206055
28237,125,170,30,73,170,30,66,225,-1.428408145904541,-0.1873144507408142,0.29286134243011475,-21.81175422668457,186.8035125732422,-16.914047241210938
28238,40,170,30,34,170,30,74,120,-0.3388085961341858,0.1408105492591858,-1.5533300638198853,58.218780517578125,8.879847526550293,53.37602996826172
28239,15,170,30,22,170,30,56,151,-0.9645410180091858,0.014101561158895493,-0.19151367247104645,-3.1247329711914062,-101.79190826416016,46.27679443359375
28240,4,170,30,19,170,30,57,41,-0.7199121117591858,0.11883789300918579,-0.9334570169448853,21.92870330810547,-0.2041221559047699,19.620304107666016
28241,0,170,30,22,170,30,51,69,-0.9501367211341858,0.03460937365889549,-0.30748045444488525,-5.445343494415283,-49.74610900878906,14.536335945129395
28242,0,170,30,30,170,30,51,30,-0.8168359398841858,0.1430078148841858,-0.6509863138198853,3.6996946334838867,-20.00564956665039,-6.822442531585693
28243,0,170,30,35,170,30,51,20,-0.9765039086341858,0.020937498658895493,-0.40562498569488525,10.81419849395752,-7.456030368804932,-2.2575571537017822
28245,0,170,30,34,170,30,52,19,-0.8527246117591858,0.11541992425918579,-0.6236425638198853,10.111907958984375,3.2920610904693604,-5.7079386711120605
28246,0,170,30,34,170,30,52,21,-0.9227929711341858,0.11639648675918579,-0.35020506381988525,-1.8575571775436401,-12.539999961853027,7.589770793914795
28247,0,170,30,36,170,30,53,32,-0.9274316430091858,0.05145507678389549,-0.48179686069488525,-7.6438164710998535,-18.478931427001953,-6.517099380493164
28248,10,170,30,43,170,30,55,12,-0.9428125023841858,-0.020322266966104507,-0.5945898294448853,0.20351147651672363,-8.61633586883545,-3.2041220664978027
28249,55,170,30,71,170,30,56,19,-0.9359765648841858,0.09002929925918579,-0.34458982944488525,-7.307939052581787,5.169923782348633,-7.372061252593994
28250,113,170,30,100,170,30,58,20,-0.9325585961341858,0.05145507678389549,-0.44639647006988525,-11.246870994567871,-5.486564636230469,-3.830076217651367
28251,165,170,30,112,170,30,59,7,-0.9384179711341858,0.03290038928389549,-0.41563475131988525,-2.2239694595336914,1.093587875366211,-4.66977071762085
28252,196,170,30,117,170,30,59,13,-0.9752832055091858,-0.2327246069908142,-0.5540624856948853,-4.178167819976807,-8.78427505493164,1.0096182823181152
28253,215,170,30,105,170,30,60,9,-0.9415917992591858,0.024355467408895493,-0.46543943881988525,2.7378625869750977,-2.906412124633789,-3.3567938804626465
28254,230,170,30,109,170,30,60,9,-0.9371972680091858,-0.1643652319908142,-0.40611326694488525,5.0279388427734375,0.19282442331314087,4.276793956756592
28255,238,170,30,130,170,30,59,172,-0.6820703148841858,1.000185489654541,-0.6026464700698853,66.37145233154297,-19.959848403930664,-86.0132827758789
28256,244,170,30,143,170,30,60,28,-0.9030175805091858,0.09906250238418579,-0.43077147006988525,8.264579772949219,-3.8224427700042725,-16.41023063659668
28257,245,170,30,162,170,30,59,9,-0.9279199242591858,-0.1528906226158142,-0.34996092319488525,6.8141984939575195,0.5745038390159607,-2.517099142074585
28258,244,170,30,175,170,30,59,153,-0.8261132836341858,-0.5454687476158142,-0.5833593606948853,40.92107009887695,-21.34916114807129,-91.26519012451172
28259,235,170,30,185,170,30,58,25,-0.9479394555091858,-0.5662207007408142,-0.15269531309604645,21.333282470703125,-0.9674808979034424,-3.0667176246643066
28260,230,170,30,204,170,30,59,10,-0.9015527367591858,-0.2986425757408142,-0.26719725131988525,6.5699238777160645,-2.662137269973755,-0.9293129444122314
28261,244,170,30,210,170,30,60,12,-0.9074121117591858,-0.3323339819908142,-0.24693359434604645,7.776030540466309,-3.8835113048553467,1.2386260032653809
28262,153,170,30,169,170,30,64,184,-1.383242130279541,-0.3484472632408142,0.29847657680511475,-43.017860412597656,117.39893341064453,-24.501832962036133
28263,47,170,30,87,170,30,80,271,-0.5009179711341858,0.1305566430091858,-0.8162695169448853,29.76076316833496,169.0783233642578,72.26152801513672
28264,15,170,30,54,170,30,77,108,-0.4640527367591858,0.03973632678389549,-1.1070410013198853,-28.285037994384766,52.19282531738281,-28.471298217773438
28265,4,170,30,48,170,30,61,176,-0.7755761742591858,-0.04473632946610451,-0.5914160013198853,-31.307937622070312,-136.87586975097656,-8.36442756652832
28266,0,170,30,54,170,30,58,35,-0.8776269555091858,-0.03838867321610451,-0.5206152200698853,8.569923400878906,8.803511619567871,-18.272825241088867
28267,0,170,30,62,170,30,53,79,-0.9811425805091858,-0.1260351538658142,-0.40293943881988525,2.7073283195495605,-69.4560317993164,-7.585801124572754
28268,0,170,30,67,170,30,55,28,-0.9079003930091858,-0.04180664196610451,-0.49546873569488525,-6.6819844245910645,18.45236587524414,-3.585801601409912
28269,0,170,30,70,170,30,55,34,-0.9357324242591858,-0.017392579466104507,-0.37974607944488525,1.4706870317459106,-25.639238357543945,7.177557468414307
28270,7,170,30,60,170,30,57,25,-0.9354882836341858,-0.10357421636581421,-0.5399023294448853,-4.34610652923584,7.994351387023926,-13.646870613098145
28271,78,170,30,74,170,30,56,40,-0.9144921898841858,-0.03350586071610451,-0.41929686069488525,-11.491145133972168,-27.379695892333984,1.9256489276885986
28272,161,170,30,97,170,30,56,173,-1.099794864654541,-0.4849218726158142,-0.32579100131988525,79.07373809814453,-15.639236450195312,-79.24992370605469
28273,200,170,30,136,170,30,56,17,-0.8986230492591858,-0.2608007788658142,-0.42735350131988525,-5.933893203735352,-5.227022647857666,-5.998015403747559
28274,228,170,30,166,170,30,54,167,-0.8114648461341858,-0.1314062476158142,-0.47862303256988525,58.1882438659668,-40.79954147338867,-68.16595458984375
28275,229,170,30,188,170,30,53,26,-0.8705468773841858,-0.4685644507408142,-0.15025390684604645,17.54702377319336,5.139389514923096,-3.3873281478881836
28276,217,170,30,188,170,30,54,10,-0.8678613305091858,-0.3923925757408142,-0.25865232944488525,8.401984214782715,-0.2957252264022827,-2.2422900199890137
28277,219,170,30,171,170,30,55,15,-0.8651757836341858,-0.4495214819908142,-0.19102539122104645,8.310381889343262,6.391297817230225,-1.0056488513946533
28278,123,170,30,123,170,30,60,240,-1.322206974029541,-0.6616796851158142,0.47010743618011475,-81.97969055175781,119.96381378173828,38.97908401489258
28279,37,170,30,54,170,30,75,190,-0.4655175805091858,-0.1782812476158142,-0.9971777200698853,5.684427738189697,110.37602996826172,74.04778289794922
28280,14,170,30,32,170,30,70,69,-0.6168847680091858,-0.09722656011581421,-0.8267675638198853,-29.139999389648438,35.902748107910156,-4.562900543212891
28281,4,170,30,29,170,30,58,181,-0.7323632836341858,0.05853515490889549,-0.6754003763198853,11.974503517150879,-130.43312072753906,-39.097251892089844
28282,0,170,30,34,170,30,52,90,-0.9108300805091858,-0.016171876341104507,-0.37095701694488525,-37.67435073852539,-34.219390869140625,18.521068572998047
28283,0,170,30,41,170,30,53,53,-0.7958398461341858,-0.04205078259110451,-0.8052831888198853,-43.506412506103516,-7.242290019989014,2.3225953578948975
28284,0,170,30,45,170,30,51,56,-0.8683496117591858,0.07464843988418579,-0.5547949075698853,-14.559847831726074,-38.96748352050781,-2.6697709560394287
28285,0,170,30,48,170,30,50,21,-0.9315820336341858,0.08270508050918579,-0.31651365756988525,-9.598015785217285,-10.173587799072266,2.0630533695220947
28286,0,170,30,50,170,30,51,36,-0.8810449242591858,0.10809570550918579,-0.5936132669448853,-3.781221389770508,-25.700305938720703,-6.608702182769775
28287,30,170,30,55,170,30,52,3,-0.9418359398841858,0.10077148675918579,-0.33067381381988525,-1.2163358926773071,1.337862491607666,-1.4178625345230103
28288,89,170,30,51,170,30,54,8,-0.9440332055091858,0.08758789300918579,-0.36119139194488525,0.3561832308769226,-3.08961820602417,-5.265190601348877
28289,128,170,30,62,170,30,56,59,-0.8959375023841858,0.1481347680091858,-0.41587889194488525,29.699695587158203,-2.0972518920898438,-28.0438175201416
28290,160,170,30,76,170,30,57,16,-0.9769921898841858,-0.5449804663658142,-0.35850584506988525,-4.758320331573486,-5.914045810699463,5.6813740730285645
28291,182,170,30,90,170,30,57,57,-1.090273380279541,-0.3179296851158142,-0.5826269388198853,22.172977447509766,-6.005648612976074,-29.356794357299805
28292,181,170,30,104,170,30,58,16,-0.9306054711341858,-0.1648535132408142,-0.37364256381988525,-11.262137413024902,3.5363359451293945,1.2386260032653809
28293,181,170,30,113,170,30,60,133,-0.9418359398841858,-0.2815527319908142,-0.6883398294448853,15.287480354309082,14.162290573120117,-104.22702026367188
28294,195,170,30,131,170,30,61,28,-0.9083886742591858,-0.1965917944908142,-0.46641600131988525,-16.758319854736328,4.834045886993408,7.314961910247803
28295,209,170,30,142,170,30,61,15,-0.9181542992591858,-0.1257910132408142,-0.41050779819488525,-4.559847354888916,-7.440763473510742,3.162290096282959
28296,213,170,30,145,170,30,59,38,-1.041445255279541,-0.5872167944908142,-0.32603514194488525,12.936335563659668,-15.471297264099121,-10.27282428741455
28297,209,170,30,140,170,30,60,8,-0.8917871117591858,-0.2263769507408142,-0.39317381381988525,-3.9338932037353516,4.116488456726074,-0.31862595677375793
28298,196,170,30,116,170,30,61,47,-0.9069238305091858,-0.2390722632408142,-0.29258787631988525,25.058473587036133,16.879846572875977,5.803511619567871
28299,66,170,30,72,170,30,76,391,-0.6366601586341858,-0.05303711071610451,-0.33067381381988525,25.409618377685547,292.16229248046875,73.57450103759766
28300,22,170,30,39,170,30,75,121,-0.3663964867591858,-0.05401367321610451,-1.1722265481948853,82.1271743774414,-3.196488618850708,35.9256477355957
28301,7,170,30,29,170,30,62,187,-0.7311425805091858,-0.2798437476158142,-0.6778417825698853,-43.15526580810547,-90.17359161376953,53.71190643310547
28302,1,170,30,31,170,30,56,93,-0.9059472680091858,-0.05865234509110451,-0.41661131381988525,26.279848098754883,-47.791908264160156,19.360761642456055
28303,0,170,30,33,170,30,53,95,-0.7357812523841858,-0.00030273571610450745,-0.8045507669448853,45.28748321533203,-29.22702407836914,21.284425735473633
28304,0,170,30,37,170,30,49,77,-0.9682031273841858,-0.09136718511581421,-0.42759764194488525,-27.888090133666992,-45.54763412475586,-3.8606104850769043
28305,0,170,30,42,170,30,52,37,-0.9030175805091858,-0.11944335699081421,-0.5157324075698853,9.134808540344238,12.024885177612305,-16.776641845703125
28306,0,170,30,50,170,30,52,57,-0.9066796898841858,-0.04913086071610451,-0.5020605325698853,-42.33083724975586,-5.288091659545898,10.200458526611328
28307,0,170,30,50,170,30,54,18,-0.8978906273841858,-0.04644531384110451,-0.5469824075698853,-12.620916366577148,3.9332823753356934,2.3225953578948975
28308,1,170,30,48,170,30,54,15,-0.9371972680091858,-0.10137695074081421,-0.43736326694488525,-7.262136936187744,-5.211755752563477,-3.0056488513946533
28309,29,170,30,51,170,30,54,130,-0.8815332055091858,0.1813378930091858,-0.6710058450698853,42.569923400878906,-28.219390869140625,-59.952213287353516
28310,82,170,30,72,170,30,54,24,-0.9245019555091858,-0.1499609351158142,-0.37242186069488525,8.310381889343262,8.513435363769531,-7.585801124572754
28311,110,170,30,103,170,30,52,82,-0.8971582055091858,-0.1819433569908142,-0.35655272006988525,35.501220703125,-28.799543380737305,-18.135419845581055
28312,128,170,30,123,170,30,54,8,-0.9159570336341858,-0.2429785132408142,-0.41636717319488525,-2.5445799827575684,-2.4178626537323,3.4981679916381836
28313,133,170,30,125,170,30,54,14,-0.9098535180091858,-0.1611914038658142,-0.19688476622104645,11.30274772644043,0.8951144814491272,-2.4712977409362793
28315,102,170,30,118,170,30,56,96,-0.9728417992591858,-0.7998632788658142,-0.19688476622104645,-16.162900924682617,22.45236587524414,58.35313034057617
28316,33,170,30,59,170,30,73,478,-0.6122460961341858,-0.1265234351158142,-0.8262792825698853,-155.27740478515625,248.98672485351562,74.33786010742188
28317,10,170,30,21,170,30,78,401,-0.2252832055091858,0.4472070336341858,-1.1111913919448853,-226.75831604003906,131.2310028076172,43.81877899169922
28318,3,170,30,8,170,30,63,236,-0.5910058617591858,0.2995019555091858,-0.6834570169448853,-2.4377098083496094,-87.86824798583984,-146.6086883544922
28319,0,170,30,3,170,30,49,226,-0.7670312523841858,-0.0073828138411045074,-0.46421873569488525,-12.529313087463379,-149.92930603027344,-63.73847198486328
28320,0,170,30,3,170,30,44,116,-1.402529239654541,-0.2717871069908142,-0.20616210997104645,-11.521679878234863,-57.56290054321289,-47.570533752441406
28321,0,170,30,7,170,30,50,48,-1.037783145904541,-0.1680273413658142,-0.42833006381988525,33.56229019165039,3.551603317260742,-11.14305305480957
28322,0,170,30,11,170,30,52,30,-0.9708886742591858,-0.10210937261581421,-0.38658201694488525,-17.720151901245117,-6.677404403686523,5.8187785148620605
28323,0,170,30,13,170,30,55,88,-0.9501367211341858,0.06268554925918579,-0.45176756381988525,-36.681983947753906,14.482900619506836,37.681373596191406
28324,0,170,30,16,170,30,56,43,-0.9713769555091858,0.05853515490889549,-0.41832029819488525,-20.132366180419922,-21.715574264526367,1.391297698020935
28325,0,170,30,17,170,30,58,49,-0.9122949242591858,0.1696191430091858,-0.36900389194488525,-23.170534133911133,3.7958779335021973,22.505800247192383
28326,0,170,30,18,170,30,59,27,-0.9721093773841858,0.08099609613418579,-0.34849607944488525,-16.223968505859375,-10.662137031555176,-0.15068700909614563
28327,0,170,30,19,170,30,59,52,-0.9862695336341858,0.04168945178389549,-0.5279394388198853,-2.056030750274658,-30.50946617126465,-19.78427505493164
28328,29,170,30,28,170,30,61,24,-0.9467187523841858,0.10443359613418579,-0.45958006381988525,-9.27740478515625,8.177556991577148,-6.700305461883545
28329,56,170,30,38,170,30,62,64,-0.9010644555091858,-0.027890626341104507,-0.18614257872104645,40.44778823852539,-7.120152473449707,-17.219390869140625
28330,77,170,30,48,170,30,62,19,-0.9589257836341858,0.05877929553389549,-0.35191404819488525,12.188243865966797,3.414198398590088,3.7577099800109863
28331,98,170,30,49,170,30,61,97,-0.9799218773841858,-0.1438574194908142,-0.29844725131988525,54.58518981933594,-26.631603240966797,-16.379695892333984
28332,109,170,30,50,170,30,61,49,-0.9835839867591858,0.028505858033895493,-0.29161131381988525,13.348548889160156,-23.471298217773438,12.582137107849121
28333,112,170,30,51,170,30,63,5,-0.9906640648841858,-0.014218751341104507,-0.31480467319488525,-0.5293129682540894,3.230992317199707,-1.8148090839385986
28334,96,170,30,47,170,30,66,37,-1.033144474029541,-0.1458105444908142,-0.06797851622104645,-2.91099214553833,17.780609130859375,17.238624572753906
28335,30,170,30,29,170,30,81,291,-0.7843652367591858,0.009218748658895493,-0.30748045444488525,61.6996955871582,168.54397583007812,61.19282531738281
28336,9,170,30,17,170,30,75,135,-0.6769433617591858,0.09564453363418579,-0.6021581888198853,58.569923400878906,-36.89114761352539,-39.73847579956055
28337,2,170,30,16,170,30,69,137,-0.4000878930091858,0.3346582055091858,-1.0821386575698853,-47.99496078491211,-43.85297775268555,-45.6316032409668
28338,0,170,30,20,170,30,56,98,-1.098085880279541,-0.012998048216104507,0.20667968690395355,-71.1705322265625,-11.059083938598633,15.89511489868164
28339,0,170,30,21,170,30,58,71,-0.7880273461341858,0.10467773675918579,-0.7703710794448853,-29.842288970947266,-28.860610961914062,-12.36442756652832
28340,0,170,30,20,170,30,58,53,-0.9894433617591858,0.1476464867591858,-0.28404295444488525,-32.605648040771484,6.131755828857422,14.398931503295898
28341,0,170,30,19,170,30,58,31,-1.056826114654541,-0.06524413824081421,-0.23301757872104645,-7.216335773468018,-12.463664054870605,-11.372060775756836
28342,11,170,30,21,170,30,60,22,-0.9694238305091858,0.1266503930091858,-0.5091406106948853,-17.47587776184082,-2.616335868835449,2.4905343055725098
28343,41,170,30,21,170,30,61,13,-0.9579492211341858,0.05047851428389549,-0.43052732944488525,-2.91099214553833,-8.265191078186035,2.154656410217285
28344,71,170,30,24,170,30,61,65,-1.005800724029541,0.04876952990889549,-0.47325193881988525,32.569923400878906,-15.74610710144043,-16.74610710144043
28345,90,170,30,25,170,30,60,158,-0.9686914086341858,0.09369140863418579,-0.20884765684604645,86.29511260986328,-46.097251892089844,-25.631603240966797
28347,108,170,30,23,170,30,60,106,-0.9906640648841858,-0.09136718511581421,-0.41929686069488525,51.42488479614258,-46.616336822509766,-8.471297264099121
28348,119,170,30,22,170,30,62,8,-0.9823632836341858,-0.06499999761581421,-0.26182615756988525,6.14244270324707,-0.4483969807624817,-1.79954195022583
28349,119,170,30,23,170,30,64,14,-0.9970117211341858,-0.09820312261581421,-0.23008789122104645,10.417251586914062,2.589771032333374,1.2538931369781494
28350,43,170,30,11,170,30,76,477,-0.8595605492591858,-0.1506933569908142,-0.25572264194488525,-45.781219482421875,320.3607482910156,111.5439682006836
28351,14,170,30,2,170,30,72,181,-0.1386132836341858,0.6600976586341858,-0.6895605325698853,39.6996955871582,-85.41023254394531,-56.501834869384766
28352,4,170,30,0,170,30,61,104,-1.515566349029541,-0.2649511694908142,-0.5186620950698853,15.79129695892334,9.627939224243164,-79.1583251953125
28353,0,170,30,0,170,30,58,225,-0.6537500023841858,-0.09502929449081421,-0.44664061069488525,56.890533447265625,-77.97511291503906,-90.92931365966797
28354,0,170,30,2,170,30,59,64,-0.7457910180091858,0.1911035180091858,-0.7374120950698853,11.073740005493164,45.03251647949219,7.986717700958252
28355,0,170,30,5,170,30,55,61,-0.9086328148841858,-0.04595703259110451,-0.22374023497104645,-5.460610389709473,-34.601070404052734,20.948549270629883
28356,0,170,30,6,170,30,57,13,-0.9491601586341858,-0.09624999761581421,-0.37193357944488525,-1.1552671194076538,-3.517099142074585,9.055419921875
28357,0,170,30,6,170,30,57,27,-0.9555078148841858,-0.1409277319908142,-0.30577147006988525,-7.155267238616943,-16.921680450439453,2.9943511486053467
28358,0,170,30,8,170,30,58,28,-0.9935937523841858,-0.1846289038658142,-0.33018553256988525,3.8523664474487305,-18.26519203186035,-6.303358554840088
28359,17,170,30,10,170,30,60,40,-0.9686914086341858,-0.1816992163658142,-0.33213865756988525,24.569923400878906,-15.700304985046387,-0.4254961907863617
28360,72,170,30,12,170,30,60,117,-0.8781152367591858,-0.1348242163658142,-0.30210936069488525,58.1424446105957,-34.37206268310547,-24.79191017150879
28361,123,170,30,17,170,30,61,51,-1.007265567779541,-0.1548437476158142,-0.36973631381988525,29.409618377685547,-17.074352264404297,5.009618282318115
28362,153,170,30,28,170,30,61,54,-0.9359765648841858,-0.2473730444908142,-0.013779297471046448,21.394351959228516,-30.081985473632812,-3.0056488513946533
28363,169,170,30,49,170,30,62,10,-0.9347558617591858,-0.2063574194908142,-0.21373046934604645,5.8523664474487305,2.696641206741333,-1.5247328281402588
28364,99,170,30,54,170,30,67,257,-1.385439395904541,-0.10113281011581421,0.5860742330551147,-79.07893371582031,169.6890106201172,-8.242290496826172
28365,31,170,30,33,170,30,79,100,-0.5558496117591858,0.1395898461341858,-0.8253027200698853,46.875267028808594,47.96381759643555,5.986717700958252
28366,10,170,30,18,170,30,71,163,-0.6561914086341858,-0.06866210699081421,-0.7515722513198853,29.974504470825195,-71.24229431152344,-62.425498962402344
28367,2,170,30,13,170,30,62,115,-0.8932519555091858,-0.1340917944908142,-0.29698240756988525,-6.300305366516113,-68.37206268310547,-41.06671905517578
28368,0,170,30,11,170,30,61,25,-0.8700585961341858,-0.2981542944908142,-0.6236425638198853,-14.681984901428223,-3.3949618339538574,-6.959847450256348
28369,0,170,30,11,170,30,59,19,-0.9428125023841858,-0.2100195288658142,-0.23545898497104645,0.17297708988189697,-13.715572357177734,5.3607635498046875
28370,0,170,30,12,170,30,57,48,-0.9430566430091858,-0.3015722632408142,-0.25254881381988525,13.730228424072266,-32.89114761352539,1.4523664712905884
28371,30,170,30,15,170,30,57,53,-0.9328027367591858,-0.2385839819908142,-0.15831054747104645,27.0432071685791,-18.76900863647461,7.711908340454102
28373,77,170,30,24,170,30,58,65,-1.012636661529541,-0.4688085913658142,-0.5081640481948853,31.241680145263672,-11.776640892028809,22.79587745666504
28374,123,170,30,38,170,30,58,54,-0.9298730492591858,-0.1856054663658142,-0.04356445372104645,38.26457977294922,-15.07435131072998,1.2996946573257446
28375,159,170,30,53,170,30,59,35,-0.9613671898841858,-0.2559179663658142,-0.20152343809604645,23.913434982299805,-6.555267333984375,4.872213840484619
28376,167,170,30,66,170,30,61,15,-0.9762597680091858,-0.2744726538658142,-0.030380859971046448,-3.2926716804504395,-1.6087024211883545,10.750076293945312
28377,58,170,30,43,170,30,74,204,-0.7733789086341858,0.05877929553389549,-0.19053710997104645,-10.193435668945312,187.62794494628906,6.368396759033203
28378,19,170,30,25,170,30,69,134,-0.7291894555091858,-0.05621093884110451,-0.45884764194488525,-21.21633529663086,-105.53236389160156,-7.936946868896484
28379,6,170,30,18,170,30,67,170,-1.644960880279541,-0.8120703101158142,-0.6397558450698853,-20.010229110717773,62.13175582885742,-88.36442565917969
28380,1,170,30,18,170,30,60,108,-1.208681583404541,-0.7332128882408142,-0.03550781309604645,6.8141984939575195,-74.32626342773438,-27.173587799072266
28381,0,170,30,16,170,30,63,48,-0.8141503930091858,-0.2410253882408142,-0.5538183450698853,26.646259307861328,12.406564712524414,9.360763549804688
28382,0,170,30,20,170,30,60,64,-0.9174218773841858,-0.2893652319908142,-0.40733397006988525,13.989770889282227,-40.50946807861328,-9.769007682800293
28383,0,170,30,25,170,30,60,15,-0.8854394555091858,-0.2156347632408142,-0.37486326694488525,-1.5369466543197632,8.376030921936035,-5.845343589782715
28384,0,170,30,22,170,30,58,93,-0.8998437523841858,-0.1506933569908142,-0.39024412631988525,28.12717628479004,-62.112518310546875,-3.448396921157837
28385,16,170,30,18,170,30,58,24,-0.9262109398841858,-0.3489355444908142,-0.46861326694488525,12.982136726379395,-8.81480884552002,-2.440763235092163
28386,64,170,30,20,170,30,57,66,-0.9103417992591858,-0.2737402319908142,0.12245117127895355,52.46305465698242,-6.081984519958496,7.772977352142334
28387,103,170,30,32,170,30,59,21,-0.9743066430091858,-0.2898535132408142,-0.12632812559604645,16.554656982421875,0.48290079832077026,4.124122142791748
28388,119,170,30,48,170,30,61,41,-0.9481835961341858,-0.2910742163658142,-0.20494140684604645,-4.4682440757751465,21.307327270507812,-15.967480659484863
28389,112,170,30,69,170,30,61,24,-0.9603906273841858,-0.3587011694908142,-0.04478515684604645,-9.430076599121094,-5.471297740936279,9.681374549865723
28390,42,170,30,44,170,30,70,255,-1.017519474029541,-0.2432226538658142,-0.29332029819488525,-53.872825622558594,156.98672485351562,44.322593688964844
28391,12,170,30,20,170,30,76,245,-0.4591699242591858,0.2194238305091858,-0.42515623569488525,-112.13236236572266,90.45236206054688,42.73480987548828
28392,3,170,30,14,170,30,72,106,-0.5219140648841858,0.1942773461341858,-0.43223631381988525,-100.34610748291016,-1.0590839385986328,-5.158320426940918
28393,0,170,30,13,170,30,64,116,-1.000917911529541,0.0062890611588954926,-0.33653318881988525,-41.384273529052734,-65.80717468261719,9.788244247436523
28394,0,170,30,18,170,30,65,110,-0.9718652367591858,0.2269921898841858,-0.33116209506988525,-56.223968505859375,18.543968200683594,35.33022689819336
28395,0,170,30,29,170,30,64,38,-0.5980859398841858,0.5592675805091858,-0.43370115756988525,13.485954284667969,4.406564712524414,20.902748107910156
28396,0,170,30,32,170,30,57,165,-0.8556542992591858,0.06390625238418579,-0.5328222513198853,-39.09419631958008,-102.52473449707031,24.093585968017578
28397,0,170,30,36,170,30,56,34,-0.9269433617591858,0.2567773461341858,-0.14854492247104645,24.081375122070312,3.3531298637390137,-7.188854694366455
28398,0,170,30,39,170,30,55,75,-0.9403710961341858,0.1806054711341858,-0.18418945372104645,1.3943512439727783,-49.715572357177734,-24.74610710144043
28399,0,170,30,37,170,30,57,27,-0.9872460961341858,0.11737304925918579,-0.21568359434604645,-1.2010687589645386,-23.914047241210938,-1.9674808979034424
28400,29,170,30,38,170,30,59,20,-1.036074161529541,0.2814355492591858,-0.11900390684604645,-8.391908645629883,-9.120152473449707,-2.547633647918701
28401,81,170,30,43,170,30,63,64,-1.016054630279541,0.007998045533895493,-0.019394531846046448,-34.33083724975586,27.79587745666504,2.383664131164551
28402,118,170,30,48,170,30,66,80,-1.054384708404541,0.3100000023841858,0.13099609315395355,-26.31557273864746,35.68900680541992,-18.4865665435791
28403,147,170,30,60,170,30,70,135,-0.9730859398841858,0.11493164300918579,-0.27671873569488525,17.898168563842773,44.177555084228516,-73.06671905517578
28404,167,170,30,95,170,30,72,139,-0.9577050805091858,-0.2107519507408142,-0.14463867247104645,71.83709716796875,6.940916061401367,-60.62397003173828
28405,162,170,30,159,170,30,70,73,-1.028749942779541,-0.06280273199081421,-0.46910154819488525,56.27984619140625,-12.081984519958496,-4.868244171142578
28406,147,170,30,211,170,30,70,61,-0.9335351586341858,-0.10845702886581421,-0.09605468809604645,26.646259307861328,-11.730839729309082,22.856945037841797
28407,144,170,30,230,170,30,69,59,-1.043398380279541,-0.4075292944908142,-0.32920897006988525,-1.5216792821884155,-17.99038314819336,39.52870178222656
28408,150,170,30,224,170,30,69,3,-0.9953027367591858,-0.04888672009110451,-0.12779296934604645,-0.9262595176696777,-2.1125190258026123,0.41419848799705505
28409,152,170,30,215,170,30,70,3,-0.9870019555091858,-0.030576173216104507,-0.16978515684604645,-1.7506870031356812,-0.6926717758178711,0.8111450672149658
28410,154,170,30,201,170,30,72,110,-0.9420800805091858,-0.2249121069908142,-0.011093750596046448,-58.7430534362793,10.956183433532715,41.2996940612793
28411,160,170,30,182,170,30,72,8,-0.9945703148841858,-0.04205078259110451,-0.25596678256988525,0.4783206284046173,-5.36442756652832,3.0096182823181152
28412,156,170,30,165,170,30,73,16,-1.012880802154541,-0.03545898571610451,-0.12046875059604645,-6.605648517608643,3.383664131164551,6.139389514923096
28413,62,170,30,99,170,30,76,111,-0.9694238305091858,0.2365136742591858,0.11268554627895355,51.66916275024414,55.93328094482422,4.353129863739014
28414,20,170,30,51,170,30,80,134,-0.7594628930091858,0.0045800767838954926,-0.6190038919448853,53.11954116821289,28.910381317138672,-52.654502868652344
28416,5,170,30,37,170,30,73,71,-1.027529239654541,-0.2329687476158142,-0.26915037631988525,-1.9186259508132935,-62.50946807861328,-6.975114345550537
28417,0,170,30,45,170,30,72,53,-0.9884667992591858,-0.2383398413658142,-0.38584959506988525,37.95923614501953,-10.585801124572754,5.376030445098877
28418,0,170,30,63,170,30,70,70,-1.006533145904541,-0.015195313841104507,-0.06431640684604645,23.241680145263672,-19.196489334106445,28.398929595947266
28419,0,170,30,89,170,30,71,42,-0.9772363305091858,-0.0046972669661045074,-0.18980468809604645,24.447786331176758,-10.707939147949219,6.9638166427612305
28420,0,170,30,106,170,30,70,53,-0.9418359398841858,-0.025693360716104507,-0.23106445372104645,18.417251586914062,-21.654504776000977,13.223359107971191
28421,0,170,30,143,170,30,70,22,-0.9721093773841858,-0.07818359136581421,-0.25132811069488525,3.470686912536621,-11.837709426879883,7.406564712524414
28422,0,170,30,185,170,30,71,26,-0.9957910180091858,-0.05132812634110451,-0.07579101622104645,16.860000610351562,-9.242290496826172,0.5210686922073364
28423,4,170,30,202,170,30,72,14,-1.008242130279541,-0.016416016966104507,-0.06431640684604645,6.432519435882568,-5.623969554901123,-2.410228967666626
28424,33,170,30,220,170,30,73,11,-1.018740177154541,0.07171875238418579,-0.16416992247104645,-7.521679401397705,3.0783207416534424,-0.44076332449913025
28425,77,170,30,220,170,30,75,38,-1.001650333404541,-0.11333984136581421,-0.004013672471046448,-19.048397064208984,13.811144828796387,-5.631603240966797
28426,111,170,30,201,170,30,77,51,-0.9528222680091858,-0.04449218884110451,-0.09947265684604645,-6.956793785095215,13.261527061462402,-31.310993194580078
28427,145,170,30,208,170,30,77,53,-0.9271875023841858,-0.2192968726158142,-0.06968750059604645,0.8447328209877014,-2.188854932785034,-50.57816696166992
28428,157,170,30,270,170,30,74,132,-1.133242130279541,-0.3120703101158142,-0.38829100131988525,55.791297912597656,-45.47129821777344,-30.80717658996582
28429,156,170,30,327,170,30,71,79,-0.9462304711341858,-0.2754492163658142,0.17494140565395355,54.432518005371094,-12.356793403625488,12.261527061462402
28430,158,170,30,388,170,30,70,55,-0.9555078148841858,-0.09942382574081421,-0.010117188096046448,25.089008331298828,-9.303359031677246,20.6126708984375
28431,162,170,30,403,170,30,70,49,-0.9437890648841858,-0.1814550757408142,0.14906249940395355,-3.5064120292663574,-9.65450382232666,35.86457824707031
28432,173,170,30,368,170,30,71,15,-1.000673770904541,-0.1602148413658142,0.08607421815395355,11.043206214904785,-1.425496220588684,-3.372061014175415
28433,188,170,30,339,170,30,72,15,-1.036074161529541,-0.3198828101158142,0.26673829555511475,-1.2316030263900757,-1.623969554901123,12.292060852050781
28434,199,170,30,321,170,30,75,11,-1.004580020904541,-0.1953710913658142,-0.14537109434604645,-5.155267238616943,5.414198398590088,-0.5476335287094116
28435,208,170,30,300,170,30,75,10,-0.9989648461341858,-0.12286132574081421,0.08924804627895355,0.7378625869750977,9.353129386901855,0.15465649962425232
28436,96,170,30,177,170,30,80,147,-1.188662052154541,-0.2024511694908142,0.40663087368011475,-23.048397064208984,73.45999908447266,50.841678619384766
28437,31,170,30,74,170,30,84,113,-0.8305078148841858,0.016054686158895493,-0.10264648497104645,29.440153121948242,27.887479782104492,-55.875877380371094
28438,9,170,30,31,170,30,87,162,-0.5670800805091858,0.09759765863418579,-0.39537107944488525,-68.78885650634766,80.74243927001953,-13.005648612976074
28439,1,170,30,17,170,30,82,108,-0.6647363305091858,0.030947264283895493,-0.40513670444488525,-23.628549575805664,-41.54763412475586,-43.41786193847656
28440,0,170,30,18,170,30,72,54,-0.9979882836341858,0.00042968615889549255,-0.11607421934604645,-7.49114465713501,-33.898780822753906,-13.310992240905762
28441,0,170,30,23,170,30,70,98,-0.8832421898841858,-0.09795898199081421,-0.6324316263198853,-34.605648040771484,-37.898780822753906,26.322593688964844
28442,0,170,30,27,170,30,67,38,-1.018740177154541,0.012148436158895493,-0.20250000059604645,7.501221656799316,-28.906414031982422,-1.6468701362609863
28443,0,170,30,32,170,30,67,29,-0.9884667992591858,-0.11578124761581421,-0.39195311069488525,14.249312400817871,-14.066717147827148,1.040152668952942
28444,0,170,30,41,170,30,66,46,-0.9804101586341858,0.04779296740889549,-0.24449218809604645,3.7760305404663086,-31.22702407836914,11.72717571258545
28445,5,170,30,51,170,30,66,57,-0.9352441430091858,0.12225586175918579,-0.10411132872104645,-15.903359413146973,-17.685039520263672,23.45236587524414
28446,39,170,30,56,170,30,69,54,-0.7680078148841858,0.04437499865889549,0.05458007752895355,-30.162900924682617,24.437097549438477,0.1088549792766571
28447,77,170,30,57,170,30,71,47,-1.079775333404541,0.07245117425918579,-0.32896482944488525,-25.79648780822754,9.230992317199707,-12.578167915344238
28448,105,170,30,68,170,30,74,52,-0.9896875023841858,-0.2454199194908142,-0.25132811069488525,2.05083966255188,12.208091735839844,-37.998016357421875
28449,122,170,30,103,170,30,71,176,-1.199892520904541,-0.3003515601158142,-0.26988279819488525,94.37145233154297,-39.5171012878418,-42.318626403808594
28450,117,170,30,141,170,30,69,85,-1.027285099029541,-0.3259863257408142,-0.08116210997104645,57.57755661010742,-19.700305938720703,7.834045886993408
28451,115,170,30,179,170,30,68,85,-0.9855371117591858,-0.3394140601158142,-0.31358397006988525,26.84473419189453,-15.181221008300781,42.97908401489258
28452,119,170,30,191,170,30,69,59,-0.9594140648841858,-0.11968749761581421,-0.12925781309604645,-6.178167819976807,-1.0285496711730957,52.047786712646484
28453,135,170,30,181,170,30,70,85,-0.9782128930091858,-0.4138769507408142,-0.011582031846046448,-33.47587585449219,-3.6087021827697754,48.444732666015625
28454,156,170,30,168,170,30,72,60,-1.013369083404541,-0.06011718884110451,-0.12437500059604645,-32.77358627319336,13.979084014892578,13.956183433532715
28455,138,170,30,121,170,30,74,105,-1.110537052154541,0.1569238305091858,-0.13096679747104645,-51.323204040527344,34.58977127075195,19.498167037963867
28457,52,170,30,69,170,30,84,242,-0.8566308617591858,0.2782617211341858,-0.08824218809604645,50.096641540527344,173.42947387695312,18.521068572998047
28458,16,170,30,41,170,30,89,132,-0.7423730492591858,0.05536132678389549,-0.8502050638198853,48.38671875,68.81877899169922,-15.662137031555176
28459,4,170,30,24,170,30,81,40,-0.7755761742591858,-0.09820312261581421,-0.8733984231948853,-14.819389343261719,-1.7766411304473877,-24.257558822631836
28460,0,170,30,18,170,30,70,147,-0.9804101586341858,-0.05328125134110451,-0.43785154819488525,-77.78121948242188,-61.34916305541992,-8.410228729248047
28461,0,170,30,20,170,30,65,105,-1.061708927154541,-0.010556641966104507,-0.20445312559604645,-46.51404571533203,-48.02091598510742,10.612671852111816
28462,0,170,30,23,170,30,64,33,-1.000917911529541,0.020693358033895493,-0.33799803256988525,5.65389347076416,-16.372060775756836,-11.4941987991333
28463,0,170,30,27,170,30,63,43,-0.9879785180091858,0.08099609613418579,-0.27427732944488525,-11.9491605758667,-21.394962310791016,-9.662137031555176
28464,0,170,30,31,170,30,63,42,-1.006777286529541,0.09759765863418579,-0.28770506381988525,10.936335563659668,-15.517099380493164,-15.738472938537598
28465,0,170,30,34,170,30,63,17,-0.9879785180091858,0.04437499865889549,-0.25645506381988525,-0.3003053665161133,-14.845343589782715,2.7500762939453125
28466,0,170,30,36,170,30,65,41,-1.059755802154541,0.013369139283895493,-0.10166992247104645,-19.842288970947266,-8.219389915466309,13.72717571258545
28467,17,170,30,37,170,30,67,7,-1.009218692779541,0.07123047113418579,-0.21763671934604645,-5.277404308319092,-1.0285496711730957,1.1317557096481323
28468,38,170,30,35,170,30,69,45,-1.000185489654541,0.015566404908895493,-0.14732421934604645,-15.460610389709473,-16.78427505493164,12.887480735778809
28469,57,170,30,30,170,30,71,15,-1.003847599029541,0.028261717408895493,-0.24083007872104645,-7.4300761222839355,8.34549617767334,0.16992366313934326
28470,42,170,30,22,170,30,73,31,-1.146181583404541,0.04925781115889549,-0.06919921934604645,-4.727786064147949,10.040152549743652,17.19282341003418
28471,12,170,30,14,170,30,82,206,-0.9677148461341858,0.1264062523841858,-0.38707029819488525,54.676795959472656,120.14701843261719,31.45236587524414
28472,2,170,30,6,170,30,86,208,-0.5809960961341858,0.3873925805091858,-0.37974607944488525,90.02030944824219,95.6584701538086,-22.394962310791016
28473,0,170,30,4,170,30,80,40,-0.7767968773841858,0.3478417992591858,-0.7230077981948853,-21.063663482666016,7.76534366607666,-12.028549194335938
28474,0,170,30,5,170,30,73,59,-0.8842187523841858,0.06097656115889549,-0.5152441263198853,5.714962005615234,-29.303359985351562,-24.80717658996582
28475,0,170,30,6,170,30,69,22,-0.8610253930091858,0.026308592408895493,-0.5152441263198853,14.234045028686523,-7.807175636291504,-0.7308396100997925
28476,0,170,30,7,170,30,63,73,-0.7648339867591858,0.1554589867591858,-0.6102148294448853,12.371450424194336,-50.219390869140625,10.780611038208008
28477,0,170,30,10,170,30,58,104,-0.9901757836341858,0.03241210803389549,-0.19004882872104645,-28.391908645629883,-33.761375427246094,42.780609130859375
28478,0,170,30,13,170,30,58,60,-0.8629785180091858,0.12323242425918579,-0.5030370950698853,-21.29267120361328,-38.6316032409668,0.3836641311645508
28479,0,170,30,14,170,30,56,49,-1.016542911529541,0.04486327990889549,-0.10972656309604645,-4.5751142501831055,-27.700305938720703,17.13175392150879
28480,0,170,30,16,170,30,59,32,-0.9599023461341858,0.07123047113418579,-0.34581053256988525,4.356183052062988,-12.555267333984375,15.360763549804688
28481,0,170,30,18,170,30,59,37,-1.020205020904541,0.026796873658895493,-0.15293945372104645,5.180610656738281,-26.280458450317383,5.742442607879639
28482,0,170,30,20,170,30,61,19,-1.039492130279541,-0.10845702886581421,-0.10826171934604645,-0.8499236106872559,-10.127786636352539,8.918015480041504
28484,24,170,30,19,170,30,65,23,-0.9989648461341858,-0.07696288824081421,-0.15025390684604645,-8.819389343261719,7.444732666015625,6.826412200927734
28485,50,170,30,19,170,30,67,10,-1.016298770904541,0.07733398675918579,-0.10337890684604645,-8.529313087463379,-2.020915985107422,0.4447328448295593
28486,66,170,30,17,170,30,70,68,-0.9996972680091858,0.10028320550918579,-0.05503906309604645,-40.89572525024414,14.070687294006348,13.559236526489258
28487,81,170,30,14,170,30,71,23,-0.9967675805091858,0.1664453148841858,-0.07432617247104645,-17.59801483154297,4.024885654449463,2.307328224182129
28488,90,170,30,17,170,30,75,32,-0.9704003930091858,0.1483789086341858,-0.10313476622104645,9.424884796142578,18.20808982849121,-4.975114345550537
28489,94,170,30,28,170,30,76,59,-0.9428125023841858,0.1530175805091858,-0.20420898497104645,14.0508394241333,8.482900619506836,-37.02091598510742
28490,98,170,30,42,170,30,75,132,-0.8847070336341858,-0.06011718884110451,-0.28404295444488525,57.97450256347656,-6.21938943862915,-68.66976928710938
28492,97,170,30,70,170,30,72,41,-1.021425724029541,-0.10113281011581421,-0.5230566263198853,31.15007781982422,-8.860610961914062,-1.2193893194198608
28493,91,170,30,87,170,30,70,98,-1.002138614654541,-0.2246679663658142,-0.28868162631988525,42.539390563964844,-20.051450729370117,35.879844665527344
28494,90,170,30,102,170,30,69,111,-0.9223046898841858,-0.1939062476158142,-0.09458984434604645,26.860000610351562,-28.524734497070312,56.27679443359375
28495,97,170,30,99,170,30,69,118,-1.026064395904541,-0.1299414038658142,-0.07432617247104645,-43.8575553894043,-6.097251892089844,68.18518829345703
28496,105,170,30,91,170,30,70,45,-1.005068302154541,0.016542967408895493,-0.16758789122104645,-17.063663482666016,-10.020915985107422,18.322593688964844
28497,112,170,30,81,170,30,72,162,-1.044130802154541,-0.12359374761581421,-0.012070313096046448,-77.58274841308594,40.4828987121582,44.47526550292969
28498,96,170,30,61,170,30,76,34,-1.012392520904541,0.07342773675918579,-0.11070312559604645,-1.3232060670852661,28.757709503173828,-4.272824287414551
28499,31,170,30,31,170,30,85,234,-0.9467187523841858,0.2775292992591858,-0.04405273497104645,65.25695037841797,156.72718811035156,-12.56290054321289
28500,10,170,30,16,170,30,88,214,-0.6984277367591858,0.04291015490889549,-0.7310644388198853,102.72259521484375,57.017250061035156,-55.03618240356445
28501,2,170,30,13,170,30,79,55,-0.7977929711341858,-0.016171876341104507,-0.5855566263198853,14.508854866027832,-33.68503952026367,-7.112519264221191
28502,0,170,30,20,170,30,71,117,-0.9079003930091858,0.04974609240889549,-0.31114256381988525,-37.55221176147461,-56.35679626464844,23.895112991333008
28503,0,170,30,27,170,30,69,13,-0.9096093773841858,0.04754882678389549,-0.32774412631988525,1.4096183776855469,-6.081984519958496,-5.616335868835449
28504,0,170,30,29,170,30,67,30,-0.9496484398841858,0.014589842408895493,-0.22227539122104645,-4.758320331573486,-22.44839859008789,-3.4636640548706055
28505,0,170,30,37,170,30,66,35,-1.265810489654541,-0.0020117200911045074,-0.10289062559604645,-18.590381622314453,-11.425496101379395,5.024885654449463
28506,37,170,30,56,170,30,69,87,-0.9298730492591858,0.04242187365889549,-0.24180664122104645,-41.96442794799805,18.940916061401367,-27.051450729370117
28507,86,170,30,85,170,30,70,78,-0.9740625023841858,-0.2222265601158142,-0.10069335997104645,21.42488670349121,2.131755828857422,-55.29572677612305
28508,114,170,30,136,170,30,69,130,-0.9364648461341858,-0.06231445446610451,-0.31993162631988525,70.92106628417969,-25.303359985351562,-33.84534454345703
28509,126,170,30,182,170,30,67,106,-0.9562402367591858,-0.2239355444908142,-0.14952148497104645,52.24931335449219,-18.662137985229492,35.25389099121094
28510,132,170,30,209,170,30,66,93,-1.000673770904541,-0.2586035132408142,-0.30870115756988525,17.867633819580078,-20.540000915527344,55.177555084228516
28511,138,170,30,203,170,30,68,62,-1.035585880279541,-0.2212499976158142,0.04115234315395355,-27.49114418029785,6.147022724151611,28.826412200927734
28512,142,170,30,175,170,30,71,39,-1.009706974029541,-0.04351562634110451,-0.015000000596046448,-24.544580459594727,7.76534366607666,7.192824363708496
28513,139,170,30,128,170,30,73,31,-1.011904239654541,0.026308592408895493,-0.20030273497104645,-17.445343017578125,6.33022928237915,7.757709980010986
28514,62,170,30,66,170,30,77,159,-1.089296817779541,-0.2085546851158142,-0.15367187559604645,-58.83465576171875,92.11648559570312,9.024885177612305
28515,19,170,30,27,170,30,86,325,-0.8417382836341858,0.2011132836341858,-0.5472265481948853,-179.59800720214844,137.53634643554688,8.704275131225586
28516,5,170,30,14,170,30,82,146,-0.8344140648841858,0.1351953148841858,-0.5289160013198853,-50.727787017822266,-8.707939147949219,-87.28045654296875
28517,0,170,30,11,170,30,73,97,-1.008974552154541,0.1398339867591858,-0.21153320372104645,-29.93389320373535,-27.196489334106445,-40.56290054321289
28518,0,170,30,12,170,30,72,66,-0.9579492211341858,-0.017392579466104507,-0.5540624856948853,-7.918625354766846,32.223358154296875,26.81114387512207
28519,0,170,30,15,170,30,68,134,-0.9227929711341858,0.1793847680091858,-0.35362303256988525,-52.239234924316406,-56.64686965942383,25.63557243347168
28520,0,170,30,22,170,30,66,28,-0.9440332055091858,0.3131738305091858,-0.16441406309604645,0.03557252883911133,-21.257558822631836,-7.127786159515381
28521,0,170,30,29,170,30,64,68,-0.9750390648841858,0.3483300805091858,-0.06504882872104645,-21.063663482666016,-38.41786193847656,8.597404479980469
28522,18,170,30,38,170,30,66,44,-1.006289005279541,0.1752343773841858,-0.22959960997104645,-7.750687122344971,21.536334991455078,-15.662137031555176
28523,79,170,30,38,170,30,67,34,-0.9948144555091858,-0.10528320074081421,-0.25865232944488525,5.6386260986328125,-9.288091659545898,-19.540000915527344
28524,139,170,30,58,170,30,67,57,-1.056093692779541,-0.1367773413658142,-0.11802734434604645,1.9287023544311523,4.834045886993408,-51.00564956665039
28525,146,170,30,64,170,30,71,30,-0.9913964867591858,0.04095702990889549,-0.22789062559604645,-0.3461068868637085,25.979082107543945,-4.150687217712402
28527,60,170,30,52,170,30,74,173,-0.9293847680091858,-0.05962890759110451,-0.37803709506988525,-44.941524505615234,43.4141960144043,85.42182922363281
28528,22,170,30,42,170,30,71,70,-1.348574161529541,0.08709961175918579,-0.19346679747104645,-24.89572525024414,-43.88351058959961,1.4370992183685303
28529,31,170,30,46,170,30,71,19,-0.9884667992591858,0.12323242425918579,-0.42491209506988525,-6.6819844245910645,-8.051450729370117,-5.0361833572387695
28530,92,170,30,61,170,30,70,114,-0.9430566430091858,0.2645898461341858,-0.11998046934604645,74.81420135498047,-13.74610710144043,-25.830078125
28531,139,170,30,76,170,30,68,93,-1.021914005279541,0.1542382836341858,-0.07017578184604645,56.69206237792969,-34.280460357666016,-2.517099142074585
28532,151,170,30,92,170,30,68,37,-1.007021427154541,0.009218748658895493,-0.11436523497104645,-1.827022910118103,-17.120153427124023,18.108854293823242
28533,56,170,30,62,170,30,77,169,-0.6828027367591858,0.3124414086341858,-0.6849218606948853,51.821834564208984,101.18518829345703,16.078319549560547
28534,18,170,30,39,170,30,71,125,-0.9599023461341858,-0.03448242321610451,-0.41685545444488525,54.997406005859375,-53.654502868652344,-16.34916114807129
28535,5,170,30,29,170,30,70,72,-1.011171817779541,-0.05206054821610451,-0.19224609434604645,24.96687126159668,44.08595275878906,-3.906412124633789
28536,0,170,30,22,170,30,69,26,-0.9723535180091858,-0.1526464819908142,-0.36631834506988525,17.34855079650879,-0.15832063555717468,-8.868244171142578
28537,0,170,30,22,170,30,69,28,-1.007753849029541,-0.1526464819908142,-0.30284178256988525,11.11954116821289,11.627939224243164,6.078320503234863
28538,0,170,30,28,170,30,68,21,-0.9518457055091858,-0.03863281384110451,-0.30967772006988525,-0.6056488752365112,-18.738473892211914,-1.7842748165130615
28539,0,170,30,46,170,30,68,18,-0.9723535180091858,-0.12066406011581421,-0.34288084506988525,-9.689619064331055,3.0630533695220947,-5.295725345611572
28540,28,170,30,60,170,30,69,54,-0.9096093773841858,0.1276269555091858,-0.19297851622104645,-6.773587703704834,14.360763549804688,-32.95984649658203
28541,86,170,30,94,170,30,68,209,-0.7902246117591858,-0.1921972632408142,-0.29698240756988525,71.6844253540039,-24.50946617126465,-113.26519012451172
28542,108,170,30,118,170,30,66,31,-0.9542871117591858,-0.4893164038658142,-0.15708984434604645,-14.14763355255127,9.76534366607666,7.269160270690918
28543,45,170,30,81,170,30,71,200,-0.9157128930091858,-0.1758398413658142,-0.12339843809604645,-59.002593994140625,87.01725006103516,54.18518829345703
28544,14,170,30,38,170,30,70,60,-0.7758203148841858,-0.2405371069908142,-0.7730566263198853,-7.338472843170166,-47.56290054321289,5.513435363769531
28545,22,170,30,30,170,30,65,91,-0.9503808617591858,-0.08282226324081421,-0.23326171934604645,53.80656433105469,-17.74610710144043,19.498167037963867
28546,75,170,30,57,170,30,63,37,-0.9528222680091858,-0.2854589819908142,-0.33848631381988525,16.371450424194336,-16.753742218017578,4.246259689331055
28547,87,170,30,75,170,30,63,92,-1.061220645904541,-0.4802832007408142,-0.10606445372104645,-15.781222343444824,-17.82244300842285,58.841678619384766
28548,26,170,30,40,170,30,72,222,-0.8038964867591858,-0.05596679821610451,-0.027451172471046448,16.386716842651367,140.97145080566406,65.34549713134766
28549,8,170,30,18,170,30,75,75,-0.6749902367591858,-0.1846289038658142,-1.1014257669448853,8.600458145141602,12.6050386428833,-53.998016357421875
28550,1,170,30,11,170,30,69,132,-0.6681542992591858,0.04266601428389549,-0.6275488138198853,-52.63618087768555,-51.18122100830078,-29.06671905517578
28551,0,170,30,9,170,30,63,52,-0.9132714867591858,0.04608398303389549,-0.25450193881988525,-22.941526412963867,-23.42549705505371,5.834045886993408
28552,0,170,30,8,170,30,60,36,-0.8768945336341858,0.05218749865889549,-0.35118162631988525,-0.8041220903396606,-31.272825241088867,4.0325188636779785
28553,0,170,30,10,170,30,59,68,-0.8368554711341858,0.026796873658895493,-0.46470701694488525,-14.636183738708496,-35.57816696166992,17.910381317138672
28555,86,170,30,25,170,30,56,100,-1.001162052154541,-0.2205175757408142,-0.32530272006988525,-7.567480564117432,-30.219390869140625,-62.86824417114258
28556,62,170,30,32,170,30,59,168,-0.9992089867591858,-0.2488378882408142,-0.30699217319488525,-49.67435073852539,52.65083694458008,66.45999908447266
28557,19,170,30,19,170,30,64,41,-0.7802148461341858,-0.10577148199081421,-0.7193456888198853,-5.903358459472656,7.124122142791748,28.81114387512207
28558,11,170,30,14,170,30,60,38,-1.006289005279541,-0.4319433569908142,-0.07432617247104645,19.56229019165039,-16.478931427001953,2.0783205032348633
28559,59,170,30,20,170,30,59,91,-1.037539005279541,-0.2822851538658142,-0.46153318881988525,45.02793884277344,-43.85297775268555,-3.081984758377075
28560,102,170,30,27,170,30,59,18,-0.9428125023841858,-0.1724218726158142,-0.13316406309604645,-2.5751147270202637,1.1088550090789795,14.612671852111816
28561,46,170,30,27,170,30,64,182,-1.116884708404541,-0.2927832007408142,0.08949218690395355,-32.0560302734375,107.2157211303711,43.52870178222656
28563,13,170,30,17,170,30,73,118,-0.7714257836341858,0.03802734240889549,-0.38462889194488525,8.081374168395996,94.16229248046875,16.49053382873535
28564,4,170,30,12,170,30,77,272,-1.022402286529541,-0.3657812476158142,0.11146484315395355,-85.10946655273438,157.79588317871094,-29.860610961914062
28565,0,170,30,10,170,30,76,32,-0.3825097680091858,0.021669920533895493,-0.9881445169448853,-12.14763355255127,-12.81480884552002,7.9256486892700195
28566,0,170,30,11,170,30,66,57,-0.7059960961341858,0.8287988305091858,-0.20250000059604645,9.638625144958496,-47.59343719482422,-0.7461068630218506
28567,0,170,30,13,170,30,61,47,-0.7995019555091858,0.04632812365889549,-0.5152441263198853,13.867632865905762,-18.95221519470215,14.337862968444824
28568,0,170,30,14,170,30,56,46,-0.8866601586341858,-0.05743164196610451,-0.44615232944488525,8.417251586914062,-36.73847579956055,-1.585801601409912
28569,0,170,30,18,170,30,57,14,-0.8473535180091858,0.11493164300918579,-0.5037695169448853,0.1882442831993103,-0.11251911520957947,14.536335945129395
28570,0,170,30,22,170,30,54,52,-0.8917871117591858,0.04950195178389549,-0.44200193881988525,-4.6819844245910645,-47.74610900878906,0.49053436517715454
28571,7,170,30,26,170,30,53,22,-0.9767480492591858,0.019228514283895493,-0.16343750059604645,-7.765954494476318,-11.975114822387695,-2.6087021827697754
28572,59,170,30,29,170,30,55,121,-0.9743066430091858,0.07684570550918579,-0.48912107944488525,28.035573959350586,-8.692671775817871,-84.36442565917969
28573,103,170,30,41,170,30,55,76,-0.9310937523841858,-0.1619238257408142,-0.48594725131988525,12.478320121765137,-8.677404403686523,-54.99038314819336
28574,63,170,30,36,170,30,58,71,-1.041201114654541,-0.2102636694908142,-0.15269531309604645,-15.094199180603027,40.84931182861328,15.956183433532715
28575,19,170,30,22,170,30,64,93,-0.7789941430091858,-0.2222265601158142,-0.7674413919448853,24.050840377807617,28.97144889831543,40.68900680541992
28576,5,170,30,16,170,30,61,44,-0.8949609398841858,-0.09063476324081421,-0.34458982944488525,-12.40717601776123,-16.998016357421875,15.101221084594727
28577,10,170,30,16,170,30,55,40,-1.127138614654541,-0.6140722632408142,0.03700195252895355,-0.9873281717300415,-35.34916305541992,4.5363359451293945
28578,48,170,30,29,170,30,57,52,-0.8793359398841858,-0.03497070446610451,-0.30577147006988525,26.814199447631836,-14.81480884552002,10.96381664276123
28579,90,170,30,46,170,30,57,32,-0.9833398461341858,-0.2095312476158142,-0.6053320169448853,12.600458145141602,-15.868244171142578,4.444732666015625
28580,115,170,30,54,170,30,57,22,-0.9596582055091858,-0.2149023413658142,-0.30528318881988525,7.440152645111084,-7.211755752563477,7.421832084655762
28581,62,170,30,44,170,30,62,173,-1.225527286529541,-0.2439550757408142,0.31434571743011475,-51.30793762207031,122.02488708496094,-0.028549611568450928
28582,21,170,30,30,170,30,70,72,-0.7018457055091858,-0.1392187476158142,-0.8924413919448853,50.27984619140625,12.818778991699219,8.933282852172852
28583,6,170,30,24,170,30,65,75,-0.8641992211341858,-0.10430663824081421,-0.5235449075698853,36.86000061035156,-36.84534454345703,1.4218320846557617
28584,1,170,30,25,170,30,64,64,-0.8493066430091858,0.07391601800918579,-0.35582029819488525,-10.6056489944458,10.711908340454102,43.07068634033203
28585,0,170,30,28,170,30,63,27,-0.7899804711341858,-0.04473632946610451,-0.5818945169448853,2.8905344009399414,-21.959848403930664,-2.807175636291504
28586,7,170,30,32,170,30,59,67,-0.7870507836341858,-0.6389746069908142,0.028457030653953552,20.18824577331543,-7.990381717681885,-39.43313217163086
28587,65,170,30,50,170,30,57,168,-0.9142480492591858,-0.6780371069908142,-0.37168943881988525,16.90580177307129,-47.74610900878906,-103.41786193847656
28588,70,170,30,100,170,30,58,134,-0.9103417992591858,-0.6323828101158142,-0.17051757872104645,-52.71251678466797,45.169921875,37.11648941040039
28589,21,170,30,68,170,30,65,105,-0.7504296898841858,-0.3098730444908142,-0.8340917825698853,-21.842288970947266,56.543968200683594,27.20808982849121
28590,13,170,30,40,170,30,56,142,-1.758730411529541,0.2538476586341858,0.30409181118011475,56.554656982421875,-75.944580078125,-10.242290496826172
28591,81,170,30,37,170,30,55,127,-1.043642520904541,-0.3694433569908142,-0.45176756381988525,48.90580368041992,-47.19649124145508,31.45236587524414
28592,128,170,30,51,170,30,54,52,-0.9877343773841858,-0.2432226538658142,-0.22911132872104645,5.058473587036133,-21.181222915649414,26.23099136352539
28593,49,170,30,31,170,30,60,183,-0.9921289086341858,-0.0037207044661045074,-0.32457029819488525,-46.46824264526367,58.37602996826172,78.52106475830078
28594,14,170,30,15,170,30,68,235,-0.8654199242591858,0.08832031488418579,-0.7842870950698853,-152.5140380859375,73.94854736328125,-8.547633171081543
28595,3,170,30,9,170,30,67,127,-0.6771875023841858,0.2179589867591858,-0.27085936069488525,-57.781219482421875,-33.730838775634766,-36.013282775878906
28596,0,170,30,10,170,30,66,64,-0.9830957055091858,-0.017636720091104507,-0.08555664122104645,7.898168087005615,-53.456031799316406,-3.265190839767456
28597,0,170,30,11,170,30,68,149,-0.9367089867591858,-1.887998104095459,-0.6700292825698853,15.027938842773438,78.48290252685547,55.559234619140625
28598,0,170,30,15,170,30,61,108,-1.098330020904541,-0.5103124976158142,-0.5862890481948853,-24.407175064086914,-45.0743522644043,39.238624572753906
28599,0,170,30,23,170,30,58,120,-1.122988224029541,-0.09673827886581421,0.05726562440395355,-36.83465576171875,-51.22702407836914,32.03252029418945
28600,0,170,30,32,170,30,59,61,-0.9525781273841858,0.09637695550918579,-0.41539061069488525,26.111909866333008,-33.043819427490234,-1.9522137641906738
28601,8,170,30,42,170,30,58,61,-0.9650292992591858,0.2011132836341858,-0.05015625059604645,-16.7125186920166,-32.173587799072266,12.719541549682617
28602,58,170,30,50,170,30,62,69,-1.131044864654541,-0.0034765638411045074,-0.5076757669448853,-27.85755729675293,22.39129638671875,-19.249923706054688
28603,107,170,30,54,170,30,65,111,-0.9838281273841858,0.03949218615889549,-0.33531248569488525,-60.57511520385742,28.040151596069336,-22.669771194458008
28604,85,170,30,47,170,30,71,82,-1.022890567779541,0.04510742053389549,-0.23155273497104645,14.279847145080566,53.887481689453125,-14.349160194396973
28605,27,170,30,42,170,30,79,234,-0.7194238305091858,0.011660154908895493,-0.45469725131988525,142.44778442382812,78.66610717773438,13.757709503173828
28607,8,170,30,39,170,30,72,108,-1.090517520904541,-0.1509374976158142,-0.6334081888198853,64.73786163330078,-28.936946868896484,-14.929312705993652
28608,1,170,30,37,170,30,66,63,-1.007021427154541,-0.09551757574081421,-0.34800779819488525,-1.4758778810501099,-47.41022872924805,-14.242290496826172
28609,0,170,30,40,170,30,66,20,-1.010195255279541,0.00018554553389549255,-0.20860351622104645,-4.162900447845459,-13.242290496826172,-2.623969316482544
28610,0,170,30,47,170,30,66,31,-1.074892520904541,-0.07940429449081421,-0.19737304747104645,-10.025496482849121,-19.318626403808594,2.597404718399048
28611,0,170,30,46,170,30,69,45,-0.9745507836341858,-0.03545898571610451,-0.35435545444488525,-25.552213668823242,11.246259689331055,8.41419792175293
28612,0,170,30,37,170,30,70,44,-1.039736270904541,-0.10455077886581421,-0.27793943881988525,24.936336517333984,-16.40259552001953,-3.020915985107422
28613,0,170,30,35,170,30,70,36,-0.9965234398841858,-0.020810548216104507,-0.22276367247104645,11.867632865905762,-23.898778915405273,-0.7003053426742554
28614,8,170,30,37,170,30,69,25,-0.9852929711341858,-0.1856054663658142,-0.22471679747104645,-6.758320331573486,-7.043816566467285,11.360763549804688
28615,48,170,30,44,170,30,71,40,-0.9943261742591858,-0.1545996069908142,-0.25108397006988525,-16.727785110473633,-15.639236450195312,-8.471297264099121
28616,97,170,30,50,170,30,71,61,-1.148378849029541,-0.2947363257408142,-0.26280272006988525,-27.21633529663086,-19.79191017150879,14.551603317260742
28617,115,170,30,48,170,30,73,7,-1.004335880279541,0.04437499865889549,-0.012802734971046448,-3.414809226989746,-2.6316030025482178,1.9103816747665405
28618,47,170,30,35,170,30,80,178,-1.223818302154541,-0.10406249761581421,0.019179686903953552,8.356183052062988,116.97145080566406,52.8111457824707
28619,15,170,30,24,170,30,85,120,-0.6579003930091858,0.11786133050918579,-0.5738378763198853,94.69206237792969,25.139389038085938,-0.837709903717041
28620,4,170,30,19,170,30,79,54,-1.093447208404541,-0.09771484136581421,-0.33873045444488525,23.012672424316406,18.727174758911133,12.841679573059082
28621,0,170,30,22,170,30,76,110,-0.5355859398841858,0.2765527367591858,-0.7874609231948853,-40.19343566894531,-46.830078125,23.727174758911133
28622,0,170,30,26,170,30,68,102,-0.9581933617591858,0.1884179711341858,0.10731445252895355,-20.697250366210938,-57.730838775634766,24.322593688964844
28623,0,170,30,32,170,30,66,22,-0.8881250023841858,0.07928711175918579,-0.5223242044448853,-5.735419750213623,-15.16595458984375,1.2233587503433228
28624,0,170,30,36,170,30,64,36,-1.011660099029541,0.030214842408895493,-0.12608398497104645,-1.720152735710144,-33.30335998535156,1.1775572299957275
28625,0,170,30,37,170,30,65,27,-0.9330468773841858,0.06488281488418579,-0.38389647006988525,9.165343284606934,-12.32625961303711,-6.196488380432129
28626,4,170,30,42,170,30,63,34,-1.098085880279541,-0.2300390601158142,0.22523437440395355,10.005038261413574,-21.639238357543945,2.7500762939453125
28627,55,170,30,68,170,30,67,93,-0.8793359398841858,0.08587890863418579,-0.14854492247104645,-25.99496078491211,24.666105270385742,-42.761375427246094
28628,114,170,30,71,170,30,69,141,-0.9979882836341858,-0.06109375134110451,-0.21788085997104645,-47.41481018066406,40.97145080566406,-52.68503952026367
28629,139,170,30,60,170,30,70,18,-1.014345645904541,-0.08233398199081421,-0.27647459506988525,-14.89572525024414,2.299694776535034,0.9485496282577515
28630,78,170,30,42,170,30,74,63,-1.389101505279541,-0.3709082007408142,0.06703124940395355,15.928702354431152,42.879844665527344,4.47526741027832
28631,25,170,30,28,170,30,83,229,-0.4801660180091858,0.09417968988418579,-0.8199316263198853,125.91343688964844,69.06304931640625,34.124122619628906
28632,8,170,30,22,170,30,73,84,-0.9223046898841858,-0.05083984509110451,-0.5543066263198853,43.714962005615234,-35.5171012878418,5.009618282318115
28633,1,170,30,21,170,30,66,69,-1.047304630279541,-0.1526464819908142,-0.12217773497104645,0.6767939329147339,-58.280460357666016,10.750076293945312
28634,0,170,30,23,170,30,67,21,-1.001162052154541,-0.1484960913658142,-0.28697264194488525,-14.773588180541992,-3.6697709560394287,3.1012213230133057
28635,0,170,30,29,170,30,66,66,-1.003359317779541,0.06244140490889549,-0.09629882872104645,-23.09419822692871,-35.501834869384766,7.650839805603027
28636,0,170,30,32,170,30,68,25,-0.9777246117591858,-0.03375000134110451,-0.27037107944488525,11.485954284667969,-7.257557392120361,6.566870212554932
28637,9,170,30,40,170,30,66,55,-0.9887109398841858,0.09881836175918579,-0.020859375596046448,-9.231603622436523,-20.20412254333496,25.803510665893555
28638,47,170,30,60,170,30,69,20,-1.014345645904541,0.09662109613418579,-0.14000000059604645,-14.910992622375488,-4.555267333984375,-0.7003053426742554
28639,86,170,30,72,170,30,70,31,-0.8817773461341858,0.2013574242591858,0.11292968690395355,-18.0560302734375,0.7119084000587463,-12.318625450134277
28640,127,170,30,80,170,30,72,40,-0.9996972680091858,-0.014707032591104507,-0.20323242247104645,-21.521678924560547,-5.333893299102783,14.124122619628906
28641,156,170,30,76,170,30,73,5,-0.9913964867591858,0.021669920533895493,0.010390624403953552,-1.3842748403549194,3.658473491668701,-0.7461068630218506
28642,135,170,30,62,170,30,74,40,-0.9750390648841858,-0.026669923216104507,-0.015976563096046448,-20.727785110473633,5.001984596252441,14.643206596374512
28643,46,170,30,35,170,30,86,406,-0.9320703148841858,-0.1253027319908142,0.07557617127895355,12.264579772949219,252.1317596435547,142.16993713378906
28644,15,170,30,20,170,30,91,134,-0.3534570336341858,0.3034082055091858,-1.1114355325698853,36.539390563964844,57.93328094482422,39.97145080566406
28645,4,170,30,13,170,30,78,58,-0.7006250023841858,0.1740136742591858,-0.6597753763198853,-30.300304412841797,-14.707939147949219,13.696640968322754
28646,0,170,30,9,170,30,68,90,-0.8607812523841858,0.06097656115889549,-0.7364355325698853,-14.11709976196289,-70.6163330078125,5.788244247436523
28647,0,170,30,9,170,30,59,90,-0.9686914086341858,0.1918359398841858,-0.16124023497104645,6.966870307922363,-74.73847198486328,-8.410228729248047
28648,0,170,30,11,170,30,56,90,-0.8012109398841858,0.2760644555091858,-0.5079199075698853,26.676794052124023,-53.66977310180664,-10.486564636230469
28649,0,170,30,15,170,30,54,73,-0.9130273461341858,0.1801171898841858,-0.40196287631988525,-22.84992218017578,-46.70793914794922,-4.333893299102783
28650,0,170,30,19,170,30,55,45,-0.9911523461341858,0.1911035180091858,-0.12706054747104645,28.646259307861328,-13.196488380432129,-3.9980154037475586
28651,0,170,30,18,170,30,57,13,-0.9884667992591858,0.014589842408895493,-0.38682615756988525,7.08900785446167,-3.3491601943969727,-2.593435049057007
28652,0,170,30,23,170,30,59,49,-1.037783145904541,0.09125000238418579,-0.030136719346046448,-18.25450325012207,-9.914045333862305,21.17755699157715
28653,0,170,30,22,170,30,62,19,-0.9830957055091858,0.09369140863418579,-0.29063475131988525,-7.796488285064697,-8.860610961914062,3.2080917358398438
28654,0,170,30,20,170,30,64,15,-0.9738183617591858,0.1574121117591858,-0.23228515684604645,-0.19343507289886475,-3.837709903717041,-11.631603240966797
28655,3,170,30,19,170,30,66,6,-0.9830957055091858,0.10150390863418579,-0.19590820372104645,-4.422442436218262,-0.4789313077926636,-1.4941984415054321
28657,35,170,30,18,170,30,69,46,-0.9638085961341858,0.03265624865889549,-0.16587890684604645,-15.216336250305176,9.063053131103516,-22.654504776000977
28658,61,170,30,19,170,30,71,35,-1.005068302154541,0.03509765490889549,-0.22447265684604645,-6.804121971130371,6.162290096282959,-22.440763473510742
28659,88,170,30,16,170,30,73,11,-1.023378849029541,-0.09624999761581421,-0.12876953184604645,5.272213935852051,-5.868244171142578,0.5363358855247498
28660,58,170,30,10,170,30,74,16,-1.040468692779541,-0.1287207007408142,-0.27183592319488525,-4.1476335525512695,7.521068572998047,4.704274654388428
28661,18,170,30,8,170,30,78,164,-0.9459863305091858,0.12030273675918579,-0.38243162631988525,-31.979694366455078,53.124122619628906,79.40656280517578
28662,5,170,30,7,170,30,78,96,-0.7863183617591858,0.2870507836341858,-0.6282812356948853,-73.10946655273438,14.711908340454102,-8.36442756652832
28663,0,170,30,9,170,30,75,90,-0.8895898461341858,0.1666894555091858,-0.35850584506988525,-54.239234924316406,7.185190677642822,-28.715574264526367
28664,0,170,30,10,170,30,72,77,-0.9188867211341858,0.1591210961341858,-0.23936523497104645,-0.7583205699920654,-59.318626403808594,-17.417863845825195
28665,0,170,30,12,170,30,72,57,-0.8746972680091858,0.025576170533895493,-0.39341795444488525,25.714962005615234,13.933282852172852,-18.059083938598633
28666,0,170,30,12,170,30,71,152,-0.8183007836341858,-0.0017675794661045074,-0.41685545444488525,-59.21633529663086,1.2462594509124756,91.66610717773438
28667,0,170,30,14,170,30,67,146,-1.155703067779541,-0.1658300757408142,-0.39976561069488525,-56.3003044128418,-52.73847579956055,37.37602996826172
28668,0,170,30,17,170,30,65,33,-1.135683536529541,-0.03594726696610451,-0.14415039122104645,5.485954284667969,-24.58580207824707,-3.7537403106689453
28669,0,170,30,19,170,30,65,18,-1.010439395904541,0.1308007836341858,-0.26548826694488525,7.012671947479248,-5.517099380493164,6.2920613288879395
28670,0,170,30,25,170,30,65,29,-1.033632755279541,0.1310449242591858,-0.25230467319488525,-11.506412506103516,-13.410228729248047,-5.066717624664307
28671,0,170,30,27,170,30,67,18,-0.9767480492591858,0.1908593773841858,-0.29405272006988525,-14.025496482849121,4.437099456787109,-0.1354198157787323
28672,0,170,30,26,170,30,68,25,-0.9857812523841858,0.1437402367591858,-0.27500975131988525,-18.804121017456055,2.0096182823181152,4.612671852111816
28673,0,170,30,26,170,30,68,12,-1.018740177154541,0.1364160180091858,-0.24327148497104645,-8.391908645629883,-0.6163358688354492,3.2233588695526123
28674,0,170,30,26,170,30,69,23,-0.9774804711341858,0.1561914086341858,-0.29698240756988525,-8.636183738708496,-8.692671775817871,5.986717700958252
28675,17,170,30,26,170,30,69,7,-0.9821191430091858,0.1896386742591858,-0.31016600131988525,-5.872824192047119,-1.6087024211883545,-0.4560305178165436
28676,58,170,30,26,170,30,70,5,-0.9926171898841858,-0.05083984509110451,-0.30674803256988525,-1.8575571775436401,0.05541980266571045,-3.631603240966797
28677,97,170,30,37,170,30,71,24,-1.034365177154541,-0.1343359351158142,-0.42295897006988525,0.49358779191970825,2.3149619102478027,-21.601070404052734
28678,121,170,30,45,170,30,71,75,-0.8666406273841858,-0.4070410132408142,-0.5181738138198853,20.814199447631836,16.37602996826172,-37.86061096191406
28679,139,170,30,51,170,30,72,2,-0.9716210961341858,-0.0051855482161045074,-0.34898436069488525,-0.6209160089492798,-0.21938934922218323,1.5287023782730103
28680,160,170,30,54,170,30,71,16,-0.9718652367591858,0.12005859613418579,-0.18394531309604645,6.615725517272949,-6.906412124633789,2.7958779335021973
28681,167,170,30,67,170,30,71,31,-1.015566349029541,-0.1680273413658142,-0.37583982944488525,9.089007377624512,-12.78427505493164,9.818778991699219
28682,167,170,30,78,170,30,71,21,-1.011904239654541,-0.05352539196610451,-0.5574804544448853,11.684427261352539,-6.845343589782715,2.9027481079101562
28683,172,170,30,83,170,30,69,83,-0.9315820336341858,0.05267577990889549,-0.27110350131988525,50.34091567993164,-32.1430549621582,-0.944580078125
28684,173,170,30,75,170,30,69,74,-0.9813867211341858,0.11322265863418579,-0.31431639194488525,25.440153121948242,-35.715572357177734,-13.78427505493164
28685,174,170,30,71,170,30,69,38,-0.9823632836341858,0.06366211175918579,-0.23033203184604645,19.62335968017578,-11.07435131072998,-8.257556915283203
28686,171,170,30,72,170,30,70,16,-0.9943261742591858,0.1757226586341858,-0.27867186069488525,5.5317559242248535,5.811145305633545,-5.616335868835449
28687,164,170,30,79,170,30,71,42,-0.9874902367591858,-0.11016601324081421,-0.08360351622104645,23.36381721496582,-15.27282428741455,3.8187787532806396
28688,165,170,30,82,170,30,72,11,-0.9879785180091858,-0.04864257946610451,-0.21861328184604645,-6.193435192108154,3.948549747467041,-1.769007682800293
28689,166,170,30,81,170,30,73,9,-0.9960351586341858,-0.05816406384110451,-0.23082031309604645,5.974503993988037,1.1393892765045166,-2.0285496711730957
28690,166,170,30,80,170,30,73,54,-0.9804101586341858,0.2741113305091858,-0.021347656846046448,-0.8499236106872559,-2.6316030025482178,50.62793731689453
28691,164,170,30,81,170,30,73,39,-1.013369083404541,-0.09649413824081421,-0.22007812559604645,-5.5369462966918945,-5.486564636230469,28.536334991455078
28692,160,170,30,82,170,30,73,6,-0.9767480492591858,0.09540039300918579,-0.35777342319488525,-0.11709922552108765,-5.242290019989014,-0.9293129444122314
28693,159,170,30,86,170,30,74,89,-1.018007755279541,0.3295312523841858,-0.18711914122104645,-42.285037994384766,2.2844274044036865,44.99435043334961
28694,166,170,30,81,170,30,74,11,-1.001650333404541,0.04583984240889549,-0.17662109434604645,-6.437709808349609,2.8645801544189453,-2.0285496711730957
28696,186,170,30,79,170,30,75,3,-1.000917911529541,0.028994139283895493,-0.15879882872104645,1.440152645111084,-0.8148092031478882,-1.4025954008102417
28697,195,170,30,81,170,30,75,13,-1.004824161529541,0.024843748658895493,-0.20616210997104645,-5.384274482727051,-3.7461068630218506,4.017251968383789
28698,197,170,30,80,170,30,75,20,-0.9994531273841858,0.05780273303389549,-0.20933593809604645,-2.1476335525512695,12.040152549743652,-6.303358554840088
28699,197,170,30,73,170,30,73,44,-1.011171817779541,0.5050683617591858,-0.43003904819488525,-23.262136459350586,-20.753742218017578,-0.15068700909614563
28700,202,170,30,64,170,30,75,15,-0.9987207055091858,0.028017576783895493,-0.29405272006988525,-13.048397064208984,1.1851909160614014,-0.9751144647598267
28701,207,170,30,58,170,30,75,7,-0.9872460961341858,0.1300683617591858,-0.011582031846046448,-2.42244291305542,4.6813740730285645,-0.39496180415153503
28702,211,170,30,53,170,30,75,4,-0.9948144555091858,0.12420898675918579,-0.14903320372104645,0.7225954532623291,-3.5629007816314697,-0.2728244364261627
28703,206,170,30,49,170,30,75,38,-0.9447656273841858,-0.03497070446610451,-0.06675781309604645,-30.987327575683594,-0.31099238991737366,7.116488456726074
28704,206,170,30,48,170,30,75,23,-0.9913964867591858,0.09466797113418579,-0.30381834506988525,-9.033129692077637,-9.685038566589355,4.902748107910156
28705,205,170,30,43,170,30,75,14,-0.9804101586341858,0.1774316430091858,-0.09874023497104645,0.1119084358215332,11.582137107849121,-2.5018320083618164
28706,189,170,30,44,170,30,74,116,0.08111327886581421,-0.2070898413658142,0.6380761861801147,-46.10183334350586,39.459999084472656,30.856945037841797
28707,178,170,30,46,170,30,74,14,-0.9852929711341858,0.1508203148841858,-0.48448240756988525,-3.674351215362549,9.750076293945312,-0.8529770374298096
28708,185,170,30,41,170,30,73,2,-0.9728417992591858,0.1823144555091858,-0.31358397006988525,0.06610685586929321,1.414198398590088,0.5516030788421631
28709,171,170,30,31,170,30,73,42,-0.9894433617591858,0.1618066430091858,-0.27647459506988525,29.333282470703125,9.047786712646484,-3.906412124633789
28710,66,170,30,17,170,30,79,289,-1.116152286529541,-0.1514257788658142,-0.10582031309604645,62.41725158691406,155.12413024902344,71.89511108398438
28711,24,170,30,10,170,30,78,171,-0.5072656273841858,0.04071288928389549,-0.8082128763198853,95.36381530761719,-35.13542175292969,-40.97511672973633
28712,7,170,30,4,170,30,74,142,-0.9767480492591858,-0.06841796636581421,-0.7225195169448853,23.272214889526367,100.51343536376953,18.979082107543945
28713,1,170,30,4,170,30,64,175,-1.081972599029541,-0.4143652319908142,-0.5997167825698853,-84.22396850585938,-84.67740631103516,6.47526741027832
28714,0,170,30,6,170,30,62,63,-0.9647851586341858,0.11053711175918579,-0.39927732944488525,-35.55221176147461,-20.37206268310547,7.63557243347168
28715,0,170,30,9,170,30,61,75,-1.054872989654541,0.1449609398841858,-0.21275390684604645,-40.46824264526367,-19.99038314819336,14.689007759094238
28716,0,170,30,12,170,30,61,25,-0.9196191430091858,0.2164941430091858,-0.46226561069488525,-2.42244291305542,-17.41023063659668,-5.402595520019531
28717,0,170,30,15,170,30,61,10,-0.9713769555091858,0.08539062738418579,-0.29502928256988525,-4.33083963394165,2.635572671890259,-4.013282299041748
28718,31,170,30,21,170,30,63,73,-0.8903222680091858,0.2745996117591858,-0.26255857944488525,22.310382843017578,17.79587745666504,-33.280460357666016
28719,82,170,30,24,170,30,65,38,-1.004580020904541,0.05584960803389549,-0.37022459506988525,15.348548889160156,11.521068572998047,-11.799541473388672
28720,118,170,30,37,170,30,66,11,-0.9506250023841858,0.029482420533895493,-0.36363279819488525,8.478320121765137,1.6890077590942383,-0.9598473310470581
28721,129,170,30,48,170,30,66,9,-0.9606347680091858,0.018496092408895493,-0.37510740756988525,4.768396854400635,-2.310992479324341,2.8264122009277344
28722,134,170,30,61,170,30,66,68,-0.9379296898841858,0.021669920533895493,-0.45762693881988525,42.72259521484375,-18.57053565979004,7.696641445159912
28723,135,170,30,70,170,30,64,62,-1.008486270904541,0.1371484398841858,-0.43028318881988525,30.615726470947266,-21.578168869018555,-10.578167915344238
28724,135,170,30,64,170,30,65,17,-0.9811425805091858,-0.04693359509110451,-0.33067381381988525,12.34091567993164,2.2844274044036865,-3.3567938804626465
28726,134,170,30,58,170,30,67,11,-0.9691796898841858,-0.1399511694908142,-0.13804687559604645,5.119542121887207,1.8722138404846191,-4.547633647918701
28727,137,170,30,55,170,30,68,8,-0.9767480492591858,-0.04131836071610451,-0.28575193881988525,1.4859542846679688,4.543969631195068,-2.165954113006592
28728,138,170,30,54,170,30,69,18,-0.9794335961341858,-0.023496095091104507,-0.33848631381988525,8.844732284545898,3.76534366607666,-5.4636640548706055
28729,139,170,30,49,170,30,69,12,-0.9562402367591858,0.2528710961341858,-0.5389257669448853,-1.2316030263900757,11.063053131103516,-0.07435116171836853
28730,138,170,30,46,170,30,69,31,-0.9833398461341858,-0.021298829466104507,-0.34654295444488525,12.249312400817871,5.063053607940674,-14.242290496826172
28731,138,170,30,49,170,30,68,21,-0.9855371117591858,0.3412500023841858,-0.30918943881988525,5.516488552093506,0.5287023186683655,-15.188855171203613
28732,146,170,30,53,170,30,69,2,-0.9840722680091858,0.017763670533895493,-0.35923826694488525,1.8981679677963257,0.1622900366783142,-0.8682442903518677
28733,152,170,30,56,170,30,69,8,-0.9879785180091858,0.05462890490889549,-0.32969725131988525,-2.6209158897399902,4.192824363708496,-1.7232060432434082
28734,167,170,30,58,170,30,69,9,-0.9916406273841858,0.07635742425918579,-0.27916014194488525,-3.063663959503174,-5.227022647857666,1.589771032333374
28735,178,170,30,58,170,30,70,9,-0.9791894555091858,0.08465820550918579,-0.28282225131988525,3.0737404823303223,4.3607635498046875,-2.364427328109741
28736,189,170,30,60,170,30,70,25,-0.9496484398841858,-0.0005468763411045074,-0.23375000059604645,-13.85755729675293,4.376030445098877,6.887480735778809
28737,201,170,30,54,170,30,70,30,-1.011415958404541,0.2538476586341858,-0.6461035013198853,-13.155267715454102,-16.356794357299805,1.4218320846557617
28738,212,170,30,38,170,30,70,34,-0.9559960961341858,0.1515527367591858,-0.10289062559604645,-18.65144920349121,12.6050386428833,2.8569467067718506
28739,210,170,30,34,170,30,69,32,-0.9650292992591858,0.2118554711341858,0.008681640028953552,-11.613283157348633,-15.303359031677246,5.314961910247803
28740,214,170,30,34,170,30,70,138,-1.426455020904541,-0.1555761694908142,0.5145410299301147,-58.83465576171875,53.765342712402344,26.15465545654297
28741,205,170,30,32,170,30,70,16,-0.9774804711341858,0.1930566430091858,-0.47056639194488525,-7.567480564117432,8.085954666137695,0.582137405872345
28742,191,170,30,24,170,30,70,4,-0.9696679711341858,0.2045312523841858,-0.37291014194488525,-1.3079389333724976,2.0706870555877686,0.7195420265197754
28743,163,170,30,25,170,30,71,45,-0.9589257836341858,0.1425195336341858,-0.35923826694488525,19.7302303314209,14.269160270690918,-11.387328147888184
28744,141,170,30,36,170,30,71,40,-1.085146427154541,0.2345605492591858,-0.14830078184604645,10.020304679870605,25.42946434020996,5.299694538116455
28745,46,170,30,21,170,30,86,390,-0.5995507836341858,-0.2041601538658142,-0.5682226419448853,109.37908172607422,213.87222290039062,66.96381378173828
28746,16,170,30,12,170,30,75,224,-0.5319238305091858,0.05389648303389549,-1.0984960794448853,56.600460052490234,-146.9980010986328,-21.295726776123047
28747,4,170,30,10,170,30,64,63,-0.8544335961341858,0.07049804925918579,-0.38365232944488525,-20.040761947631836,-33.95984649658203,9.757709503173828
28748,1,170,30,11,170,30,57,168,-0.8749414086341858,0.1679101586341858,-0.33409178256988525,-87.82701873779297,-65.83770751953125,15.024885177612305
28749,0,170,30,13,170,30,58,29,-0.8844628930091858,0.2948632836341858,-0.43638670444488525,1.7149617671966553,20.620304107666016,7.192824363708496
28750,0,170,30,17,170,30,57,24,-0.9701562523841858,0.1981835961341858,-0.32383787631988525,-5.0025954246521,-11.730839729309082,-7.372061252593994
28751,0,170,30,18,170,30,57,50,-0.8895898461341858,0.1776757836341858,-0.49327147006988525,-13.994961738586426,-25.089618682861328,-11.112519264221191
28752,23,170,30,20,170,30,60,70,-0.9313378930091858,0.3029199242591858,-0.42613279819488525,25.089008331298828,13.169923782348633,-32.715572357177734
28753,51,170,30,21,170,30,61,30,-0.9459863305091858,0.03558593615889549,-0.39048826694488525,12.356183052062988,2.192824363708496,-15.601069450378418
28754,72,170,30,24,170,30,63,31,-0.9423242211341858,0.07708984613418579,-0.30430662631988525,-22.681983947753906,5.398931503295898,-3.8148093223571777
28755,72,170,30,45,170,30,66,39,-0.9108300805091858,0.06170898303389549,-0.6146093606948853,-22.758319854736328,-14.14305305480957,-2.5323662757873535
28756,90,170,30,63,170,30,65,19,-0.9279199242591858,0.05389648303389549,-0.5176855325698853,-12.010229110717773,-4.769007682800293,2.307328224182129
28757,108,170,30,73,170,30,64,17,-0.9403710961341858,0.04901367053389549,-0.44273436069488525,-8.758320808410645,-4.3567938804626465,4.612671852111816
28758,126,170,30,86,170,30,64,11,-0.9413476586341858,0.07416015863418579,-0.43980467319488525,-7.613282680511475,1.337862491607666,2.8874809741973877
28759,135,170,30,94,170,30,63,102,-1.104677677154541,-0.4397558569908142,-0.34678709506988525,59.91343688964844,1.017251968383789,-41.5858039855957
28760,138,170,30,102,170,30,64,10,-0.9379296898841858,0.08026367425918579,-0.42881834506988525,6.905801773071289,1.307328224182129,2.20045804977417
28761,141,170,30,95,170,30,64,134,-0.7433496117591858,0.3798242211341858,-0.40831053256988525,36.29511642456055,21.79587745666504,-76.19648742675781
28763,133,170,30,108,170,30,64,8,-0.9310937523841858,-0.030087891966104507,-0.47911131381988525,3.0737404823303223,4.513435363769531,-1.3109923601150513
28764,135,170,30,112,170,30,63,30,-0.9498925805091858,0.06048827990889549,-0.5589452981948853,18.96687126159668,-5.36442756652832,5.895114421844482
28765,141,170,30,113,170,30,62,71,-1.060732364654541,0.1461816430091858,-0.5757910013198853,39.18061065673828,-21.22702407836914,-10.593435287475586
28766,145,170,30,113,170,30,61,17,-0.9603906273841858,-0.08208984136581421,-0.27964842319488525,4.966870307922363,-5.501832008361816,6.902748107910156
28767,141,170,30,115,170,30,62,72,-0.9122949242591858,0.03509765490889549,-0.32164061069488525,48.1882438659668,-17.654504776000977,-6.65450382232666
28768,135,170,30,119,170,30,63,9,-0.9645410180091858,-0.12115234136581421,-0.35923826694488525,3.226412296295166,5.047786235809326,-0.9598473310470581
28769,132,170,30,124,170,30,63,10,-0.9484277367591858,-0.011777345091104507,-0.36412107944488525,1.3943512439727783,-5.135419845581055,3.7882442474365234
28770,134,170,30,130,170,30,64,81,-0.8475976586341858,0.3283105492591858,-0.29209959506988525,-21.67435073852539,7.918015480041504,51.78824234008789
28771,139,170,30,134,170,30,65,64,-0.8617578148841858,0.10052734613418579,-0.17881835997104645,-11.18580150604248,-9.944580078125,43.43709945678711
28772,147,170,30,117,170,30,63,52,-0.9481835961341858,0.2218652367591858,-0.14244140684604645,-17.49114418029785,-19.02855110168457,15.54396915435791
28773,154,170,30,94,170,30,65,4,-0.9735742211341858,0.04583984240889549,-0.32481443881988525,-1.3232060670852661,1.2767939567565918,-2.0743510723114014
28774,160,170,30,90,170,30,66,6,-0.9672265648841858,0.04876952990889549,-0.34385740756988525,0.23404580354690552,3.979084014892578,-1.8453435897827148
28775,189,170,30,82,170,30,67,23,-0.9159570336341858,-0.0054296888411045074,-0.25547850131988525,-10.300305366516113,7.414198398590088,5.62030553817749
28776,212,170,30,77,170,30,69,28,-0.9657617211341858,0.03412109240889549,-0.44493162631988525,-1.613282322883606,21.368396759033203,-5.52473258972168
28777,229,170,30,72,170,30,69,197,-1.234804630279541,0.5961328148841858,-1.0152441263198853,-110.95679473876953,43.30732727050781,43.39129638671875
28778,236,170,30,70,170,30,68,10,-0.9555078148841858,0.1359277367591858,-0.5457617044448853,-5.720152378082275,-2.692671775817871,-1.8453435897827148
28779,231,170,30,66,170,30,68,24,-0.9437890648841858,0.11590820550918579,-0.28965818881988525,-5.0025954246521,-18.524734497070312,-0.6087023019790649
28780,219,170,30,65,170,30,68,14,-0.9472070336341858,0.11590820550918579,-0.41343748569488525,7.195878028869629,-2.5705342292785645,-4.303358554840088
28781,223,170,30,65,170,30,68,10,-0.9401269555091858,0.10321289300918579,-0.43931639194488525,2.7531299591064453,3.4905343055725098,-3.8911452293395996
28782,228,170,30,61,170,30,67,10,-0.9445214867591858,0.11639648675918579,-0.45396482944488525,6.371450424194336,2.3302290439605713,-2.272824287414551
28783,140,170,30,49,170,30,68,106,-1.487978458404541,0.1276269555091858,-0.18858398497104645,64.29511260986328,32.284427642822266,-9.478931427001953
28784,44,170,30,33,170,30,83,287,-0.3339257836341858,0.2570214867591858,-1.1006933450698853,71.73023223876953,155.0630645751953,61.177555084228516
28787,4,170,30,60,170,30,61,82,-0.7418847680091858,0.1564355492591858,-0.6192480325698853,0.8752672076225281,-48.219390869140625,-33.06671905517578
28788,0,170,30,78,170,30,57,15,-0.9052148461341858,-0.06133789196610451,-0.34214842319488525,11.653892517089844,-3.8835113048553467,0.04778626561164856
28789,0,170,30,93,170,30,56,16,-0.8300195336341858,0.03558593615889549,-0.44957029819488525,3.867633819580078,-5.394961833953857,-7.158320426940918
28790,0,170,30,101,170,30,54,87,-0.8871484398841858,0.10296875238418579,-0.6265722513198853,-71.10946655273438,-1.9293129444122314,14.261527061462402
28791,0,170,30,92,170,30,56,40,-0.9357324242591858,0.08124023675918579,-0.5191503763198853,-21.139999389648438,10.116488456726074,9.284427642822266
28792,0,170,30,85,170,30,56,13,-0.9428125023841858,0.12445312738418579,-0.37535154819488525,-0.5445801019668579,-9.85297679901123,-2.8835113048553467
28793,0,170,30,85,170,30,57,22,-0.9144921898841858,0.06366211175918579,-0.46275389194488525,8.63099193572998,-5.120152473449707,-9.03618335723877
28794,0,170,30,82,170,30,58,13,-0.8910546898841858,0.11957031488418579,-0.49815428256988525,8.569923400878906,0.543969452381134,-4.3186259269714355
28795,22,170,30,94,170,30,59,18,-0.9555078148841858,0.014833983033895493,-0.48594725131988525,-6.773587703704834,8.818778991699219,-2.8987786769866943
28796,69,170,30,115,170,30,61,159,-0.7816796898841858,0.04706054553389549,-0.22447265684604645,44.539390563964844,25.856945037841797,-89.49420166015625
28797,113,170,30,118,170,30,62,77,-1.000917911529541,-0.07500976324081421,-0.46568357944488525,20.630992889404297,3.3531298637390137,-53.41786193847656
28798,141,170,30,115,170,30,61,7,-0.9225488305091858,-0.2156347632408142,-0.46861326694488525,3.5317559242248535,-0.4025954604148865,3.9561831951141357
28799,151,170,30,123,170,30,62,79,-1.080507755279541,-0.06426757574081421,-0.7415624856948853,42.79893112182617,-28.173587799072266,-8.150687217712402
28800,160,170,30,141,170,30,60,82,-0.8795800805091858,-0.1433691382408142,-0.21617187559604645,60.35618209838867,-21.211755752563477,0.6584733128547668
28801,158,170,30,141,170,30,60,90,-0.9962792992591858,-0.3538183569908142,-0.34239256381988525,40.41725158691406,-24.921680450439453,25.085952758789062
28802,149,170,30,134,170,30,61,8,-0.9508691430091858,-0.2529882788658142,-0.31944334506988525,4.783664226531982,-1.1506869792938232,-2.08961820602417
28803,142,170,30,133,170,30,63,4,-0.9481835961341858,-0.2144140601158142,-0.25987303256988525,-0.9109923839569092,-2.3262596130371094,0.7806106805801392
28804,148,170,30,139,170,30,63,60,-0.9293847680091858,0.05755859240889549,-0.30430662631988525,-7.033129692077637,9.154656410217285,44.73480987548828
28805,157,170,30,141,170,30,66,101,-0.9179101586341858,-0.021542970091104507,0.11537109315395355,32.951602935791016,12.681374549865723,55.879844665527344
28806,165,170,30,122,170,30,66,76,-0.9799218773841858,-0.3059667944908142,-0.07383789122104645,-29.23160171508789,3.0630533695220947,44.68900680541992
28807,170,170,30,122,170,30,67,4,-0.9791894555091858,-0.11822265386581421,-0.26719725131988525,0.8447328209877014,-3.3491601943969727,-0.028549611568450928
28808,174,170,30,130,170,30,68,9,-0.9696679711341858,-0.07647460699081421,-0.25889647006988525,-2.834656238555908,-2.7079389095306396,3.9256489276885986
28809,178,170,30,133,170,30,68,6,-0.9735742211341858,-0.09185546636581421,-0.30064451694488525,-2.498778820037842,-2.0056488513946533,1.5287023782730103
28810,191,170,30,131,170,30,69,8,-0.9677148461341858,-0.07891601324081421,-0.29209959506988525,-6.865190505981445,0.024885475635528564,-1.692671775817871
28811,201,170,30,122,170,30,70,56,-0.9911523461341858,0.08978515863418579,-0.37046873569488525,-32.88045883178711,-8.448396682739258,15.620305061340332
28812,181,170,30,82,170,30,70,64,-1.208681583404541,-0.3289160132408142,-0.7923437356948853,-18.31557273864746,-15.211755752563477,-30.80717658996582
28813,171,170,30,67,170,30,71,84,-1.029726505279541,0.0043359361588954926,-0.6316992044448853,-51.30793762207031,24.040151596069336,-8.74610710144043
28814,173,170,30,67,170,30,72,132,-1.058046817779541,0.1788964867591858,-0.6802831888198853,-66.92626190185547,53.15465545654297,-11.982748031616211
28815,100,170,30,51,170,30,75,212,-1.664736270904541,-0.3540624976158142,0.6251367330551147,57.66916275024414,94.92565155029297,59.97145080566406
28816,32,170,30,28,170,30,88,148,-0.08465820550918579,0.3370996117591858,-1.7364355325698853,17.394351959228516,94.04015350341797,36.795875549316406
28817,11,170,30,16,170,30,75,55,-0.4691796898841858,0.2870507836341858,-0.9092870950698853,-18.972061157226562,15.398931503295898,-21.616336822509766
28818,3,170,30,14,170,30,62,150,-0.7521386742591858,-0.021787110716104507,-0.6912695169448853,-63.52167510986328,-60.69267272949219,-25.875879287719727
28819,0,170,30,18,170,30,55,163,-1.006777286529541,-0.06597656011581421,-0.38365232944488525,-71.8728256225586,-80.60106658935547,-10.868244171142578
28820,0,170,30,23,170,30,56,44,-0.7721582055091858,0.07806640863418579,-0.8416601419448853,-22.346105575561523,-13.242290496826172,-9.219388961791992
28821,0,170,30,22,170,30,54,4,-1.025820255279541,0.1286035180091858,-0.18394531309604645,0.7683969736099243,-0.570534348487854,-2.7155725955963135
28822,0,170,30,23,170,30,55,23,-0.9765039086341858,-0.0037207044661045074,-0.42466795444488525,1.6080915927886963,-17.456031799316406,4.460000038146973
28823,7,170,30,28,170,30,57,30,-0.9445214867591858,0.0045800767838954926,-0.48008787631988525,-13.18580150604248,-4.051450252532959,13.055419921875
28824,38,170,30,36,170,30,58,9,-0.9196191430091858,0.07635742425918579,-0.5162206888198853,-6.987328052520752,-0.23465651273727417,-1.8606107234954834
28825,103,170,30,44,170,30,59,107,-0.9945703148841858,0.06854492425918579,-0.48765623569488525,30.52412223815918,17.337862014770508,-59.41786193847656
28826,145,170,30,68,170,30,59,122,-0.7670312523841858,0.8031640648841858,-0.6209570169448853,57.821834564208984,-9.593435287475586,-55.34152603149414
28827,173,170,30,107,170,30,58,18,-0.9169335961341858,-0.09258788824081421,-0.43687498569488525,5.440152645111084,-4.1430535316467285,8.795877456665039
28828,186,170,30,132,170,30,59,34,-1.000917911529541,-0.07378906011581421,-0.5757910013198853,18.90580177307129,-13.135419845581055,2.704274892807007
28829,205,170,30,141,170,30,58,36,-0.9530664086341858,-0.1589941382408142,-0.43931639194488525,12.890534400939941,-14.081984519958496,9.208091735839844
28830,212,170,30,147,170,30,58,16,-0.9457421898841858,-0.026425782591104507,-0.5289160013198853,13.379083633422852,3.383664131164551,-0.04381677508354187
28831,212,170,30,154,170,30,59,3,-0.9176660180091858,-0.11895507574081421,-0.48374998569488525,1.333282470703125,-0.6926717758178711,1.9561831951141357
28832,205,170,30,163,170,30,60,5,-0.9586816430091858,-0.1506933569908142,-0.30552732944488525,0.8294656872749329,-1.2422900199890137,3.6813740730285645
28833,204,170,30,166,170,30,61,6,-0.9506250023841858,-0.11700195074081421,-0.41636717319488525,5.134809494018555,-1.0285496711730957,-0.33389315009117126
28834,201,170,30,170,170,30,63,4,-0.9550195336341858,-0.11651366949081421,-0.29649412631988525,3.272213935852051,0.08595418930053711,1.3607633113861084
28835,200,170,30,172,170,30,64,6,-0.9435449242591858,-0.1692480444908142,-0.29429686069488525,3.516488552093506,-1.2270228862762451,-1.448396921157837
28836,203,170,30,152,170,30,65,18,-0.9501367211341858,-0.1936621069908142,-0.40806639194488525,5.043206214904785,2.559236764907837,-10.425496101379395
28837,214,170,30,148,170,30,66,29,-0.9486718773841858,-0.08135741949081421,-0.37144529819488525,-1.9644273519515991,9.307328224182129,18.689006805419922
28838,235,170,30,145,170,30,66,146,-1.014833927154541,-0.3455175757408142,-0.5262304544448853,-55.8575553894043,7.5363359451293945,82.6584701538086
28839,260,170,30,133,170,30,67,24,-0.9640527367591858,-0.06622070074081421,-0.48985350131988525,-3.674351215362549,12.849312782287598,-8.303359031677246
28840,271,170,30,137,170,30,67,15,-0.9616113305091858,-0.06548827886581421,-0.39488279819488525,-2.162900924682617,-7.608702182769775,5.528702259063721
28841,276,170,30,141,170,30,67,13,-0.9606347680091858,-0.023740235716104507,-0.37022459506988525,-6.651450157165527,-3.303358793258667,3.7577099800109863
28842,294,170,30,128,170,30,67,240,-0.7362695336341858,0.2501855492591858,-0.8267675638198853,-146.7125244140625,28.620304107666016,65.13175201416016
28843,319,170,30,102,170,30,66,49,-0.9616113305091858,0.019472654908895493,-0.5110937356948853,-27.41480827331543,-13.883511543273926,7.757709980010986
28844,338,170,30,81,170,30,65,113,-1.319033145904541,-0.2900976538658142,-1.2530370950698853,-56.208702087402344,-56.616336822509766,0.3531297743320465
28846,348,170,30,75,170,30,65,31,-0.8576074242591858,0.11712890863418579,-0.18809570372104645,-23.15526580810547,-1.6087024211883545,6.261526584625244
28847,349,170,30,67,170,30,66,16,-0.9435449242591858,0.09076172113418579,-0.5496679544448853,-12.20870304107666,-3.593435049057007,0.5516030788421631
28848,346,170,30,68,170,30,66,36,-0.9306054711341858,0.2282128930091858,-0.27647459506988525,11.333282470703125,22.65083885192871,-2.1354198455810547
28849,343,170,30,72,170,30,65,12,-0.9347558617591858,0.1637597680091858,-0.49083006381988525,-7.796488285064697,-1.410228967666626,3.7119083404541016
28850,348,170,30,61,170,30,65,11,-0.9386621117591858,0.09735351800918579,-0.5623632669448853,4.310381889343262,-6.814809322357178,-0.08961829543113708
28851,169,170,30,36,170,30,66,213,-1.808290958404541,-0.7617773413658142,0.13685546815395355,66.6462631225586,120.284423828125,26.841678619384766
28852,54,170,30,19,170,30,79,178,-0.1957421898841858,1.040468692779541,-1.0818945169448853,-5.598015308380127,92.97145080566406,79.80351257324219
28853,19,170,30,9,170,30,70,216,-0.6581445336341858,0.11419922113418579,-0.8531347513198853,56.218780517578125,29.536334991455078,-130.3796844482422
28854,6,170,30,4,170,30,56,372,-0.5036035180091858,-0.03545898571610451,-0.7776952981948853,128.95159912109375,-141.70030212402344,-101.7842788696289
28855,1,170,30,0,170,30,39,294,-0.6705957055091858,-0.4485449194908142,-0.26670897006988525,72.60045623779297,-154.69265747070312,-67.3415298461914
28856,0,170,30,0,170,30,37,152,-0.7457910180091858,-0.4844335913658142,-0.24913085997104645,-69.55221557617188,-13.593435287475586,-69.03618621826172
28857,0,170,30,0,170,30,37,118,-0.7255273461341858,-0.5222753882408142,-0.28648436069488525,-8.300305366516113,-42.280460357666016,-68.13542175292969
