timestamp,tipPressure,tipUpperRange,tipLowerRange,fingerPressure,fingerUpperRange,fingerLowerRange,angle,writtingSpeed,accX,accY,accZ,gyroX,gyroY,gyroZ
35986,0,170,30,0,170,30,28,64,-0.5492578148841858,-0.4419531226158142,-0.5774999856948853,-25.01786231994629,6.085954189300537,-32.92931365966797
35987,0,170,30,0,170,30,28,101,-0.8512597680091858,-0.4863867163658142,-0.5958105325698853,-21.201068878173828,-43.53236770629883,-36.28809356689453
35989,0,170,30,2,170,30,31,111,-0.4552636742591858,-0.2686132788658142,-0.7256933450698853,-76.65145111083984,21.29206085205078,-13.555267333984375
35990,0,170,30,9,170,30,30,106,-0.7999902367591858,-0.06768554449081421,-0.9000097513198853,-59.781219482421875,-20.58580207824707,-26.501832962036133
35991,0,170,30,17,170,30,32,148,-0.7169824242591858,-0.1951269507408142,-0.8336035013198853,103.28748321533203,21.73480796813965,-23.143054962158203
35992,0,170,30,28,170,30,33,23,-0.5548730492591858,-0.2776464819908142,-0.8528906106948853,-1.9644273519515991,19.29206085205078,2.6432061195373535
35993,0,170,30,54,170,30,32,103,-0.6554589867591858,0.08148437738418579,-0.7916113138198853,-84.9873275756836,-12.677404403686523,-5.631603240966797
35994,0,170,30,50,170,30,33,42,-0.6788964867591858,-0.1729101538658142,-0.7823339700698853,30.753129959106445,-1.3644275665283203,-10.730839729309082
35995,0,170,30,40,170,30,33,77,-0.6696191430091858,0.0009179674088954926,-0.8494726419448853,45.57755661010742,-6.188854694366455,25.543968200683594
35996,0,170,30,33,170,30,34,20,-0.6954980492591858,-0.10992187261581421,-0.7747656106948853,8.539389610290527,3.811145305633545,8.093587875366211
35997,0,170,30,28,170,30,36,74,-0.5748925805091858,-0.2568945288658142,-0.7999120950698853,-46.36137390136719,10.25389289855957,18.35312843322754
35998,0,170,30,64,170,30,37,51,-0.6781640648841858,0.05536132678389549,-0.8680273294448853,27.592824935913086,8.72717571258545,-15.14305305480957
35999,0,170,30,168,170,30,37,25,-0.6596093773841858,-0.06915038824081421,-0.7991796731948853,-7.827023029327393,-6.341526508331299,11.818778991699219
36000,0,170,30,312,170,30,37,22,-0.6493554711341858,-0.03814453259110451,-0.8262792825698853,-13.613283157348633,-6.204122066497803,2.5668702125549316
36002,0,170,30,483,170,30,37,22,-0.7365136742591858,0.027529295533895493,-0.7381445169448853,-3.4300761222839355,-2.8911449909210205,16.23099136352539
36003,0,170,30,487,170,30,37,33,-0.6735253930091858,-0.04375976696610451,-0.8133398294448853,-4.407175540924072,-10.341526985168457,18.719541549682617
36004,3,170,30,498,170,30,37,30,-0.7323632836341858,0.05902343615889549,-0.7303320169448853,11.85236644744873,5.811145305633545,12.5058012008667
36005,43,170,30,525,170,30,38,29,-0.6784082055091858,-0.028623048216104507,-0.8101660013198853,-2.3308396339416504,5.383664131164551,21.7119083404541
36006,121,170,30,598,170,30,39,11,-0.7230859398841858,0.03314452990889549,-0.8096777200698853,1.4096183776855469,-4.478931427001953,5.727175712585449
36007,180,170,30,680,170,30,38,17,-0.7096582055091858,-0.7695898413658142,-0.5618749856948853,-8.20870304107666,-2.5399999618530273,6.627938747406006
36008,220,170,30,741,170,30,38,60,-0.6002832055091858,-0.5982031226158142,-0.7432714700698853,20.20351219177246,-9.959847450256348,-29.998016357421875
36009,242,170,30,776,170,30,39,11,-0.7072167992591858,0.07977539300918579,-0.6832128763198853,-0.3308396339416504,2.0096182823181152,9.314961433410645
36010,256,170,30,819,170,30,39,44,-0.7975488305091858,0.3781152367591858,-1.0408788919448853,11.440152168273926,-10.097251892089844,-22.532367706298828
36011,257,170,30,876,170,30,39,31,-0.7206445336341858,-0.027158204466104507,-0.7215429544448853,-17.369007110595703,5.047786235809326,9.360763549804688
36012,261,170,30,906,170,30,39,68,-0.7411523461341858,0.3439355492591858,-1.0967870950698853,11.30274772644043,-16.555267333984375,-40.333892822265625
36013,250,170,30,906,170,30,39,20,-0.7174707055091858,-0.03545898571610451,-0.7671972513198853,4.478320598602295,-1.6392366886138916,-14.56290054321289
36014,135,170,30,804,170,30,42,135,-1.119081974029541,0.12103515863418579,-0.5455175638198853,65.9439697265625,61.52106857299805,-8.07435131072998
36015,40,170,30,557,170,30,47,114,-0.4020410180091858,-0.5801367163658142,-0.8013769388198853,78.86000061035156,14.757709503173828,-21.081985473632812
36016,13,170,30,394,170,30,42,55,-0.8060937523841858,-0.3464941382408142,-0.7400976419448853,-8.483511924743652,-1.3796947002410889,45.940914154052734
36017,2,170,30,235,170,30,41,15,-0.5336328148841858,0.021669920533895493,-0.7127538919448853,2.5241222381591797,4.085954189300537,8.41419792175293
36018,0,170,30,149,170,30,40,40,-0.6325097680091858,0.06439453363418579,-0.6690527200698853,-5.598015308380127,16.940916061401367,-17.494199752807617
36019,0,170,30,133,170,30,41,14,-0.6593652367591858,-0.1741308569908142,-0.7449804544448853,6.310381889343262,-5.66977071762085,3.0096182823181152
36020,0,170,30,144,170,30,40,12,-0.7260156273841858,-0.11041015386581421,-0.7584081888198853,0.21877866983413696,-3.547633647918701,8.887480735778809
36021,0,170,30,154,170,30,41,9,-0.6803613305091858,-0.1462988257408142,-0.7845312356948853,-2.91099214553833,-2.9980151653289795,3.9714503288269043
36022,8,170,30,169,170,30,41,6,-0.7147851586341858,-0.1426367163658142,-0.7464452981948853,4.279847145080566,0.37603050470352173,-2.0285496711730957
36023,37,170,30,180,170,30,41,9,-0.6647363305091858,-0.1306738257408142,-0.7317968606948853,-8.69725227355957,-0.5858015418052673,-0.04381677508354187
36024,57,170,30,184,170,30,41,51,-0.6759667992591858,-0.2278417944908142,-0.8116308450698853,33.16534423828125,-9.990381240844727,-8.685038566589355
36025,83,170,30,208,170,30,40,20,-0.7406640648841858,-0.3877539038658142,-0.5626074075698853,-0.5293129682540894,-5.394961833953857,-14.349160194396973
36026,97,170,30,231,170,30,40,16,-0.7597070336341858,-0.2337011694908142,-0.7422949075698853,-10.40717601776123,1.6890077590942383,4.246259689331055
36027,103,170,30,244,170,30,40,50,-0.7120996117591858,-0.10699218511581421,-0.5831152200698853,3.57755708694458,-16.76900863647461,-30.34916114807129
36028,100,170,30,262,170,30,40,26,-0.7435937523841858,-0.2761816382408142,-0.5665136575698853,5.073740482330322,-8.677404403686523,-12.517099380493164
36029,97,170,30,266,170,30,41,33,-0.7892480492591858,-0.2229589819908142,-0.7403417825698853,17.073741912841797,-7.914045810699463,-8.10488510131836
36030,63,170,30,215,170,30,42,66,-0.7807031273841858,-0.1804785132408142,-0.7667089700698853,-38.0560302734375,-0.9369466304779053,27.360761642456055
36031,17,170,30,114,170,30,47,86,-0.6039453148841858,-0.4566015601158142,-0.6983495950698853,58.03557205200195,19.124120712280273,-9.738472938537598
36032,4,170,30,67,170,30,47,64,-0.6308007836341858,-0.4641699194908142,-0.7984472513198853,47.92870330810547,4.9256486892700195,11.162290573120117
36033,0,170,30,50,170,30,44,21,-0.5387597680091858,-0.5169042944908142,-0.7977148294448853,-14.468244552612305,3.8264122009277344,3.452366352081299
36034,0,170,30,35,170,30,42,41,-0.7885156273841858,-0.06207031384110451,-0.6487890481948853,-31.536945343017578,1.3531298637390137,8.872213363647461
36035,0,170,30,20,170,30,44,26,-0.7440820336341858,-0.06939452886581421,-0.7986913919448853,-7.277404308319092,17.139389038085938,2.475267171859741
36036,0,170,30,10,170,30,44,29,-0.7084375023841858,-0.1489843726158142,-0.7816015481948853,-22.65144920349121,-2.4331297874450684,4.658473491668701
36037,0,170,30,5,170,30,44,17,-0.7362695336341858,-0.11504882574081421,-0.7403417825698853,10.661526679992676,4.91038179397583,1.6355725526809692
36038,1,170,30,3,170,30,44,16,-0.6940332055091858,-0.10650390386581421,-0.7813574075698853,-7.216335773468018,7.658473014831543,1.6050381660461426
36039,16,170,30,6,170,30,44,16,-0.6378808617591858,-0.1336035132408142,-0.6817480325698853,1.9592366218566895,-3.4254961013793945,-10.807175636291504
36040,31,170,30,14,170,30,43,26,-0.7045312523841858,-0.08038085699081421,-0.7889257669448853,-0.8346564769744873,-8.341526985168457,-17.143054962158203
36041,38,170,30,17,170,30,42,31,-0.7304101586341858,-0.1912207007408142,-0.6763769388198853,-19.048397064208984,-5.883511543273926,-6.150687217712402
36042,39,170,30,17,170,30,41,39,-0.7438378930091858,-0.10455077886581421,-0.7462011575698853,-15.96442699432373,-7.517099380493164,-16.181222915649414
36043,37,170,30,15,170,30,41,13,-0.7182031273841858,-0.1892675757408142,-0.7259374856948853,-4.025496006011963,-3.623969316482544,-6.288091659545898
36044,22,170,30,9,170,30,42,55,-0.8121972680091858,-0.023984376341104507,-0.6668554544448853,-29.063663482666016,13.76534366607666,12.811144828796387
36045,4,170,30,2,170,30,49,131,-0.6071191430091858,-0.2168554663658142,-0.8126074075698853,60.35618209838867,58.84931182861328,-12.3949613571167
36046,0,170,30,0,170,30,45,64,-0.7450585961341858,-0.0029882825911045074,-0.6861425638198853,0.44778627157211304,-23.761375427246094,40.322593688964844
36047,0,170,30,0,170,30,42,37,-0.5675683617591858,-0.2903417944908142,-0.8709570169448853,-10.330840110778809,-16.982749938964844,10.307328224182129
36048,0,170,30,0,170,30,39,89,-0.8158593773841858,-0.05279297009110451,-0.6485449075698853,-23.29267120361328,-21.501832962036133,44.59740447998047
36049,0,170,30,0,170,30,41,26,-0.7621484398841858,-0.10503906011581421,-0.7813574075698853,5.119542121887207,10.513435363769531,11.101221084594727
36050,15,170,30,3,170,30,42,20,-0.7492089867591858,-0.05254882946610451,-0.7864843606948853,-20.07129669189453,0.5745038390159607,-0.2728244364261627
36051,25,170,30,8,170,30,41,50,-0.7091699242591858,-0.1643652319908142,-0.7068945169448853,-20.77358627319336,-3.944580078125,-25.891145706176758
36052,33,170,30,11,170,30,41,39,-0.7130761742591858,-0.10137695074081421,-0.6868749856948853,-18.391908645629883,-2.9216792583465576,-18.54763412475586
36053,33,170,30,11,170,30,41,25,-0.7086816430091858,-0.08672851324081421,-0.7813574075698853,-19.124732971191406,3.5974044799804688,2.4294655323028564
36054,15,170,30,5,170,30,42,34,-0.7968164086341858,-0.03130859509110451,-0.7054296731948853,-15.140000343322754,15.856945991516113,3.2233588695526123
36055,3,170,30,1,170,30,45,98,-0.6166406273841858,-0.1680273413658142,-0.7984472513198853,50.47832107543945,-6.081984519958496,41.559234619140625
36056,0,170,30,0,170,30,43,57,-0.5704980492591858,-0.2305273413658142,-0.7591406106948853,35.15007781982422,2.299694776535034,20.41419792175293
36057,0,170,30,0,170,30,41,39,-0.6913476586341858,-0.09209960699081421,-0.7379003763198853,-10.483511924743652,-10.509465217590332,18.689006805419922
36058,0,170,30,0,170,30,42,24,-0.6893945336341858,-0.1594824194908142,-0.7847753763198853,12.615724563598633,8.360763549804688,3.2538931369781494
36059,1,170,30,3,170,30,42,17,-0.7785058617591858,-0.03936523571610451,-0.8423925638198853,3.043206214904785,4.696641445159912,9.498167991638184
36060,21,170,30,13,170,30,41,39,-0.7243066430091858,-0.09307616949081421,-0.8406835794448853,-5.888091564178467,-15.242290496826172,-18.80717658996582
36061,38,170,30,31,170,30,41,108,-0.5629296898841858,-0.09502929449081421,-0.8826757669448853,-55.567481994628906,-14.173587799072266,-38.60870361328125
36062,47,170,30,51,170,30,41,60,-0.7164941430091858,-0.12017577886581421,-0.7090917825698853,-16.2697696685791,-9.288091659545898,-35.00564956665039
36063,44,170,30,55,170,30,40,8,-0.6957421898841858,-0.06158203259110451,-0.7596288919448853,-3.3232059478759766,0.8645800948143005,4.246259689331055
36064,13,170,30,28,170,30,45,278,-0.6286035180091858,-0.3567480444908142,-0.8939062356948853,120.1271743774414,96.14701843261719,-62.013282775878906
36065,2,170,30,13,170,30,46,85,-0.2775292992591858,-0.4578222632408142,-0.9415136575698853,63.394351959228516,11.750076293945312,-10.028549194335938
36067,0,170,30,6,170,30,41,44,-0.7096582055091858,-0.08379882574081421,-0.7164160013198853,7.65389347076416,-26.58580207824707,-10.318625450134277
36068,0,170,30,1,170,30,42,42,-0.8207421898841858,-0.014218751341104507,-0.7098242044448853,-2.636183261871338,20.360761642456055,19.284425735473633
36069,0,170,30,0,170,30,40,67,-0.5482812523841858,-0.4512304663658142,-1.0189062356948853,13.638625144958496,-28.555267333984375,-25.06671905517578
36070,0,170,30,0,170,30,39,39,-0.9362207055091858,-0.6585058569908142,-1.0203710794448853,5.073740482330322,-28.051450729370117,-5.967480659484863
36071,0,170,30,0,170,30,39,53,-0.7318750023841858,-0.2434667944908142,-0.7247167825698853,-24.51404571533203,-17.303359985351562,11.666107177734375
36072,0,170,30,0,170,30,39,43,-0.6884179711341858,-0.1699804663658142,-0.8226171731948853,33.54702377319336,-7.1812214851379395,-3.2193892002105713
36073,2,170,30,0,170,30,39,55,-0.6976953148841858,-0.2581152319908142,-0.5384374856948853,49.11954116821289,1.8569467067718506,-4.578167915344238
36074,30,170,30,0,170,30,40,17,-0.8002343773841858,-0.3799414038658142,-0.7098242044448853,8.52412223815918,-1.1048855781555176,7.63557243347168
36075,50,170,30,13,170,30,40,33,-0.7008691430091858,-0.4656347632408142,-0.7693945169448853,-7.750687122344971,-11.65450382232666,13.940916061401367
36076,63,170,30,38,170,30,40,32,-0.6471582055091858,-0.3015722632408142,-0.7527929544448853,7.577557563781738,-5.822442531585693,19.314960479736328
36077,65,170,30,58,170,30,41,14,-0.6342187523841858,-0.2869238257408142,-0.46543943881988525,-4.834656238555908,-3.196488618850708,6.460000038146973
36078,47,170,30,52,170,30,41,17,-0.7626367211341858,-0.2808203101158142,-0.6775976419448853,0.15770995616912842,-11.028549194335938,-6.5323662757873535
36079,13,170,30,21,170,30,46,89,-0.6503320336341858,-0.4959082007408142,-0.7193456888198853,31.714962005615234,15.719542503356934,-42.53236770629883
36080,2,170,30,6,170,30,44,54,-0.6027246117591858,-0.2612890601158142,-0.6114355325698853,37.53175735473633,-14.601068496704102,-1.9522137641906738
36081,0,170,30,0,170,30,43,10,-0.6649804711341858,-0.2844824194908142,-0.6529394388198853,2.6462595462799072,-6.662137508392334,1.666106939315796
36082,0,170,30,0,170,30,42,49,-0.6793847680091858,-0.2935156226158142,-0.6150976419448853,-31.460609436035156,-9.211755752563477,-9.020915985107422
36083,0,170,30,0,170,30,42,34,-0.6381250023841858,-0.3948339819908142,-0.7022558450698853,-1.3690077066421509,-29.074352264404297,3.8187787532806396
36084,17,170,30,0,170,30,44,27,-0.7567773461341858,-0.3267187476158142,-0.5945898294448853,-20.285037994384766,4.940916061401367,2.2462594509124756
36085,51,170,30,32,170,30,43,31,-0.7626367211341858,-0.3682226538658142,-0.7086035013198853,22.26458168029785,-7.150687217712402,2.551603078842163
36086,79,170,30,80,170,30,42,10,-0.7218652367591858,-0.3533300757408142,-0.7884374856948853,-3.0483970642089844,-5.66977071762085,2.0783205032348633
36087,82,170,30,86,170,30,43,9,-0.7677636742591858,-0.2327246069908142,-0.6475683450698853,-5.170534133911133,0.6050381064414978,-3.23465633392334
36088,31,170,30,42,170,30,50,423,-0.6217675805091858,-0.3154882788658142,-0.6661230325698853,168.50885009765625,116.81877899169922,-138.54762268066406
36089,8,170,30,14,170,30,49,48,-0.5858789086341858,-0.3657812476158142,-0.6419531106948853,36.38671875,2.1012213230133057,9.513435363769531
36090,0,170,30,4,170,30,44,12,-0.7853417992591858,-0.4336523413658142,-0.7972265481948853,1.943969488143921,-7.059083938598633,-3.585801601409912
36091,0,170,30,0,170,30,43,40,-0.8309960961341858,-0.5772070288658142,-0.6534277200698853,-14.956793785095215,-6.79954195022583,18.887479782104492
36092,0,170,30,0,170,30,43,59,-0.6386132836341858,-0.4634374976158142,-0.44419920444488525,42.69206237792969,-2.4636640548706055,14.67374038696289
36093,0,170,30,0,170,30,42,50,-0.8104882836341858,-0.3865332007408142,-0.47813475131988525,18.295114517211914,-14.753740310668945,17.605037689208984
36094,13,170,30,0,170,30,43,12,-0.7279687523841858,-0.3721289038658142,-0.5501562356948853,1.1653435230255127,5.368396759033203,-6.227022647857666
36095,33,170,30,9,170,30,44,9,-0.5538964867591858,-0.2109960913658142,-0.6036230325698853,2.8752670288085938,-4.830076217651367,1.9409160614013672
36096,51,170,30,50,170,30,43,146,-0.9030175805091858,-0.2315039038658142,-0.7239843606948853,140.1729736328125,-5.196488380432129,1.5134351253509521
36097,65,170,30,76,170,30,42,22,-0.7277246117591858,-0.4275488257408142,-0.5667577981948853,15.837099075317383,-4.539999961853027,2.4905343055725098
36098,44,170,30,37,170,30,43,52,-0.7992578148841858,-0.3623632788658142,-0.6849218606948853,-38.69725036621094,-8.875877380371094,-5.387328147888184
36099,12,170,30,13,170,30,45,44,-0.7018457055091858,-0.5776953101158142,-0.5330663919448853,16.96687126159668,19.505800247192383,-7.8148088455200195
36100,2,170,30,4,170,30,45,34,-0.5138574242591858,-0.4282812476158142,-0.5328222513198853,15.531755447387695,-10.570534706115723,8.322595596313477
36101,0,170,30,0,170,30,43,57,-0.8109765648841858,-0.5850195288658142,-0.6087499856948853,-25.109464645385742,19.459999084472656,-13.310992240905762
36102,0,170,30,0,170,30,43,31,-0.7941308617591858,-0.5637792944908142,-0.6094824075698853,-7.048396587371826,-23.379695892333984,0.6584733128547668
36103,0,170,30,0,170,30,42,47,-0.7101464867591858,-0.5164160132408142,-0.5108495950698853,-8.743053436279297,-16.097251892089844,22.566869735717773
36104,7,170,30,0,170,30,44,19,-0.7599511742591858,-0.4880957007408142,-0.5711523294448853,9.577556610107422,3.047786235809326,7.040152549743652
36105,23,170,30,10,170,30,44,30,-0.8241601586341858,-0.3447851538658142,-0.5801855325698853,3.150076389312744,-16.662137985229492,10.276793479919434
36106,39,170,30,37,170,30,44,6,-0.7831445336341858,-0.4568457007408142,-0.5919042825698853,1.4248855113983154,1.307328224182129,3.666106939315796
36107,46,170,30,45,170,30,44,16,-0.6696191430091858,-0.4048437476158142,-0.5423437356948853,4.966870307922363,2.452366352081299,-9.188855171203613
36108,22,170,30,21,170,30,46,97,-0.9288964867591858,-0.1633886694908142,-0.5181738138198853,-6.483511447906494,53.20045852661133,-37.96748352050781
36109,5,170,30,8,170,30,47,28,-0.6427636742591858,-0.3027929663658142,-0.5701757669448853,-3.0789313316345215,-1.4560306072235107,23.63557243347168
36110,0,170,30,4,170,30,45,24,-0.7191796898841858,-0.4273046851158142,-0.6158300638198853,-5.307938575744629,-4.524733066558838,14.811144828796387
36111,0,170,30,1,170,30,46,57,-0.6549707055091858,-0.4536718726158142,-0.5877538919448853,11.821831703186035,20.17755699157715,-25.814809799194336
36112,0,170,30,0,170,30,44,25,-0.8014550805091858,-0.2363867163658142,-0.5660253763198853,-6.483511447906494,-0.6621374487876892,18.15465545654297
36113,0,170,30,0,170,30,44,23,-0.7946191430091858,-0.5256933569908142,-0.7044531106948853,15.272212982177734,4.9256486892700195,3.559236764907837
36114,26,170,30,13,170,30,44,37,-0.6635156273841858,-0.4148535132408142,-0.5340429544448853,9.226411819458008,2.620305299758911,26.04778480529785
36115,51,170,30,43,170,30,46,21,-0.7907128930091858,-0.3560156226158142,-0.6124120950698853,-4.651450157165527,6.5745038986206055,10.337862968444824
36116,30,170,30,31,170,30,46,78,-0.8056054711341858,-0.3560156226158142,-0.32627928256988525,-31.063663482666016,30.9561824798584,-16.944581985473633
36117,8,170,30,12,170,30,51,149,-0.3942285180091858,-0.9841894507408142,-0.7222753763198853,-60.42244338989258,57.58213806152344,-31.036184310913086
36118,1,170,30,6,170,30,43,177,-0.4730859398841858,-0.4045996069908142,-0.6744238138198853,-94.71251678466797,-74.63160705566406,8.169923782348633
36119,0,170,30,5,170,30,40,91,-0.7875390648841858,-0.1829199194908142,-0.6519628763198853,-24.010229110717773,-32.37206268310547,34.765342712402344
36120,0,170,30,4,170,30,41,30,-0.7955957055091858,-0.5501074194908142,-0.5123144388198853,9.714961051940918,-1.7919085025787354,18.505800247192383
36122,0,170,30,2,170,30,42,21,-0.6679101586341858,-0.3689550757408142,-0.6819921731948853,-11.262137413024902,-9.16595458984375,1.284427523612976
36123,0,170,30,1,170,30,41,36,-0.7599511742591858,-0.2573828101158142,-0.6395117044448853,-14.056031227111816,-2.051450490951538,20.658472061157227
36124,0,170,30,3,170,30,42,29,-0.6671777367591858,-0.4197363257408142,-0.7415624856948853,-9.918625831604004,2.3149619102478027,17.65083885192871
36125,0,170,30,5,170,30,42,38,-0.8776269555091858,-0.1294531226158142,-0.5399023294448853,-18.45297622680664,2.6508398056030273,-17.173587799072266
36126,12,170,30,4,170,30,42,78,-0.6393457055091858,-0.2285742163658142,-0.9046484231948853,-41.567481994628906,-12.402595520019531,-24.16595458984375
36127,32,170,30,7,170,30,39,96,-0.7008691430091858,-0.3049902319908142,-0.8006445169448853,10.92106819152832,-41.91404724121094,-43.5858039855957
36128,45,170,30,24,170,30,41,69,-0.7741113305091858,-0.09380859136581421,-0.41294920444488525,24.72259521484375,9.5058012008667,35.46763229370117
36129,43,170,30,40,170,30,42,56,-0.6586328148841858,-0.3169531226158142,-0.5858007669448853,-13.689619064331055,18.085952758789062,24.643205642700195
36130,33,170,30,19,170,30,43,46,-0.7262597680091858,-0.2883886694908142,-0.6595312356948853,-21.03312873840332,2.3912978172302246,-22.7308406829834
36131,26,170,30,4,170,30,43,66,-0.8439355492591858,-0.1358007788658142,-0.6841894388198853,-8.972061157226562,-29.135419845581055,-28.4865665435791
36132,6,170,30,0,170,30,45,42,-0.6129785180091858,-0.5618261694908142,-0.5909277200698853,37.0737419128418,1.9180152416229248,3.1164886951446533
36134,0,170,30,0,170,30,45,39,-0.6600976586341858,-0.3584570288658142,-0.6863867044448853,-7.20106840133667,0.4981679320335388,31.45236587524414
36135,0,170,30,0,170,30,45,37,-0.7120996117591858,-0.12261718511581421,-0.6902929544448853,-11.704885482788086,3.5058016777038574,22.459999084472656
36136,4,170,30,0,170,30,45,35,-0.7311425805091858,-0.1939062476158142,-0.6563574075698853,-3.7964882850646973,-8.097251892089844,-23.738473892211914
36137,17,170,30,0,170,30,43,76,-0.6271386742591858,-0.3198828101158142,-0.7662206888198853,10.463052749633789,-29.211755752563477,-37.03618240356445
36138,27,170,30,9,170,30,43,40,-0.7811914086341858,-0.2329687476158142,-0.6070410013198853,26.249313354492188,-12.692671775817871,-1.0819846391677856
36139,36,170,30,36,170,30,44,60,-0.6027246117591858,-0.2764257788658142,-0.7625585794448853,8.34091567993164,17.35312843322754,35.02488327026367
36140,34,170,30,41,170,30,45,43,-0.6469140648841858,-0.2156347632408142,-0.7093359231948853,-21.750686645507812,15.292060852050781,6.460000038146973
36141,31,170,30,15,170,30,45,43,-0.6952539086341858,-0.2495703101158142,-0.6793066263198853,-12.834656715393066,-4.173587799072266,-26.975114822387695
36142,22,170,30,5,170,30,43,32,-0.8063378930091858,-0.3174414038658142,-0.6082617044448853,1.9287023544311523,-17.41023063659668,-13.539999961853027
36143,5,170,30,2,170,30,45,53,-0.7211328148841858,-0.4004492163658142,-0.6102148294448853,33.86763381958008,10.467633247375488,9.54396915435791
36144,0,170,30,1,170,30,46,44,-0.6815820336341858,-0.3840917944908142,-0.6754003763198853,17.211145401000977,7.20045804977417,20.475265502929688
36145,0,170,30,0,170,30,46,32,-0.6117578148841858,-0.3804296851158142,-0.7142187356948853,11.287480354309082,9.001984596252441,12.460000038146973
36146,0,170,30,0,170,30,45,58,-0.6178613305091858,-0.4065527319908142,-0.6871191263198853,-37.017860412597656,0.46763354539871216,21.330228805541992
36147,0,170,30,0,170,30,47,48,-0.6737695336341858,-0.2246679663658142,-0.7676855325698853,-3.2316031455993652,38.208091735839844,7.055419921875
36148,0,170,30,0,170,30,46,57,-0.6608300805091858,-0.3289160132408142,-0.6900488138198853,-30.010229110717773,2.1470229625701904,25.085952758789062
36149,0,170,30,0,170,30,45,48,-0.6869531273841858,-0.1414160132408142,-0.7535253763198853,-32.43770980834961,-1.4712977409362793,14.230992317199707
36150,0,170,30,0,170,30,44,31,-0.6369042992591858,-0.2153906226158142,-0.8238378763198853,-22.407175064086914,7.948549270629883,0.96381676197052
36151,11,170,30,0,170,30,43,36,-0.6503320336341858,-0.04327148571610451,-0.7386327981948853,-3.994961738586426,-4.448397159576416,-27.64687156677246
36152,19,170,30,0,170,30,42,63,-0.7440820336341858,-0.06060547009110451,-0.7593847513198853,14.127175331115723,-23.80717658996582,-26.059083938598633
36153,26,170,30,3,170,30,42,36,-0.6398339867591858,-0.026914063841104507,-0.5887304544448853,2.1271755695343018,6.834045886993408,27.864580154418945
36154,29,170,30,15,170,30,42,80,-0.5023828148841858,-0.2573828101158142,-0.8665624856948853,43.455421447753906,8.498167991638184,28.337862014770508
36155,28,170,30,5,170,30,43,24,-0.7477441430091858,-0.1377539038658142,-0.6688085794448853,-11.811756134033203,2.0706870555877686,-10.929312705993652
36156,27,170,30,0,170,30,42,49,-0.7399316430091858,-0.1445898413658142,-0.7034765481948853,-15.720152854919434,-8.570534706115723,-25.32625961303711
36157,13,170,30,0,170,30,43,125,-0.9613671898841858,-0.1572851538658142,-0.5552831888198853,67.4554214477539,45.23099136352539,-12.56290054321289
36158,3,170,30,0,170,30,47,137,-0.4804101586341858,-0.5442480444908142,-0.7081152200698853,104.98213958740234,30.19282341003418,-2.5781679153442383
36159,0,170,30,3,170,30,44,93,-0.5153222680091858,-0.5476660132408142,-0.7322851419448853,-30.697250366210938,-38.47893142700195,24.73480796813965
36161,0,170,30,10,170,30,39,43,-0.6737695336341858,-0.3047460913658142,-0.6993261575698853,-16.89572525024414,-25.99038314819336,-1.0514503717422485
36162,0,170,30,14,170,30,38,62,-0.6881738305091858,-0.3320898413658142,-0.6858984231948853,-30.45297622680664,3.5821375846862793,28.55160140991211
36163,0,170,30,10,170,30,40,34,-0.6591210961341858,-0.3643164038658142,-0.7090917825698853,-27.03312873840332,4.711908340454102,2.8874809741973877
36164,0,170,30,10,170,30,41,24,-0.7269921898841858,-0.2131933569908142,-0.6802831888198853,-4.926259517669678,8.25389289855957,11.009618759155273
36165,0,170,30,14,170,30,41,131,-0.7697167992591858,-0.2083105444908142,-0.9122167825698853,-101.62854766845703,25.139389038085938,-4.257557392120361
36166,17,170,30,8,170,30,42,61,-0.6984277367591858,-0.1255468726158142,-0.7513281106948853,-29.41480827331543,-3.547633647918701,-28.669771194458008
36167,27,170,30,9,170,30,40,123,-0.7509179711341858,-0.2131933569908142,-0.6182714700698853,54.493587493896484,-30.143054962158203,-38.97511672973633
36168,30,170,30,42,170,30,40,76,-0.5995507836341858,-0.1636328101158142,-0.8228613138198853,-13.124732971191406,17.444732666015625,46.001983642578125
36169,29,170,30,59,170,30,42,39,-0.6725488305091858,-0.1470312476158142,-0.7767187356948853,0.8600000143051147,20.147022247314453,18.124120712280273
36170,25,170,30,24,170,30,42,62,-0.7550683617591858,-0.10918945074081421,-0.6927343606948853,-0.2850381135940552,-13.669771194458008,-48.57816696166992
36171,20,170,30,6,170,30,41,112,-0.7238183617591858,-0.2363867163658142,-0.7371679544448853,37.776031494140625,-32.73847579956055,-41.494197845458984
36172,4,170,30,0,170,30,43,86,-0.6730371117591858,-0.3711523413658142,-0.6385351419448853,47.333282470703125,23.566869735717773,15.284427642822266
36173,0,170,30,0,170,30,42,38,-0.6959863305091858,-0.3584570288658142,-0.6502538919448853,13.638625144958496,-7.547633647918701,17.147022247314453
36174,0,170,30,0,170,30,42,41,-0.6405664086341858,-0.2976660132408142,-0.7105566263198853,-21.262136459350586,3.658473491668701,16.566869735717773
36175,0,170,30,1,170,30,42,46,-0.7382226586341858,-0.2358984351158142,-0.6856542825698853,-13.811756134033203,3.551603317260742,29.345495223999023
36176,4,170,30,9,170,30,43,60,-0.6159082055091858,-0.3401464819908142,-0.6844335794448853,-29.536945343017578,21.444732666015625,9.452366828918457
36177,28,170,30,13,170,30,44,70,-0.6642480492591858,-0.024960938841104507,-0.9112402200698853,-17.124732971191406,-14.723206520080566,-38.59343719482422
36178,52,170,30,17,170,30,41,147,-0.5851464867591858,-0.2920507788658142,-0.5633398294448853,66.3409194946289,-32.44839859008789,-48.440765380859375
36179,64,170,30,57,170,30,41,125,-0.4699121117591858,-0.4587988257408142,-0.7566992044448853,-17.03312873840332,37.459999084472656,70.55160522460938
36180,57,170,30,84,170,30,43,29,-0.7089257836341858,-0.2866796851158142,-0.6766210794448853,-16.010229110717773,6.788244247436523,6.414198398590088
36181,46,170,30,43,170,30,43,41,-0.6725488305091858,-0.1604589819908142,-0.8348242044448853,-28.926258087158203,1.0019845962524414,-12.059083938598633
36182,42,170,30,14,170,30,42,122,-0.7357812523841858,-0.2476171851158142,-0.8943945169448853,27.027938842773438,-34.158321380615234,-61.34152603149414
36183,17,170,30,3,170,30,43,90,-0.8183007836341858,-0.1887792944908142,-0.5877538919448853,30.72259521484375,50.055419921875,-9.310992240905762
36185,0,170,30,0,170,30,41,72,-0.6764550805091858,-0.1492285132408142,-0.6241308450698853,-27.506412506103516,-19.104887008666992,26.001983642578125
36186,0,170,30,0,170,30,40,61,-0.7743554711341858,-0.3418554663658142,-0.6858984231948853,-32.39190673828125,-24.58580207824707,4.322595119476318
36187,0,170,30,0,170,30,40,76,-0.5880761742591858,-0.4085058569908142,-0.7776952981948853,-30.208702087402344,-9.379694938659668,-36.730838775634766
36188,0,170,30,2,170,30,37,60,-0.8480859398841858,-0.2236914038658142,-0.6805273294448853,-10.681984901428223,-31.883512496948242,18.200456619262695
36189,0,170,30,7,170,30,39,40,-0.6078515648841858,-0.5442480444908142,-0.6985937356948853,20.26458168029785,13.078320503234863,6.719542026519775
36190,0,170,30,9,170,30,40,56,-0.7948632836341858,-0.2451757788658142,-0.6946874856948853,13.974503517150879,14.070687294006348,28.108854293823242
36191,0,170,30,16,170,30,41,62,-0.6144433617591858,-0.3743261694908142,-0.7901464700698853,-43.888092041015625,-6.79954195022583,11.421832084655762
36192,0,170,30,29,170,30,39,16,-0.7040429711341858,-0.10650390386581421,-0.7369238138198853,4.554656505584717,-7.272824287414551,-4.227022647857666
36193,32,170,30,80,170,30,38,110,-0.7614160180091858,-0.3235449194908142,-0.5308691263198853,16.768396377563477,-36.92168045043945,-56.48656463623047
36194,36,170,30,102,170,30,37,39,-0.7196679711341858,-0.2900976538658142,-0.6873632669448853,-34.40717315673828,3.872213840484619,-1.3262594938278198
36195,9,170,30,56,170,30,42,66,-0.5922265648841858,-0.3386816382408142,-0.8255468606948853,29.80656623840332,35.063053131103516,1.1928244829177856
36196,16,170,30,20,170,30,40,73,-0.8075585961341858,-0.2254003882408142,-1.2234960794448853,53.62335968017578,-5.700305461883545,14.551603317260742
36197,45,170,30,45,170,30,41,42,-0.6078515648841858,-0.2556738257408142,-0.6146093606948853,14.417251586914062,-8.265191078186035,19.742441177368164
36198,63,170,30,141,170,30,41,21,-0.6076074242591858,-0.2603124976158142,-0.5435644388198853,-10.559847831726074,-2.845343589782715,-7.982748031616211
36199,21,170,30,87,170,30,45,103,-0.7465234398841858,-0.1985449194908142,-0.8223730325698853,17.2874813079834,51.8111457824707,-34.730838775634766
36200,5,170,30,38,170,30,44,35,-0.7431054711341858,-0.2859472632408142,-0.7210546731948853,14.493587493896484,-9.120152473449707,11.757709503173828
36201,0,170,30,25,170,30,42,51,-0.6886621117591858,-0.2722753882408142,-0.7657324075698853,18.951602935791016,-12.738472938537598,19.925647735595703
36202,0,170,30,24,170,30,41,10,-0.6264062523841858,-0.4160742163658142,-0.7044531106948853,-7.598015308380127,-1.2270228862762451,-1.585801601409912
36203,0,170,30,18,170,30,42,27,-0.8266015648841858,-0.1511816382408142,-0.6407324075698853,-18.040761947631836,0.543969452381134,9.177556991577148
36204,16,170,30,27,170,30,42,53,-0.8471093773841858,-0.04986328259110451,-0.6851660013198853,-8.681984901428223,-18.616336822509766,-26.074352264404297
36205,45,170,30,72,170,30,39,73,-0.6469140648841858,-0.2971777319908142,-0.40635740756988525,-3.5674805641174316,-29.74610710144043,-40.10488510131836
36206,20,170,30,66,170,30,42,80,-0.7374902367591858,-0.1951269507408142,-0.7877050638198853,-2.636183261871338,66.81877899169922,10.918015480041504
36207,5,170,30,29,170,30,44,84,-0.6344628930091858,-0.3071874976158142,-0.8331152200698853,-13.933893203735352,-33.2728271484375,37.63557052612305
36208,29,170,30,12,170,30,43,70,-0.8751855492591858,-0.4673437476158142,-0.5420995950698853,47.36381912231445,-18.50946617126465,-4.257557392120361
36209,64,170,30,73,170,30,42,20,-0.6557031273841858,-0.4207128882408142,-0.6817480325698853,-11.216336250305176,-6.2499237060546875,-3.5094656944274902
36210,35,170,30,57,170,30,45,115,-0.9074121117591858,-0.1282324194908142,-0.6346288919448853,22.52412223815918,59.10885238647461,-33.72320556640625
36211,10,170,30,20,170,30,46,41,-0.6686425805091858,-0.4050878882408142,-0.6392675638198853,3.333282470703125,-15.685038566589355,21.986717224121094
36212,1,170,30,7,170,30,44,43,-0.6386132836341858,-0.3770117163658142,-0.6761327981948853,-8.11709976196289,1.0477862358093262,34.765342712402344
36213,0,170,30,3,170,30,44,102,-0.5905175805091858,-0.3792089819908142,-0.7774511575698853,-48.84992218017578,13.994351387023926,39.162288665771484
36215,0,170,30,0,170,30,45,45,-0.7365136742591858,-0.1616796851158142,-0.6148535013198853,-2.1476335525512695,12.879847526550293,30.59740447998047
36216,21,170,30,1,170,30,46,38,-0.6937890648841858,-0.1812109351158142,-0.6990820169448853,-11.399541854858398,7.795877456665039,19.37602996826172
36217,59,170,30,27,170,30,43,120,-0.6329980492591858,-0.1912207007408142,-1.1426855325698853,8.72259521484375,-50.662139892578125,-61.06671905517578
36218,72,170,30,72,170,30,39,23,-0.6671777367591858,-0.3521093726158142,-0.6832128763198853,-18.101831436157227,-3.65450382232666,-1.6621372699737549
36219,25,170,30,45,170,30,45,109,-0.5897851586341858,-0.1865820288658142,-0.9041601419448853,34.92107009887695,72.74243927001953,-1.3873281478881836
36220,13,170,30,18,170,30,43,25,-0.8180566430091858,-0.3220800757408142,-1.2823339700698853,-10.11709976196289,14.269160270690918,0.7042748332023621
36221,52,170,30,51,170,30,42,56,-0.8082910180091858,-0.3333105444908142,-0.9498144388198853,19.7302303314209,-20.753742218017578,16.15465545654297
36222,77,170,30,164,170,30,42,47,-0.6867089867591858,-0.2007421851158142,-0.6998144388198853,4.340916156768799,-15.028549194335938,-27.921680450439453
36223,29,170,30,123,170,30,46,235,-0.6242089867591858,-0.2263769507408142,-0.8670507669448853,102.32565307617188,44.02488327026367,-88.715576171875
36224,8,170,30,66,170,30,43,75,-0.7633691430091858,-0.09942382574081421,-0.7073827981948853,-15.643816947937012,-37.63923645019531,21.727174758911133
36225,1,170,30,45,170,30,41,35,-0.6127343773841858,-0.3884863257408142,-0.6900488138198853,-11.750687599182129,5.276793956756592,18.780609130859375
36226,0,170,30,30,170,30,41,69,-0.6415429711341858,-0.3147558569908142,-0.6927343606948853,-33.23160171508789,8.63557243347168,27.788244247436523
36227,0,170,30,11,170,30,42,46,-0.6483789086341858,-0.3176855444908142,-0.7278906106948853,-2.346107006072998,-3.8529770374298096,40.3683967590332
36228,19,170,30,6,170,30,41,51,-0.7665429711341858,-0.1677832007408142,-0.7132421731948853,-0.1781679391860962,-28.26519203186035,-23.18885612487793
36229,48,170,30,41,170,30,38,66,-0.7140527367591858,-0.2444433569908142,-0.5403906106948853,2.478320598602295,-30.76900863647461,-33.173587799072266
36230,29,170,30,51,170,30,40,66,-0.7553125023841858,-0.2107519507408142,-0.6573339700698853,-29.002593994140625,33.99435043334961,3.269160270690918
36231,7,170,30,27,170,30,45,47,-0.4975000023841858,-0.4956640601158142,-0.8609472513198853,-25.353740692138672,1.3836641311645508,21.101221084594727
36232,19,170,30,22,170,30,42,74,-0.7348046898841858,-0.3701757788658142,-0.6522070169448853,58.20351028442383,-12.295724868774414,3.986717700958252
36233,50,170,30,89,170,30,41,45,-0.5978417992591858,-0.1565527319908142,-0.7454687356948853,22.860000610351562,-20.3873291015625,2.1699235439300537
36234,32,170,30,77,170,30,42,81,-0.8444238305091858,-0.11456054449081421,-0.6602636575698853,-10.575115203857422,52.223358154296875,18.29206085205078
36235,9,170,30,31,170,30,45,18,-0.5697656273841858,-0.4937109351158142,-0.7474218606948853,7.714962005615234,-5.410229206085205,-4.883511543273926
36236,1,170,30,11,170,30,42,16,-0.7973046898841858,-0.06060547009110451,-0.6954199075698853,-2.056030750274658,-13.196488380432129,0.9180152416229248
36237,0,170,30,3,170,30,43,17,-0.6698632836341858,-0.2886328101158142,-0.7200781106948853,2.5699236392974854,9.734808921813965,4.933282375335693
36238,0,170,30,0,170,30,43,73,-0.6002832055091858,-0.3477148413658142,-0.7588964700698853,-18.19343376159668,35.27679443359375,19.77297592163086
36239,11,170,30,0,170,30,43,45,-0.7260156273841858,-0.06280273199081421,-0.6028906106948853,38.84473419189453,-1.9293129444122314,-4.730839729309082
36240,39,170,30,15,170,30,41,95,-0.6808496117591858,-0.2825292944908142,-0.6368261575698853,14.14244270324707,-41.16595458984375,-40.19649124145508
36241,57,170,30,49,170,30,38,64,-0.7228417992591858,-0.2166113257408142,-0.49546873569488525,-15.307938575744629,-22.249923706054688,-26.578168869018555
36242,26,170,30,34,170,30,41,144,-0.7743554711341858,-0.1309179663658142,-0.6754003763198853,-56.36137390136719,58.65083694458008,29.97144889831543
36243,6,170,30,11,170,30,43,68,-0.7174707055091858,-0.2698339819908142,-0.6800390481948853,-22.51404571533203,-13.578167915344238,32.063053131103516
36244,19,170,30,6,170,30,44,51,-0.6962304711341858,-0.1665624976158142,-0.5684667825698853,34.508853912353516,-9.07435131072998,7.864580154418945
36245,52,170,30,59,170,30,42,28,-0.6566796898841858,-0.4675878882408142,-0.7774511575698853,-1.796488642692566,-6.646870136260986,20.124120712280273
36246,26,170,30,41,170,30,43,153,-0.6491113305091858,-0.2307714819908142,-0.8067480325698853,47.04320526123047,41.047786712646484,-64.91404724121094
36247,7,170,30,15,170,30,40,100,-0.4603906273841858,-0.4426855444908142,-0.7630468606948853,-32.681983947753906,-18.723207473754883,-49.555267333984375
36248,0,170,30,6,170,30,41,55,-0.8014550805091858,-0.11553710699081421,-0.6861425638198853,21.577558517456055,12.513435363769531,21.330228805541992
36249,0,170,30,5,170,30,45,184,-0.5910058617591858,-0.4395117163658142,-0.7088476419448853,137.92869567871094,29.59740447998047,-16.99038314819336
36250,0,170,30,4,170,30,44,64,-0.6989160180091858,-0.1587499976158142,-0.7056738138198853,-18.025495529174805,2.666106939315796,43.91038131713867
36251,0,170,30,4,170,30,43,111,-0.7155175805091858,-0.2920507788658142,-0.6697851419448853,-75.13999938964844,2.2844274044036865,34.15465545654297
36252,0,170,30,3,170,30,43,44,-0.6852441430091858,-0.2832617163658142,-0.6968847513198853,36.676795959472656,-1.2117557525634766,-6.6392364501953125
36253,0,170,30,5,170,30,43,15,-0.6788964867591858,-0.1419042944908142,-0.7523046731948853,2.1424427032470703,3.658473491668701,9.956183433532715
36254,0,170,30,13,170,30,43,49,-0.6701074242591858,-0.2139257788658142,-0.6983495950698853,4.52412223815918,8.940916061401367,35.89511489868164
36255,17,170,30,38,170,30,43,25,-0.7103906273841858,-0.2962011694908142,-0.7667089700698853,14.82946491241455,-2.1430535316467285,8.337862014770508
36256,67,170,30,53,170,30,43,116,-0.6544824242591858,0.020937498658895493,-1.0225683450698853,-65.01786041259766,-10.43312931060791,-40.7003059387207
36257,53,170,30,38,170,30,41,25,-0.7501855492591858,0.021669920533895493,-0.8331152200698853,3.119542121887207,-10.219388961791992,-11.952213287353516
36258,15,170,30,18,170,30,44,119,-0.6364160180091858,0.026796873658895493,-0.8619238138198853,104.00503540039062,-2.0056488513946533,-13.646870613098145
36259,3,170,30,10,170,30,42,30,-0.6666894555091858,-0.2427343726158142,-0.7906347513198853,19.501222610473633,-7.104885578155518,3.513435125350952
36260,0,170,30,9,170,30,40,32,-0.6666894555091858,-0.2527441382408142,-0.7193456888198853,-3.979694366455078,-10.280458450317383,18.398929595947266
36261,8,170,30,15,170,30,40,15,-0.7172265648841858,-0.09405273199081421,-0.7149511575698853,-2.559847354888916,4.284427642822266,8.490534782409668
36262,32,170,30,23,170,30,40,88,-0.7001367211341858,-0.2102636694908142,-0.8008886575698853,-36.95679473876953,-13.547633171081543,-37.73847579956055
36263,19,170,30,22,170,30,41,99,-0.8204980492591858,0.3742089867591858,-0.9156347513198853,23.653894424438477,57.93328094482422,18.15465545654297
36264,4,170,30,26,170,30,42,56,-0.7025781273841858,-0.2407812476158142,-0.6705175638198853,9.287480354309082,-14.280458450317383,32.55160140991211
36265,0,170,30,30,170,30,41,44,-0.7484765648841858,-0.1970800757408142,-0.6802831888198853,22.58519172668457,-3.914045810699463,18.383663177490234
36266,0,170,30,31,170,30,42,45,-0.7384667992591858,-0.09820312261581421,-0.7044531106948853,25.089008331298828,2.5745038986206055,17.97144889831543
36267,0,170,30,31,170,30,42,27,-0.6937890648841858,-0.2363867163658142,-0.6614843606948853,7.608091831207275,-5.990381717681885,13.467633247375488
36269,3,170,30,49,170,30,43,21,-0.7367578148841858,-0.2974218726158142,-0.6683202981948853,18.676794052124023,-2.158320665359497,-0.4712977111339569
36270,25,170,30,67,170,30,43,89,-0.6364160180091858,-0.2754492163658142,-0.7203222513198853,-26.483510971069336,-17.22702407836914,-45.662139892578125
36271,31,170,30,65,170,30,42,36,-0.8134179711341858,-0.2149023413658142,-0.6797949075698853,-24.727785110473633,-2.9674808979034424,8.5058012008667
36272,8,170,30,56,170,30,45,74,-0.7689843773841858,-0.1599707007408142,-0.6524511575698853,26.447786331176758,24.25389289855957,23.757709503173828
36273,0,170,30,47,170,30,47,79,-0.6532617211341858,-0.3770117163658142,-0.6573339700698853,44.02030563354492,20.00961685180664,15.528702735900879
36274,0,170,30,41,170,30,45,6,-0.5780664086341858,-0.4158300757408142,-0.6575781106948853,-1.9949618577957153,-4.158320903778076,-0.10488548874855042
36275,0,170,30,32,170,30,44,55,-0.8683496117591858,-0.09405273199081421,-0.6673437356948853,-27.09419822692871,8.956183433532715,19.528701782226562
36276,0,170,30,27,170,30,44,70,-0.7475000023841858,-0.1782812476158142,-0.6241308450698853,-10.941527366638184,35.124122619628906,24.322593688964844
36277,27,170,30,31,170,30,43,73,-0.4586816430091858,-0.1697363257408142,-1.0201269388198853,-14.681984901428223,-19.104887008666992,-39.92168045043945
36278,21,170,30,22,170,30,42,57,-0.7821679711341858,-0.08428710699081421,-0.8052831888198853,-22.83465576171875,-15.135419845581055,-19.50946617126465
36279,4,170,30,18,170,30,46,98,-0.5939355492591858,-0.5447363257408142,-0.6236425638198853,67.48595428466797,28.085952758789062,3.376030683517456
36280,0,170,30,23,170,30,45,31,-0.7306542992591858,-0.3733496069908142,-0.6465917825698853,13.058472633361816,-0.02091604471206665,18.001983642578125
36281,0,170,30,25,170,30,45,38,-0.6994042992591858,-0.3352636694908142,-0.5999609231948853,14.249312400817871,-3.486564874649048,21.25389289855957
36282,0,170,30,27,170,30,44,29,-0.6605859398841858,-0.4407324194908142,-0.6258398294448853,-10.346107482910156,-7.761373996734619,11.34549617767334
36283,9,170,30,33,170,30,44,41,-0.7013574242591858,-0.05987304821610451,-0.5713964700698853,5.0279388427734375,-9.623969078063965,-26.41023063659668
36284,21,170,30,37,170,30,42,92,-0.7506738305091858,-0.4727148413658142,-0.7415624856948853,-65.1247329711914,-11.669771194458008,-15.23465633392334
36285,5,170,30,30,170,30,47,108,-0.7045312523841858,-0.3962988257408142,-0.6461035013198853,60.8141975402832,47.58213806152344,-0.21175572276115417
36286,0,170,30,28,170,30,48,26,-0.6420312523841858,-0.3779882788658142,-0.6541601419448853,14.82946491241455,2.452366352081299,9.14702320098877
36287,0,170,30,27,170,30,46,19,-0.6945214867591858,-0.3640722632408142,-0.6343847513198853,5.455420017242432,-9.211755752563477,5.238626003265381
36288,0,170,30,25,170,30,45,29,-0.7033105492591858,-0.3713964819908142,-0.6321874856948853,-11.521679878234863,-6.631603240966797,-11.539999961853027
36289,0,170,30,23,170,30,44,88,-0.6842675805091858,-0.3814062476158142,-0.6273046731948853,-49.048397064208984,-12.891144752502441,-26.593435287475586
36290,0,170,30,20,170,30,42,71,-0.6930566430091858,-0.3765234351158142,-0.7342382669448853,-52.97206115722656,9.398931503295898,-8.65450382232666
36291,0,170,30,15,170,30,41,112,-0.6305566430091858,-0.1438574194908142,-0.7073827981948853,-38.52931213378906,-25.501832962036133,-48.13542175292969
36292,0,170,30,13,170,30,39,81,-0.7946191430091858,-0.3372167944908142,-0.6436620950698853,-45.67435073852539,-29.394962310791016,-6.257557392120361
36293,0,170,30,14,170,30,41,79,-0.7794824242591858,-0.1970800757408142,-0.6583105325698853,-16.17816734313965,14.482900619506836,-48.944580078125
36294,0,170,30,13,170,30,40,101,-0.6256738305091858,-0.3516210913658142,-0.6920019388198853,-67.09420013427734,-24.723207473754883,-9.417862892150879
36295,0,170,30,10,170,30,41,35,-0.7457910180091858,-0.1665624976158142,-0.7081152200698853,-28.361373901367188,4.986717700958252,2.2920610904693604
36296,0,170,30,3,170,30,41,54,-0.9166894555091858,-0.1677832007408142,-0.7178808450698853,-44.13236618041992,-1.2728245258331299,8.918015480041504
36297,1,170,30,1,170,30,41,9,-0.6923242211341858,-0.1995214819908142,-0.7435156106948853,8.692061424255371,0.9256488680839539,-0.04381677508354187
36298,16,170,30,8,170,30,41,54,-0.7374902367591858,-0.1423925757408142,-0.6722265481948853,22.356184005737305,-14.906412124633789,-17.37206268310547
36300,11,170,30,23,170,30,41,83,-0.7985253930091858,-0.06402343511581421,-0.7400976419448853,25.119543075561523,49.64320373535156,-8.333892822265625
36301,1,170,30,14,170,30,42,68,-0.6171289086341858,-0.3728613257408142,-0.7344824075698853,-35.048397064208984,-4.921679496765137,29.024885177612305
36302,0,170,30,8,170,30,41,41,-0.6820703148841858,-0.2500585913658142,-0.7420507669448853,-20.346105575561523,-19.776641845703125,1.4065649509429932
36303,14,170,30,13,170,30,42,65,-0.6727929711341858,-0.1621679663658142,-0.5635839700698853,52.554656982421875,-6.417862415313721,6.47526741027832
36304,41,170,30,60,170,30,41,46,-0.7929101586341858,-0.4194921851158142,-0.6939550638198853,35.272212982177734,-5.562900543212891,5.33022928237915
36305,71,170,30,128,170,30,41,5,-0.7035546898841858,-0.2622656226158142,-0.6114355325698853,-4.788854598999023,-0.5094656944274902,-0.3033587634563446
36306,76,170,30,155,170,30,42,7,-0.7118554711341858,-0.2800878882408142,-0.6661230325698853,3.974503993988037,-0.38732826709747314,3.192824363708496
36307,77,170,30,158,170,30,42,5,-0.7357812523841858,-0.2859472632408142,-0.7000585794448853,-2.452977180480957,0.9256488680839539,-1.7384731769561768
36308,77,170,30,151,170,30,42,3,-0.7189355492591858,-0.2844824194908142,-0.6661230325698853,1.226412296295166,-0.5247328281402588,-1.4789313077926636
36309,79,170,30,136,170,30,43,0,-0.7233300805091858,-0.2825292944908142,-0.6734472513198853,-0.4377099275588989,-0.14305344223976135,0.12412214279174805
36310,75,170,30,125,170,30,43,35,-0.6869531273841858,-0.2078222632408142,-0.7806249856948853,5.776030540466309,-14.875877380371094,-15.23465633392334
36311,66,170,30,124,170,30,42,10,-0.7265039086341858,-0.2456640601158142,-0.6653906106948853,-3.0483970642089844,-2.0361831188201904,-5.204122066497803
36312,60,170,30,126,170,30,42,39,-0.7062402367591858,-0.3228124976158142,-0.6390234231948853,7.989770889282227,-12.662137031555176,-18.86824607849121
36313,56,170,30,128,170,30,41,35,-0.6552148461341858,-0.3403906226158142,-0.5794531106948853,-1.613282322883606,-15.883511543273926,-17.616336822509766
36314,53,170,30,115,170,30,42,4,-0.7206445336341858,-0.3494238257408142,-0.6050878763198853,3.0737404823303223,-0.34152674674987793,-0.7766411304473877
36315,52,170,30,95,170,30,42,11,-0.7362695336341858,-0.2988867163658142,-0.6790624856948853,-2.42244291305542,3.4600000381469727,-5.1430535316467285
36316,54,170,30,62,170,30,44,20,-0.8058496117591858,-0.5254492163658142,-0.6253515481948853,-9.246870994567871,11.078320503234863,-0.5170992612838745
36317,52,170,30,23,170,30,45,49,-0.7396875023841858,-0.2556738257408142,-0.6695410013198853,-32.02549743652344,9.85694694519043,-7.295725345611572
36318,34,170,30,4,170,30,44,18,-0.6984277367591858,-0.3618749976158142,-0.6837011575698853,-10.010229110717773,-0.998015284538269,-7.6468706130981445
36319,10,170,30,0,170,30,48,187,-0.6615625023841858,-0.2837499976158142,-0.7569433450698853,86.92106628417969,41.10885238647461,-59.662139892578125
36321,2,170,30,0,170,30,44,64,-0.7142968773841858,-0.2503027319908142,-0.6710058450698853,-3.277404308319092,-26.26519203186035,34.97908401489258
36322,0,170,30,0,170,30,42,9,-0.5426660180091858,-0.4861425757408142,-0.6985937356948853,-4.285037994384766,0.7882443070411682,-4.257557392120361
36323,0,170,30,0,170,30,41,92,-0.6339746117591858,-0.3753027319908142,-0.7447363138198853,-72.69725036621094,19.459999084472656,0.4447328448295593
36324,0,170,30,0,170,30,40,73,-0.8627343773841858,-0.04473632946610451,-0.6456152200698853,-11.033129692077637,-29.059083938598633,33.81877899169922
36325,0,170,30,3,170,30,41,20,-0.6701074242591858,-0.3279394507408142,-0.7335058450698853,-5.750687122344971,-2.1430535316467285,12.276793479919434
36326,4,170,30,4,170,30,41,25,-0.7028222680091858,-0.3355078101158142,-0.7012792825698853,17.0432071685791,-1.8529770374298096,-6.135419845581055
36327,23,170,30,5,170,30,42,23,-0.8143945336341858,-0.2388281226158142,-0.7210546731948853,-17.29267120361328,4.757709980010986,-1.6468701362609863
36328,41,170,30,2,170,30,43,22,-0.7467675805091858,-0.1853613257408142,-0.7457128763198853,8.768396377563477,8.864580154418945,-4.975114345550537
36329,22,170,30,0,170,30,44,84,-0.8522363305091858,-0.1765722632408142,-0.5535742044448853,18.463054656982422,29.979082107543945,-36.02854919433594
36330,5,170,30,0,170,30,46,71,-0.6293359398841858,-0.4387792944908142,-0.6741796731948853,54.58518981933594,0.8798473477363586,15.666107177734375
36331,0,170,30,0,170,30,43,65,-0.4740625023841858,-0.5625585913658142,-0.6961523294448853,-4.758320331573486,-28.341527938842773,32.33786392211914
36332,0,170,30,0,170,30,39,95,-0.7130761742591858,-0.3018164038658142,-0.5894628763198853,-34.83465576171875,-26.356794357299805,34.62793731689453
36333,0,170,30,2,170,30,40,29,-0.6979394555091858,-0.2752050757408142,-0.6324316263198853,21.68442726135254,-2.3873281478881836,-5.372061252593994
36334,0,170,30,2,170,30,43,161,-0.6027246117591858,-0.3137792944908142,-0.7881933450698853,-98.7583236694336,30.925647735595703,32.017250061035156
36335,0,170,30,3,170,30,43,18,-0.7084375023841858,-0.1958593726158142,-0.7693945169448853,-12.773588180541992,1.8569467067718506,-3.5399999618530273
36336,0,170,30,5,170,30,42,49,-0.6901269555091858,-0.2224707007408142,-0.7525488138198853,-16.590381622314453,-15.944580078125,17.085952758789062
36337,6,170,30,8,170,30,42,19,-0.7096582055091858,-0.2586035132408142,-0.7166601419448853,18.630992889404297,-0.18885499238967896,-0.7613739967346191
36338,23,170,30,26,170,30,41,44,-0.6884179711341858,-0.1624121069908142,-0.7701269388198853,14.692060470581055,-15.593435287475586,-13.799541473388672
36339,41,170,30,62,170,30,40,56,-0.6823144555091858,-0.2417578101158142,-0.6568456888198853,-19.59801483154297,-14.43312931060791,-22.761375427246094
36340,59,170,30,83,170,30,40,29,-0.7125878930091858,-0.2393164038658142,-0.7291113138198853,19.394351959228516,-2.6468701362609863,-7.341526508331299
36341,63,170,30,91,170,30,41,3,-0.7548242211341858,-0.2393164038658142,-0.7039648294448853,0.17297708988189697,-0.46366414427757263,2.841679334640503
36342,66,170,30,109,170,30,41,43,-0.7384667992591858,-0.2737402319908142,-0.6971288919448853,24.84473419189453,-7.959847450256348,10.246259689331055
36343,69,170,30,138,170,30,41,31,-0.7736230492591858,-0.3753027319908142,-0.6526952981948853,19.2874813079834,1.9027481079101562,10.108855247497559
36344,69,170,30,150,170,30,42,6,-0.7382226586341858,-0.2703222632408142,-0.6158300638198853,2.6004581451416016,-1.9598474502563477,1.696641206741333
36345,66,170,30,160,170,30,42,5,-0.7360253930091858,-0.2625097632408142,-0.6534277200698853,4.066106796264648,-1.4712977409362793,0.429465651512146
36346,65,170,30,165,170,30,43,31,-0.7711816430091858,-0.1924414038658142,-0.6998144388198853,18.20351219177246,9.307328224182129,4.47526741027832
36347,70,170,30,152,170,30,44,30,-0.5834375023841858,-0.3464941382408142,-0.5587011575698853,26.218778610229492,0.2538931369781494,-4.440763473510742
36348,73,170,30,143,170,30,45,7,-0.7313867211341858,-0.3821386694908142,-0.6255956888198853,5.7454962730407715,1.0783205032348633,0.429465651512146
36349,80,170,30,144,170,30,45,3,-0.7194238305091858,-0.3364843726158142,-0.6534277200698853,-1.6590839624404907,-0.06671756505966187,2.1088550090789795
36350,87,170,30,124,170,30,45,30,-0.5726953148841858,-0.2427343726158142,-0.6927343606948853,-17.903358459472656,3.0325191020965576,-9.158320426940918
36351,96,170,30,74,170,30,45,25,-0.9035058617591858,-0.2774023413658142,-0.7339941263198853,-17.29267120361328,4.528702259063721,-3.79954195022583
36352,94,170,30,36,170,30,46,52,-0.7853417992591858,-0.1677832007408142,-0.6436620950698853,-42.13236618041992,5.872213840484619,4.795877933502197
36353,38,170,30,14,170,30,48,217,-0.8422265648841858,-0.1716894507408142,-0.7750097513198853,96.50885772705078,53.3683967590332,-67.21939086914062
36354,12,170,30,9,170,30,45,91,-0.7294335961341858,-0.1948828101158142,-0.6868749856948853,-8.712519645690918,-25.517099380493164,57.208091735839844
36355,2,170,30,15,170,30,42,28,-0.6989160180091858,-0.2964453101158142,-0.6717382669448853,-9.491145133972168,-4.402595520019531,14.536335945129395
36356,0,170,30,18,170,30,42,16,-0.7523828148841858,-0.2441992163658142,-0.6441503763198853,-15.307938575744629,0.20809155702590942,1.0706870555877686
36357,0,170,30,16,170,30,43,26,-0.6933007836341858,-0.2986425757408142,-0.6963964700698853,-6.300305366516113,16.65083885192871,3.3912978172302246
36358,2,170,30,10,170,30,44,31,-0.7333398461341858,-0.3159765601158142,-0.7164160013198853,23.34855079650879,-1.5018320083618164,-6.5323662757873535
36359,25,170,30,22,170,30,44,23,-0.7465234398841858,-0.2254003882408142,-0.6932226419448853,-14.269771575927734,-6.585801601409912,-2.8529770374298096
36360,45,170,30,55,170,30,42,47,-0.7484765648841858,-0.3416113257408142,-0.49864256381988525,10.936335563659668,-17.41023063659668,-19.524734497070312
36361,55,170,30,87,170,30,41,12,-0.7284570336341858,-0.3433203101158142,-0.6160742044448853,1.3943512439727783,-6.051450252532959,-5.433129787445068
36362,62,170,30,99,170,30,43,41,-0.8063378930091858,-0.3831152319908142,-0.7930761575698853,16.218778610229492,8.54396915435791,16.49053382873535
36363,64,170,30,123,170,30,43,37,-0.7709375023841858,-0.3020605444908142,-0.7469335794448853,14.14244270324707,-18.891145706176758,-4.898778438568115
36364,64,170,30,150,170,30,43,16,-0.6923242211341858,-0.3193945288658142,-0.5550390481948853,7.394351482391357,-5.257557392120361,-3.9216794967651367
36365,64,170,30,166,170,30,44,7,-0.7775292992591858,-0.3423437476158142,-0.5599218606948853,-2.2545037269592285,-2.3567938804626465,-2.6392366886138916
36366,60,170,30,171,170,30,44,6,-0.7413964867591858,-0.3318457007408142,-0.5821386575698853,3.8065648078918457,-0.8300763368606567,-1.8300762176513672
36367,58,170,30,170,170,30,45,41,-0.6818261742591858,-0.3430761694908142,-0.5772558450698853,-6.987328052520752,12.83404541015625,21.223358154296875
36368,64,170,30,166,170,30,47,39,-0.6874414086341858,-0.1773046851158142,-0.7137304544448853,-0.3766411542892456,23.063053131103516,15.788244247436523
36369,74,170,30,166,170,30,47,16,-0.7394433617591858,-0.3252539038658142,-0.6338964700698853,8.203511238098145,-1.8224427700042725,-6.715572357177734
36371,84,170,30,175,170,30,47,8,-0.7223535180091858,-0.3291601538658142,-0.6378027200698853,-4.590381622314453,0.2538931369781494,3.2080917358398438
36372,95,170,30,154,170,30,46,32,-0.5292382836341858,-0.3394140601158142,-0.7999120950698853,-14.651451110839844,3.8569464683532715,-13.982748031616211
36373,99,170,30,80,170,30,47,28,-1.023378849029541,-0.2263769507408142,-0.6885839700698853,1.2416794300079346,20.498167037963867,-6.623969554901123
36374,86,170,30,27,170,30,47,59,-0.7987695336341858,-0.3394140601158142,-0.7169042825698853,-30.666717529296875,-7.456030368804932,-20.914047241210938
36375,28,170,30,7,170,30,51,277,-0.4555078148841858,-0.6431249976158142,-0.5328222513198853,162.99740600585938,41.59740447998047,-73.24992370605469
36376,9,170,30,2,170,30,45,93,-0.7326074242591858,-0.1895117163658142,-0.6356054544448853,-35.20106887817383,-42.830078125,15.43709945678711
36377,1,170,30,2,170,30,41,83,-0.6622949242591858,-0.5132421851158142,-0.6490331888198853,-64.498779296875,-16.081985473632812,3.34549617767334
36378,0,170,30,0,170,30,41,57,-0.7037988305091858,-0.2942480444908142,-0.5899511575698853,-26.147632598876953,-21.257558822631836,10.200458526611328
36379,0,170,30,0,170,30,44,44,-0.6828027367591858,-0.3765234351158142,-0.6490331888198853,-9.536947250366211,27.536334991455078,-7.662137031555176
36380,0,170,30,0,170,30,42,48,-0.7658105492591858,-0.3142675757408142,-0.6119238138198853,-11.27740478515625,-22.95221519470215,14.597404479980469
36381,8,170,30,0,170,30,43,30,-0.7318750023841858,-0.3677343726158142,-0.7044531106948853,7.470687389373779,-12.4941987991333,-10.45603084564209
36382,20,170,30,9,170,30,42,23,-0.7445703148841858,-0.3027929663658142,-0.6524511575698853,-5.262137413024902,-12.585801124572754,-5.936946392059326
36383,32,170,30,24,170,30,41,8,-0.6840234398841858,-0.3484472632408142,-0.5833593606948853,4.417252063751221,-4.341526985168457,-0.18122133612632751
36384,38,170,30,41,170,30,42,16,-0.7865625023841858,-0.3799414038658142,-0.45054686069488525,8.508854866027832,2.986717700958252,4.933282375335693
36385,44,170,30,83,170,30,42,32,-0.7638574242591858,-0.3879980444908142,-0.6177831888198853,15.516488075256348,-12.585801124572754,-4.700305461883545
36386,58,170,30,150,170,30,42,21,-0.8117089867591858,-0.3850683569908142,-0.6458593606948853,-8.20870304107666,-5.685038089752197,7.6813740730285645
36387,67,170,30,199,170,30,43,5,-0.7521386742591858,-0.3528417944908142,-0.5396581888198853,1.7302290201187134,-0.6316030621528625,-3.020915985107422
36388,69,170,30,212,170,30,44,35,-0.7789941430091858,-0.3196386694908142,-0.6209570169448853,-7.384274959564209,15.841679573059082,11.803511619567871
36389,66,170,30,169,170,30,46,46,-0.7025781273841858,-0.3682226538658142,-0.5633398294448853,15.577556610107422,20.57450294494629,9.89511489868164
36390,67,170,30,120,170,30,47,7,-0.7279687523841858,-0.4690527319908142,-0.5530859231948853,5.974503993988037,0.009618282318115234,-1.8300762176513672
36391,73,170,30,118,170,30,47,6,-0.7247949242591858,-0.3962988257408142,-0.5823827981948853,0.1119084358215332,-4.21938943862915,1.81877863407135
36392,85,170,30,100,170,30,46,62,-0.6820703148841858,-0.3904394507408142,-0.6207128763198853,-39.13999938964844,11.811144828796387,-11.402595520019531
36393,89,170,30,44,170,30,46,77,-0.8082910180091858,-0.4395117163658142,-0.44371092319488525,-48.605648040771484,2.834045886993408,-25.982749938964844
36394,85,170,30,15,170,30,46,31,-0.8468652367591858,-0.3599218726158142,-0.7391210794448853,-24.19343376159668,3.979084014892578,-3.081984758377075
36395,42,170,30,4,170,30,48,134,-0.9865136742591858,-0.08331054449081421,-0.49522459506988525,22.493587493896484,70.87984466552734,-40.88351058959961
36396,14,170,30,0,170,30,48,151,-0.3454003930091858,-0.8450292944908142,-0.5845800638198853,50.40198516845703,-43.95984649658203,56.64320373535156
36397,3,170,30,3,170,30,42,33,-0.5487695336341858,-0.6477636694908142,-0.5611425638198853,-2.452977180480957,-28.051450729370117,-3.1430532932281494
36398,0,170,30,6,170,30,41,83,-0.5949121117591858,-0.6008886694908142,-0.5545507669448853,-63.91862487792969,6.91038179397583,12.719541549682617
36399,0,170,30,6,170,30,43,51,-0.6954980492591858,-0.4009374976158142,-0.5670019388198853,-23.49114418029785,14.742443084716797,13.009618759155273
36400,5,170,30,9,170,30,43,33,-0.7431054711341858,-0.2771582007408142,-0.5980077981948853,-14.666717529296875,5.566870212554932,13.009618759155273
36401,39,170,30,27,170,30,42,74,-0.7907128930091858,-0.1816992163658142,-0.7569433450698853,12.43251895904541,-36.08198547363281,-25.76900863647461
36402,66,170,30,54,170,30,40,45,-0.6933007836341858,-0.2266210913658142,-0.6946874856948853,-12.101832389831543,-16.12778663635254,-17.44839859008789
36403,74,170,30,75,170,30,41,5,-0.7223535180091858,-0.3599218726158142,-0.5977636575698853,1.7149617671966553,-0.6621374487876892,-3.3873281478881836
36404,75,170,30,108,170,30,42,12,-0.7887597680091858,-0.2180761694908142,-0.37413084506988525,7.195878028869629,-3.975114583969116,1.467633605003357
36405,78,170,30,157,170,30,41,94,-0.6867089867591858,-0.5115332007408142,-0.5508886575698853,73.48595428466797,-14.204122543334961,-6.66977071762085
36406,79,170,30,185,170,30,42,9,-0.5836816430091858,-0.3113378882408142,-0.5882421731948853,5.226412296295166,3.9332823753356934,-0.5934350490570068
36407,80,170,30,196,170,30,42,5,-0.7123437523841858,-0.4138769507408142,-0.47984373569488525,0.9974045753479004,-3.5018320083618164,0.8264122009277344
36408,83,170,30,179,170,30,44,33,-0.6813378930091858,-0.2339453101158142,-0.5211035013198853,0.7378625869750977,24.421831130981445,8.536335945129395
36410,78,170,30,123,170,30,47,33,-0.7230859398841858,-0.4089941382408142,-0.5506445169448853,4.371450424194336,16.879846572875977,11.971450805664062
36411,77,170,30,87,170,30,47,3,-0.7123437523841858,-0.4680761694908142,-0.5184179544448853,1.3485496044158936,2.085954189300537,-0.3033587634563446
36412,81,170,30,70,170,30,47,28,-0.6334863305091858,-0.4363378882408142,-0.5162206888198853,-18.987327575683594,7.215725421905518,-2.08961820602417
36413,86,170,30,44,170,30,47,43,-0.6154199242591858,-0.3567480444908142,-0.6710058450698853,-32.37664031982422,6.956183433532715,3.8493130207061768
36414,104,170,30,26,170,30,47,51,-1.013857364654541,-0.3723730444908142,-0.5428320169448853,-35.73542022705078,11.169923782348633,-4.66977071762085
36415,110,170,30,19,170,30,47,9,-0.7025781273841858,-0.4329199194908142,-0.6461035013198853,-2.5751147270202637,5.597404479980469,-0.9903815984725952
36416,53,170,30,6,170,30,52,248,-0.9591699242591858,-0.1765722632408142,-0.5853124856948853,5.5317559242248535,173.87222290039062,-68.79190826416016
36417,15,170,30,0,170,30,61,224,-0.1776757836341858,-0.7097753882408142,-0.6834570169448853,108.03557586669922,102.48290252685547,-14.45603084564209
36418,4,170,30,0,170,30,57,109,-0.1454492211341858,-0.7478613257408142,-0.7027441263198853,-0.07129770517349243,22.07068634033203,87.52870178222656
36419,0,170,30,0,170,30,51,208,-0.7785058617591858,-0.04791015759110451,-0.7261816263198853,-149.5369415283203,25.246257781982422,33.345497131347656
36420,0,170,30,0,170,30,51,125,-0.4613671898841858,-0.4961523413658142,-0.8265234231948853,107.91343688964844,13.826412200927734,-4.211755752563477
36421,0,170,30,0,170,30,49,139,-0.3903222680091858,-0.4880957007408142,-0.7188574075698853,86.90579986572266,26.25389289855957,26.582136154174805
