timestamp,tipPressure,tipUpperRange,tipLowerRange,fingerPressure,fingerUpperRange,fingerLowerRange,angle,writtingSpeed,accX,accY,accZ,gyroX,gyroY,gyroZ
2134,140,170,30,572,170,30,42,26,-0.7365136742591858,-0.2898535132408142,-0.8502050638198853,20.14244270324707,-2.4636640548706055,-3.6774044036865234
2135,152,170,30,625,170,30,42,10,-0.7225976586341858,0.019960936158895493,-0.7430273294448853,-6.483511447906494,0.4065648913383484,3.376030683517456
2136,154,170,30,654,170,30,42,1,-0.7228417992591858,0.03778320178389549,-0.7676855325698853,0.2645801901817322,-0.14305344223976135,1.1928244829177856
2137,156,170,30,622,170,30,43,7,-0.7228417992591858,0.019228514283895493,-0.7610937356948853,4.0966410636901855,0.19282442331314087,-2.8987786769866943
2138,157,170,30,586,170,30,43,12,-0.7118554711341858,0.030703123658895493,-0.7476660013198853,-7.155267238616943,1.0783205032348633,4.078320503234863
2139,149,170,30,604,170,30,42,32,-0.7621484398841858,0.1862207055091858,-0.7886816263198853,11.01267147064209,-7.36442756652832,-14.349160194396973
2140,168,170,30,681,170,30,42,28,-0.7604394555091858,0.1727929711341858,-0.7877050638198853,-15.96442699432373,-3.1506869792938232,-8.959847450256348
2141,209,170,30,781,170,30,42,88,-0.7348046898841858,0.12445312738418579,-0.6790624856948853,-68.4529800415039,3.307328224182129,17.00961685180664
2142,237,170,30,852,170,30,41,26,-0.7435937523841858,-0.05108398571610451,-0.6717382669448853,-22.23923683166504,1.4294655323028564,2.872213840484619
2143,240,170,30,884,170,30,42,9,-0.7455468773841858,-0.08794921636581421,-0.7369238138198853,-6.956793785095215,0.024885475635528564,-2.059083938598633
2144,231,170,30,886,170,30,42,28,-0.7914453148841858,0.1740136742591858,-0.7818456888198853,-16.43770980834961,-2.952213764190674,-8.929312705993652
2145,200,170,30,851,170,30,42,25,-0.7445703148841858,-0.1465429663658142,-0.7169042825698853,-16.63618278503418,1.9332823753356934,6.582137584686279
2146,160,170,30,798,170,30,42,4,-0.7382226586341858,0.031191404908895493,-0.7745214700698853,-0.2697709798812866,0.7577099204063416,-3.738473415374756
2147,104,170,30,724,170,30,43,79,-0.8065820336341858,0.2684960961341858,-0.7288671731948853,-25.3995418548584,-10.707939147949219,43.055419921875
2148,29,170,30,433,170,30,52,235,-0.4721093773841858,-0.3135351538658142,-0.9527441263198853,118.23404693603516,89.23099517822266,-27.738473892211914
2151,0,170,30,169,170,30,39,49,-0.6925683617591858,-0.08379882574081421,-0.6658788919448853,-24.37664031982422,-11.65450382232666,-13.372060775756836
2152,0,170,30,160,170,30,40,19,-0.7672753930091858,0.1850000023841858,-0.6099706888198853,8.0508394241333,10.92564868927002,0.8722137212753296
2153,0,170,30,181,170,30,41,11,-0.7240625023841858,-0.0027441419661045074,-0.7188574075698853,-2.2239694595336914,-2.2499237060546875,7.4676337242126465
2154,0,170,30,233,170,30,41,60,-0.6517968773841858,-0.04595703259110451,-0.7789160013198853,-19.949159622192383,-24.906414031982422,15.864580154418945
2155,23,170,30,400,170,30,42,16,-0.7453027367591858,-0.022031251341104507,-0.8143163919448853,5.012671947479248,3.521068572998047,7.543969631195068
2156,73,170,30,573,170,30,43,20,-0.7475000023841858,0.04144531115889549,-0.7427831888198853,-10.330840110778809,0.5134350657463074,9.89511489868164
2157,145,170,30,771,170,30,42,31,-0.7225976586341858,-0.8953222632408142,-0.7791601419448853,19.791297912597656,-5.394961833953857,6.1088547706604
2158,197,170,30,928,170,30,42,27,-0.7492089867591858,0.1847558617591858,-0.7095800638198853,-2.0865650177001953,-1.7461068630218506,-23.799543380737305
2159,224,170,30,1027,170,30,42,36,-0.7543359398841858,0.11932617425918579,-0.7689062356948853,-9.155267715454102,-5.08961820602417,-22.196489334106445
2160,236,170,30,1058,170,30,43,29,-0.7687402367591858,0.04461913928389549,-0.7005468606948853,-27.79648780822754,1.5363359451293945,-0.0590839684009552
2161,226,170,30,1037,170,30,42,38,-0.7536035180091858,-1.114316463470459,-0.8245702981948853,-15.07893180847168,-10.478931427001953,13.284427642822266
2162,205,170,30,1015,170,30,42,49,-0.7067285180091858,-0.07403320074081421,-0.6087499856948853,4.081374168395996,-10.662137031555176,-34.944580078125
2163,193,170,30,1013,170,30,43,52,-0.9039941430091858,0.2789941430091858,-0.9141699075698853,-21.109464645385742,-8.723206520080566,-22.80717658996582
2164,192,170,30,1005,170,30,43,18,-0.8058496117591858,-0.6567968726158142,-0.7400976419448853,-8.727787017822266,-4.188855171203613,-5.387328147888184
2165,181,170,30,985,170,30,44,13,-0.7706933617591858,-0.06817382574081421,-0.6800390481948853,6.539389610290527,1.5821373462677002,5.727175712585449
2166,158,170,30,918,170,30,45,5,-0.7611718773841858,0.07440429925918579,-0.6883398294448853,-1.2468701601028442,1.3989312648773193,2.841679334640503
2167,92,170,30,761,170,30,46,92,-0.8578515648841858,0.09955078363418579,-0.7181249856948853,-28.498777389526367,3.872213840484619,59.879844665527344
2168,25,170,30,452,170,30,57,315,-0.4916406273841858,-0.2866796851158142,-0.7879492044448853,158.00503540039062,129.7500762939453,-27.601070404052734
2169,7,170,30,232,170,30,53,165,-0.4833398461341858,-0.2295507788658142,-1.0211035013198853,-10.422443389892578,-48.92168045043945,106.50579833984375
2170,0,170,30,100,170,30,47,115,-0.5912500023841858,-0.2725195288658142,-0.8199316263198853,12.783663749694824,-72.1583251953125,30.963815689086914
2171,0,170,30,38,170,30,41,61,-0.6017480492591858,-0.2964453101158142,-0.7034765481948853,5.3180155754089355,-46.78427505493164,-9.799541473388672
2172,0,170,30,13,170,30,39,34,-0.6786523461341858,-0.0022558607161045074,-0.7955175638198853,-7.933892726898193,2.1164886951446533,-24.0438175201416
2173,0,170,30,2,170,30,40,40,-0.8737207055091858,-0.05694336071610451,-0.8907324075698853,-21.659082412719727,10.299695014953613,8.38366413116455
2174,0,170,30,0,170,30,42,42,-0.6752343773841858,-0.06866210699081421,-0.8004003763198853,13.623358726501465,26.5134334564209,1.9867175817489624
2175,0,170,30,0,170,30,41,59,-0.6632714867591858,0.013124998658895493,-0.6607519388198853,-10.269771575927734,-16.616336822509766,32.97908401489258
2176,0,170,30,4,170,30,40,77,-0.5809960961341858,0.06146484240889549,-0.47496092319488525,43.821834564208984,-7.578167915344238,-26.013282775878906
2177,0,170,30,24,170,30,39,35,-0.7311425805091858,-0.05938476696610451,-0.7051855325698853,10.539388656616211,-22.417863845825195,2.979084014892578
2178,0,170,30,45,170,30,40,32,-0.7597070336341858,-0.06744140386581421,-0.6551367044448853,-11.048397064208984,-9.65450382232666,11.6050386428833
2179,0,170,30,59,170,30,41,13,-0.7128320336341858,0.05633788928389549,-0.6570898294448853,3.8523664474487305,7.994351387023926,2.1088550090789795
2180,11,170,30,97,170,30,42,72,-0.8168359398841858,-0.1421484351158142,-0.7501074075698853,-25.109464645385742,4.34549617767334,42.841678619384766
2181,64,170,30,174,170,30,43,37,-0.7457910180091858,-0.3291601538658142,-0.6546484231948853,17.501222610473633,12.34549617767334,7.650839805603027
2182,75,170,30,272,170,30,44,10,-0.7435937523841858,-0.2454199194908142,-0.7398535013198853,-3.491145133972168,0.6966411471366882,6.215725421905518
2183,108,170,30,383,170,30,44,26,-0.7421289086341858,-0.2529882788658142,-0.40684568881988525,-1.4911450147628784,-8.677404403686523,-15.936945915222168
2184,145,170,30,534,170,30,42,50,-0.7811914086341858,0.4608789086341858,-0.9205175638198853,0.3103817105293274,-15.471297264099121,-34.761375427246094
2185,164,170,30,631,170,30,42,56,-0.8002343773841858,-0.3330664038658142,-0.49058592319488525,2.585190773010254,-16.631603240966797,-37.540000915527344
2186,169,170,30,714,170,30,42,59,-0.7140527367591858,-0.1323828101158142,-0.5999609231948853,12.081374168395996,-15.257556915283203,-31.982749938964844
2187,163,170,30,761,170,30,43,3,-0.7780175805091858,-0.1665624976158142,-0.6570898294448853,-2.636183261871338,-0.02091604471206665,1.2386260032653809
2188,126,170,30,726,170,30,44,19,-0.7731347680091858,-0.2056249976158142,-0.6741796731948853,-15.201069831848145,1.4905343055725098,2.4600000381469727
2189,98,170,30,671,170,30,45,21,-0.7719140648841858,-0.1543554663658142,-0.6773535013198853,-11.65908432006836,1.9943511486053467,7.513435363769531
2190,89,170,30,625,170,30,45,20,-0.7204003930091858,-0.12286132574081421,-0.5494238138198853,-12.941527366638184,-0.4483969807624817,-6.883511543273926
2191,49,170,30,531,170,30,46,58,-1.012392520904541,0.10101562738418579,-0.35704100131988525,-26.346105575561523,24.9561824798584,-6.7461066246032715
2192,13,170,30,295,170,30,54,142,-0.5477929711341858,-0.4507421851158142,-0.7942968606948853,59.40961837768555,22.788244247436523,59.879844665527344
2193,2,170,30,132,170,30,48,19,-0.9093652367591858,0.2777734398841858,-0.6558691263198853,11.745495796203613,6.376030445098877,1.284427523612976
2194,0,170,30,70,170,30,46,37,-0.6669335961341858,-0.2017187476158142,-0.8006445169448853,2.661526679992676,19.169921875,-15.402595520019531
2195,0,170,30,41,170,30,46,64,-0.7953515648841858,0.03607421740889549,-0.7105566263198853,-40.77358627319336,9.398931503295898,14.001984596252441
2197,0,170,30,27,170,30,47,31,-0.7216210961341858,-0.04400390759110451,-0.7762304544448853,-10.223969459533691,10.116488456726074,10.689007759094238
2198,0,170,30,18,170,30,47,10,-0.7482324242591858,0.016054686158895493,-0.7603613138198853,-7.048396587371826,1.7806107997894287,-1.9369466304779053
2199,0,170,30,13,170,30,46,15,-0.7345605492591858,0.06219726428389549,-0.7142187356948853,-6.422442436218262,1.4600000381469727,7.2538933753967285
2200,0,170,30,10,170,30,46,27,-0.7116113305091858,0.04535156115889549,-0.7376562356948853,-5.628549575805664,-8.23465633392334,13.864580154418945
2201,26,170,30,29,170,30,46,44,-0.7333398461341858,0.10321289300918579,-0.8184667825698853,35.714962005615234,-4.097251892089844,-4.196488380432129
2202,75,170,30,122,170,30,44,59,-0.7030664086341858,0.4972558617591858,-0.7122656106948853,15.3943510055542,-12.967480659484863,-30.852977752685547
2203,115,170,30,247,170,30,43,41,-0.8864160180091858,-0.2190527319908142,-0.6727148294448853,-4.086564540863037,-12.03618335723877,-25.64687156677246
2204,136,170,30,366,170,30,42,57,-0.8349023461341858,0.2809472680091858,-0.8187109231948853,-20.07129669189453,-12.753740310668945,-24.898778915405273
2205,133,170,30,434,170,30,43,30,-0.7579980492591858,-0.05328125134110451,-0.7217870950698853,-22.63618278503418,3.7958779335021973,4.1088547706604
2206,74,170,30,366,170,30,44,165,-0.9401269555091858,-0.06377929449081421,-0.49205076694488525,-79.39954376220703,11.307328224182129,74.64320373535156
2207,20,170,30,230,170,30,51,92,-0.5412011742591858,-0.2734960913658142,-0.8985449075698853,63.10427474975586,21.6126708984375,7.803511619567871
2208,5,170,30,184,170,30,46,47,-0.6774316430091858,-0.026669923216104507,-0.7864843606948853,23.54702377319336,-17.379695892333984,-6.547633647918701
2209,0,170,30,168,170,30,44,25,-0.5890527367591858,-0.1289648413658142,-0.8455663919448853,8.356183052062988,6.589770793914795,10.887480735778809
2210,0,170,30,148,170,30,42,47,-0.7838769555091858,0.05609374865889549,-0.7066503763198853,-27.87282371520996,-11.089618682861328,8.948549270629883
2211,0,170,30,138,170,30,42,40,-0.6640039086341858,-0.11529296636581421,-0.7879492044448853,6.554656505584717,-9.425496101379395,24.963815689086914
2212,0,170,30,136,170,30,42,22,-0.7482324242591858,0.014101561158895493,-0.6358495950698853,7.730229377746582,9.169923782348633,5.91038179397583
2213,35,170,30,207,170,30,43,47,-0.5944238305091858,0.030458983033895493,-0.7540136575698853,20.00503921508789,-6.341526508331299,-21.234657287597656
2214,84,170,30,376,170,30,42,55,-0.7599511742591858,-0.1553320288658142,-0.5652929544448853,1.5470229387283325,-13.27282428741455,-40.74610900878906
2215,125,170,30,543,170,30,41,61,-0.6354394555091858,0.11053711175918579,-0.8257910013198853,-17.460609436035156,-13.211755752563477,-30.883512496948242
2216,118,170,30,560,170,30,42,16,-0.7191796898841858,-0.07867187261581421,-0.7161718606948853,-13.994961738586426,-0.4941985011100769,2.276793956756592
2217,37,170,30,270,170,30,48,284,-0.4179101586341858,-0.11968749761581421,-0.9305273294448853,85.0584716796875,112.80351257324219,-86.42549896240234
2218,11,170,30,120,170,30,46,69,-0.4291406273841858,-0.06475585699081421,-0.8084570169448853,-27.246870040893555,6.589770793914795,-36.0743522644043
2219,2,170,30,60,170,30,41,89,-0.7641015648841858,-0.030087891966104507,-0.6959081888198853,-9.979695320129395,-69.5018310546875,9.681374549865723
2220,0,170,30,39,170,30,41,20,-0.9135156273841858,-0.1455664038658142,-0.6509863138198853,-0.666717529296875,-4.539999961853027,15.070687294006348
2221,0,170,30,36,170,30,42,28,-0.6239648461341858,-0.11504882574081421,-0.8436132669448853,7.6386260986328125,8.34549617767334,-12.45603084564209
2222,0,170,30,27,170,30,42,26,-0.6478906273841858,-0.1289648413658142,-0.7610937356948853,-11.842290878295898,9.582137107849121,5.498167991638184
2223,0,170,30,21,170,30,42,22,-0.7518945336341858,0.009951170533895493,-0.7488867044448853,-16.31557273864746,-4.158320903778076,2.2157251834869385
2224,0,170,30,23,170,30,42,12,-0.7423730492591858,-0.05523437634110451,-0.7244726419448853,5.272213935852051,-4.387328147888184,-3.081984758377075
2225,0,170,30,23,170,30,42,13,-0.7348046898841858,0.013369139283895493,-0.7737890481948853,-12.300305366516113,0.8035114407539368,0.32259541749954224
2226,0,170,30,16,170,30,42,18,-0.7145410180091858,-0.0015234388411045074,-0.7691503763198853,-8.056031227111816,9.093587875366211,-1.2957251071929932
2227,0,170,30,11,170,30,42,34,-0.6754785180091858,-0.03838867321610451,-0.7857519388198853,-27.85755729675293,-6.555267333984375,-0.21175572276115417
2228,0,170,30,9,170,30,41,27,-0.6339746117591858,-0.05181640759110451,-0.8243261575698853,-3.2316031455993652,-20.12778663635254,-4.608702182769775
2229,28,170,30,42,170,30,42,22,-0.7658105492591858,-0.04302734509110451,-0.8182226419448853,9.989770889282227,2.085954189300537,10.612671852111816
2230,95,170,30,304,170,30,40,134,-0.7689843773841858,-0.6140722632408142,-0.8150488138198853,79.79129791259766,-29.532367706298828,25.13175392150879
2231,146,170,30,614,170,30,40,45,-0.5348535180091858,-0.09478515386581421,-0.6387792825698853,25.867633819580078,-15.791908264160156,3.4981679916381836
2232,156,170,30,778,170,30,40,11,-0.7284570336341858,-0.04766601696610451,-0.7256933450698853,1.562290072441101,3.337862730026245,-6.410229206085205
2233,67,170,30,619,170,30,45,229,-0.9396386742591858,0.3051171898841858,-0.6983495950698853,61.02793884277344,109.2157211303711,-59.26519012451172
2234,22,170,30,428,170,30,47,47,-0.4799218773841858,-0.2302832007408142,-0.6614843606948853,16.52412223815918,-20.12778663635254,10.96381664276123
2235,6,170,30,277,170,30,42,77,-0.9767480492591858,-0.3418554663658142,-1.1131445169448853,-22.544580459594727,34.4828987121582,20.536334991455078
2236,0,170,30,177,170,30,40,68,-0.8505273461341858,0.1437402367591858,-0.8248144388198853,-62.95679473876953,3.7042746543884277,-2.2422900199890137
2237,0,170,30,114,170,30,40,38,-0.7743554711341858,0.1347070336341858,-0.7156835794448853,-14.620916366577148,10.406564712524414,-13.967480659484863
2238,2,170,30,88,170,30,39,26,-0.7955957055091858,0.022890623658895493,-1.1270605325698853,-9.063664436340332,3.76534366607666,13.528702735900879
2239,60,170,30,180,170,30,40,31,-0.6283593773841858,0.11712890863418579,-0.7100683450698853,1.5928244590759277,-4.4636640548706055,25.788244247436523
2240,153,170,30,531,170,30,39,27,-0.3910546898841858,0.11273437738418579,-0.45665037631988525,5.256946563720703,-14.81480884552002,-7.616335868835449
2241,198,170,30,759,170,30,39,21,-0.7423730492591858,-0.05279297009110451,-0.7691503763198853,-16.697250366210938,2.1470229625701904,2.6126718521118164
2242,117,170,30,723,170,30,41,73,-0.9323144555091858,-0.04644531384110451,-0.5171972513198853,-5.796488285064697,34.4828987121582,-33.41786193847656
2243,33,170,30,513,170,30,47,43,-0.5658593773841858,-0.4065527319908142,-0.8790136575698853,25.531755447387695,-4.494198322296143,13.299695014953613
2244,10,170,30,434,170,30,42,51,-0.5543847680091858,-0.2417578101158142,-0.8240820169448853,-4.758320331573486,-35.18122100830078,11.406564712524414
2245,1,170,30,413,170,30,40,64,-0.6891503930091858,-0.1838964819908142,-0.7327734231948853,-38.51404571533203,-17.257558822631836,8.689007759094238
2246,0,170,30,385,170,30,40,36,-0.6766992211341858,-0.1267675757408142,-0.7789160013198853,-29.49114418029785,1.3989312648773193,5.131755828857422
2247,0,170,30,335,170,30,41,14,-0.8351464867591858,0.030214842408895493,-0.9981542825698853,-9.216336250305176,0.5897709727287292,-4.761373996734619
2248,52,170,30,384,170,30,42,20,-0.7811914086341858,0.06781250238418579,-0.7764745950698853,-7.460610866546631,5.154656410217285,7.559236526489258
2249,133,170,30,660,170,30,41,53,-0.9745507836341858,-0.3396582007408142,-0.9549413919448853,27.974504470825195,-20.662137985229492,5.040152549743652
2250,186,170,30,798,170,30,41,23,-0.7641015648841858,-0.1272558569908142,-0.6558691263198853,-13.048397064208984,7.4294657707214355,-2.8987786769866943
2251,112,170,30,633,170,30,43,75,-1.023378849029541,0.05243163928389549,-0.38047850131988525,-41.399539947509766,23.185190200805664,11.25389289855957
2252,34,170,30,314,170,30,46,88,-0.6613183617591858,-0.2214941382408142,-0.7379003763198853,1.7149617671966553,-44.494197845458984,42.47526550292969
2253,10,170,30,193,170,30,42,34,-0.6513085961341858,-0.1619238257408142,-0.7584081888198853,-8.956793785095215,-12.692671775817871,12.85694694519043
2254,0,170,30,139,170,30,42,73,-0.7257714867591858,-0.03545898571610451,-0.7693945169448853,-45.41481018066406,15.292060852050781,-12.837709426879883
2255,0,170,30,97,170,30,42,41,-0.7316308617591858,-0.10625976324081421,-0.7737890481948853,-10.468244552612305,-25.16595458984375,5.513435363769531
2256,50,170,30,208,170,30,42,39,-0.7492089867591858,-0.11968749761581421,-0.7610937356948853,26.295114517211914,-3.1506869792938232,10.368396759033203
2257,146,170,30,549,170,30,40,93,-0.8678613305091858,0.2457910180091858,-0.8099218606948853,52.997406005859375,-38.46366500854492,2.154656410217285
2258,223,170,30,795,170,30,39,16,-0.7389550805091858,-0.1492285132408142,-0.7061620950698853,2.0355725288391113,-10.14305305480957,-4.0743513107299805
2260,242,170,30,917,170,30,39,9,-0.7865625023841858,-0.1577734351158142,-0.6260839700698853,0.06610685586929321,-0.875877857208252,8.41419792175293
2261,155,170,30,769,170,30,43,110,-0.9335351586341858,-0.3689550757408142,-0.6807714700698853,-69.67434692382812,12.83404541015625,27.681373596191406
2262,49,170,30,595,170,30,46,91,-0.6683984398841858,-0.08282226324081421,-0.6321874856948853,49.333282470703125,-23.501832962036133,-18.471298217773438
2263,15,170,30,561,170,30,43,35,-0.6437402367591858,-0.2866796851158142,-0.6722265481948853,6.279847621917725,-15.990381240844727,-13.158320426940918
2264,2,170,30,521,170,30,43,55,-0.6928125023841858,-0.3296484351158142,-0.6429296731948853,-45.124732971191406,-8.81480884552002,-1.2041220664978027
2265,11,170,30,532,170,30,45,29,-0.7597070336341858,-0.2202734351158142,-0.5572363138198853,12.066106796264648,11.414198875427246,-5.967480659484863
2266,79,170,30,787,170,30,44,68,-0.9081445336341858,-0.028134766966104507,-0.9774023294448853,35.776031494140625,-27.914047241210938,-5.173587799072266
2267,155,170,30,1039,170,30,43,58,-0.8602929711341858,-0.6990332007408142,-1.0345312356948853,25.76076316833496,-5.349160194396973,27.223358154296875
2268,181,170,30,1140,170,30,43,25,-0.7899804711341858,-0.2151464819908142,-0.5254980325698853,-12.926259994506836,-2.982748031616211,9.452366828918457
2269,108,170,30,960,170,30,45,73,-0.9176660180091858,-0.3467382788658142,-0.47666990756988525,-42.681983947753906,11.780611038208008,18.566869735717773
2270,32,170,30,497,170,30,51,160,-0.4472070336341858,-0.5007910132408142,-0.8416601419448853,-110.81938934326172,25.139389038085938,25.00961685180664
2271,9,170,30,215,170,30,49,109,-0.6410546898841858,0.07489258050918579,-0.6097265481948853,-27.445343017578125,-45.730838775634766,35.9256477355957
2272,1,170,30,101,170,30,47,31,-0.9667382836341858,0.09955078363418579,-0.5169531106948853,-1.613282322883606,-3.517099142074585,26.03251838684082
2273,0,170,30,57,170,30,47,55,-0.8507714867591858,0.07220703363418579,-0.5818945169448853,-17.21633529663086,4.605038166046143,33.69664001464844
2274,0,170,30,42,170,30,47,23,-0.6622949242591858,-0.1314062476158142,-0.7693945169448853,-19.49114418029785,-1.0438168048858643,-2.5629007816314697
2275,0,170,30,38,170,30,45,59,-0.6613183617591858,-0.011533204466104507,-0.8658300638198853,-13.491145133972168,-22.982749938964844,22.62793731689453
2276,38,170,30,93,170,30,46,78,-0.4479394555091858,-0.07208007574081421,-0.8170019388198853,-22.697250366210938,9.108855247497559,-47.1888542175293
2277,94,170,30,231,170,30,45,76,-0.7816796898841858,-0.10625976324081421,-0.6343847513198853,21.394351959228516,-17.196489334106445,-38.30335998535156
2278,120,170,30,488,170,30,44,51,-0.8480859398841858,-0.1890234351158142,-0.7877050638198853,-9.063664436340332,-4.524733066558838,37.80350875854492
2279,125,170,30,714,170,30,44,74,-0.7804589867591858,0.2565332055091858,-0.8616796731948853,-34.75831985473633,9.887480735778809,29.39129638671875
2280,108,170,30,697,170,30,46,49,-0.9171777367591858,-0.05938476696610451,-0.7774511575698853,-36.239234924316406,12.406564712524414,1.0248855352401733
2281,96,170,30,541,170,30,47,42,-0.7501855492591858,0.11273437738418579,-0.6390234231948853,-9.27740478515625,5.383664131164551,-27.982749938964844
2282,83,170,30,440,170,30,46,36,-0.7370019555091858,-0.008115235716104507,-0.6880956888198853,9.333282470703125,-10.936946868896484,-16.0438175201416
2283,26,170,30,341,170,30,49,80,-0.6942773461341858,-0.1690039038658142,-0.7708593606948853,53.760765075683594,24.2691593170166,-2.8529770374298096
2284,7,170,30,270,170,30,46,58,-0.6193261742591858,-0.10259765386581421,-0.8235937356948853,24.814199447631836,-20.249923706054688,13.513435363769531
2285,0,170,30,249,170,30,44,41,-0.7570214867591858,-0.07354491949081421,-0.6685644388198853,10.111907958984375,-13.07435131072998,18.59740447998047
2286,0,170,30,249,170,30,44,68,-0.6830468773841858,-0.09234374761581421,-0.7503515481948853,-42.40717315673828,-5.120152473449707,20.475265502929688
2287,3,170,30,312,170,30,45,12,-0.7252832055091858,-0.1370214819908142,-0.6924902200698853,4.447786331176758,2.589771032333374,5.727175712585449
2288,40,170,30,433,170,30,45,51,-0.5668359398841858,-0.10308593511581421,-0.6107031106948853,28.76839828491211,-1.3491603136062622,-21.280458450317383
2289,121,170,30,646,170,30,44,146,-1.017763614654541,-0.10723632574081421,-0.8726660013198853,52.554656982421875,-33.80717468261719,-60.2575569152832
2290,160,170,30,941,170,30,42,59,-0.7958398461341858,-0.03863281384110451,-0.8541113138198853,29.776031494140625,-18.40259552001953,-10.990381240844727
2291,157,170,30,1098,170,30,44,81,-1.339540958404541,0.3764062523841858,-0.5281835794448853,-18.025495529174805,29.108854293823242,34.27679443359375
2292,139,170,30,1016,170,30,46,91,-0.7201562523841858,-0.2588476538658142,-0.5406347513198853,-40.25450134277344,24.940916061401367,25.895112991333008
2293,144,170,30,740,170,30,46,40,-0.7890039086341858,-0.12383788824081421,-0.7872167825698853,-1.0636640787124634,-12.173587799072266,-27.44839859008789
2294,81,170,30,488,170,30,47,109,-1.000673770904541,0.04095702990889549,-0.33946287631988525,24.676794052124023,67.76534271240234,-16.715574264526367
2295,25,170,30,254,170,30,49,54,-0.7074609398841858,-0.2161230444908142,-0.6480566263198853,-11.598015785217285,-4.188855171203613,38.6126708984375
2296,7,170,30,127,170,30,46,61,-0.6354394555091858,-0.1848730444908142,-0.7230077981948853,-13.628549575805664,-15.623969078063965,32.047786712646484
2297,0,170,30,71,170,30,44,45,-0.7035546898841858,-0.2073339819908142,-0.7476660013198853,-25.078929901123047,2.1164886951446533,18.49053382873535
2298,0,170,30,48,170,30,45,36,-0.7926660180091858,-0.04522461071610451,-0.7005468606948853,-12.498779296875,5.719542026519775,18.73480796813965
2299,0,170,30,54,170,30,44,41,-0.7040429711341858,-0.10699218511581421,-0.7713476419448853,16.111907958984375,-5.547633647918701,19.543968200683594
2300,25,170,30,87,170,30,45,40,-1.044863224029541,-0.014951173216104507,-0.6829687356948853,-16.422441482543945,0.6355724930763245,-23.631603240966797
2301,66,170,30,202,170,30,44,99,-0.7619042992591858,-0.2622656226158142,-0.6036230325698853,28.615726470947266,-20.40259552001953,-50.92931365966797
2302,73,170,30,350,170,30,44,111,-0.6903710961341858,-0.2493261694908142,-0.37657225131988525,-3.9644274711608887,33.398929595947266,74.32259368896484
2303,55,170,30,387,170,30,45,60,-0.6828027367591858,0.05951171740889549,-0.7669531106948853,-18.483510971069336,18.482900619506836,23.528701782226562
2304,52,170,30,268,170,30,46,64,-0.8700585961341858,-0.11919921636581421,-0.5203710794448853,7.302748203277588,-1.1659542322158813,-55.81481170654297
2305,51,170,30,194,170,30,45,40,-0.7594628930091858,-0.2688574194908142,-0.7479101419448853,5.776030540466309,-19.60870361328125,-15.372060775756836
2306,18,170,30,135,170,30,47,79,-0.7301660180091858,-0.2546972632408142,-0.7017675638198853,47.98977279663086,24.803510665893555,-6.211755752563477
2307,4,170,30,87,170,30,48,29,-0.6908593773841858,-0.2151464819908142,-0.7276464700698853,4.768396854400635,5.169923782348633,19.345495223999023
2308,0,170,30,54,170,30,47,17,-0.6810937523841858,-0.2400488257408142,-0.7557226419448853,0.9363359212875366,-2.5399999618530273,14.353129386901855
2309,0,170,30,42,170,30,45,47,-0.7216210961341858,-0.1492285132408142,-0.7183691263198853,-5.384274482727051,-11.013282775878906,30.841678619384766
2310,0,170,30,40,170,30,45,77,-0.6369042992591858,-0.1575292944908142,-0.8209081888198853,-49.048397064208984,-5.975114345550537,22.81114387512207
2311,21,170,30,55,170,30,46,33,-0.8024316430091858,-0.06353515386581421,-0.7911230325698853,-9.002595901489258,5.47526741027832,-19.310993194580078
2312,59,170,30,119,170,30,44,73,-0.8549218773841858,-0.2861914038658142,-0.5428320169448853,12.600458145141602,-24.631603240966797,-35.84534454345703
2313,72,170,30,261,170,30,43,64,-0.6618066430091858,-0.2937597632408142,-0.8253027200698853,-5.017862319946289,8.742443084716797,50.53633499145508
2314,71,170,30,343,170,30,44,59,-0.6171289086341858,0.04559570178389549,-0.6902929544448853,-32.544578552246094,20.39129638671875,6.246259689331055
2315,83,170,30,232,170,30,45,74,-0.9140039086341858,-0.06524413824081421,-0.6868749856948853,27.882902145385742,-7.776641368865967,-38.34916305541992
2316,56,170,30,184,170,30,44,25,-0.8270898461341858,-0.1675390601158142,-0.5030370950698853,-1.5674809217453003,-16.173587799072266,7.437099456787109
2317,18,170,30,123,170,30,46,39,-0.7177148461341858,-0.1279882788658142,-0.7215429544448853,16.356184005737305,16.727174758911133,6.734809398651123
2318,5,170,30,65,170,30,46,32,-0.7438378930091858,-0.1250585913658142,-0.7176367044448853,11.379083633422852,4.879847526550293,16.505800247192383
2319,0,170,30,35,170,30,46,29,-0.7062402367591858,-0.1560644507408142,-0.7508398294448853,13.714961051940918,6.605038166046143,9.223359107971191
2320,0,170,30,28,170,30,45,83,-0.7123437523841858,-0.1299414038658142,-0.7271581888198853,31.394351959228516,-20.70793914794922,31.57450294494629
2321,0,170,30,50,170,30,44,75,-0.7233300805091858,-0.1814550757408142,-0.7398535013198853,-46.498779296875,-7.715572357177734,21.63557243347168
2322,10,170,30,98,170,30,45,32,-0.6425195336341858,-0.06597656011581421,-0.7552343606948853,-14.315572738647461,12.696640968322754,5.223358631134033
2323,47,170,30,110,170,30,45,57,-0.7394433617591858,-0.09551757574081421,-0.7806249856948853,7.699694633483887,-12.127786636352539,-37.78427505493164
2324,70,170,30,207,170,30,43,36,-0.8236718773841858,-0.1746191382408142,-0.7242285013198853,-16.300304412841797,-19.211755752563477,0.9180152416229248
2325,62,170,30,405,170,30,43,73,-0.6935449242591858,-0.1638769507408142,-0.7151952981948853,12.737862586975098,18.330228805541992,42.780609130859375
2326,61,170,30,362,170,30,45,48,-0.6915917992591858,0.1686425805091858,-0.8126074075698853,-37.3690071105957,11.444732666015625,-0.07435116171836853
2327,68,170,30,217,170,30,44,84,-0.7128320336341858,-0.11138671636581421,-0.9788671731948853,10.753129005432129,-29.898778915405273,-44.08961868286133
2328,25,170,30,133,170,30,46,89,-0.7619042992591858,-0.1741308569908142,-0.8672949075698853,16.814199447631836,42.666107177734375,-29.830078125
2329,6,170,30,62,170,30,47,67,-0.5516992211341858,-0.1975683569908142,-0.8868261575698853,-51.399539947509766,13.47526741027832,-2.333893060684204
2330,0,170,30,24,170,30,45,39,-0.6183496117591858,0.05414062365889549,-0.7125097513198853,-17.262136459350586,-7.608702182769775,-14.211755752563477
2332,0,170,30,10,170,30,43,37,-0.6972070336341858,-0.2410253882408142,-0.7237402200698853,-10.773588180541992,-14.707939147949219,-12.089618682861328
2333,0,170,30,4,170,30,41,127,-0.7113671898841858,-0.10308593511581421,-0.6893163919448853,35.2569465637207,-39.36442947387695,52.719539642333984
2334,0,170,30,12,170,30,45,71,-0.7428613305091858,-0.020810548216104507,-0.7335058450698853,21.012672424316406,44.11648941040039,6.566870212554932
2335,0,170,30,24,170,30,45,59,-0.7799707055091858,0.04486327990889549,-0.7183691263198853,15.516488075256348,8.330228805541992,36.001983642578125
2336,0,170,30,59,170,30,44,45,-0.7152734398841858,-0.018613282591104507,-0.7608495950698853,-6.452977180480957,-9.181221008300781,29.925647735595703
2337,16,170,30,164,170,30,44,39,-0.6864648461341858,0.10272461175918579,-0.7808691263198853,13.256946563720703,-6.310992240905762,-20.0438175201416
2338,75,170,30,358,170,30,42,87,-0.8956933617591858,-0.10723632574081421,-0.5430761575698853,-39.30793762207031,-9.822443008422852,-38.66977310180664
2339,54,170,30,404,170,30,44,124,-0.7941308617591858,0.1447167992591858,-0.49083006381988525,-34.07129669189453,46.4828987121582,44.001983642578125
2340,16,170,30,246,170,30,44,95,-0.5758691430091858,-0.06719726324081421,-0.9808202981948853,-41.52167892456055,-37.34916305541992,-17.020917892456055
2341,63,170,30,248,170,30,44,47,-0.9237695336341858,-0.2075781226158142,-0.6126562356948853,7.501221656799316,-14.753740310668945,25.727174758911133
2342,118,170,30,577,170,30,42,23,-0.7340722680091858,0.09906250238418579,-0.8526464700698853,3.9287023544311523,-11.85297679901123,-7.891144752502441
2343,67,170,30,582,170,30,43,62,-0.9999414086341858,0.09515625238418579,-0.5401464700698853,-7.094198226928711,45.017250061035156,-9.906412124633789
2344,19,170,30,388,170,30,47,53,-0.6671777367591858,-0.2539648413658142,-0.7254492044448853,27.852367401123047,-12.982748031616211,-12.379694938659668
2345,4,170,30,308,170,30,44,49,-0.6183496117591858,-0.3079199194908142,-0.7972265481948853,27.54702377319336,-19.272825241088867,-2.4254961013793945
2346,0,170,30,286,170,30,42,32,-0.6176171898841858,-0.1367773413658142,-0.7564550638198853,16.8447322845459,5.047786235809326,10.337862968444824
2347,0,170,30,208,170,30,42,142,-0.7099023461341858,-0.04473632946610451,-0.7794042825698853,-78.95679473876953,37.765342712402344,25.57450294494629
2348,0,170,30,125,170,30,43,48,-0.7977929711341858,0.09417968988418579,-0.7459570169448853,2.9668703079223633,-6.097251892089844,39.19282531738281
2349,0,170,30,109,170,30,43,25,-0.6718164086341858,0.10296875238418579,-0.8545995950698853,-9.384275436401367,-9.700304985046387,-6.608702182769775
2350,3,170,30,109,170,30,41,15,-0.7404199242591858,0.05023437365889549,-0.6522070169448853,12.17297649383545,1.5058016777038574,-1.5247328281402588
2351,36,170,30,169,170,30,42,35,-0.6972070336341858,-0.008847657591104507,-0.8074804544448853,9.134808540344238,-5.898778438568115,-20.7308406829834
2352,74,170,30,291,170,30,41,52,-0.8995996117591858,0.008242186158895493,-0.7449804544448853,-17.49114418029785,-10.020915985107422,-24.79191017150879
2353,32,170,30,255,170,30,43,77,-0.7177148461341858,0.07147461175918579,-0.7574316263198853,15.01267147064209,45.94854736328125,16.948549270629883
2354,9,170,30,120,170,30,42,84,-0.6627832055091858,-0.07012695074081421,-0.8060156106948853,-29.59801483154297,-39.440765380859375,15.314961433410645
2355,36,170,30,99,170,30,42,70,-0.5934472680091858,-0.2781347632408142,-0.7513281106948853,48.936336517333984,-19.639238357543945,-2.0285496711730957
2356,71,170,30,272,170,30,41,20,-0.8561425805091858,0.03558593615889549,-0.7237402200698853,-1.6285496950149536,-11.990381240844727,6.521068572998047
2357,37,170,30,326,170,30,42,57,-0.8102441430091858,0.06830078363418579,-0.7166601419448853,1.027938961982727,41.398929595947266,-15.03618335723877
2358,10,170,30,215,170,30,46,25,-0.6417871117591858,-0.2205175757408142,-0.7820898294448853,6.401984691619873,6.284427642822266,-12.700304985046387
2359,1,170,30,167,170,30,44,18,-0.6007714867591858,-0.2844824194908142,-0.8072363138198853,4.43251895904541,-7.242290019989014,7.2538933753967285
2360,0,170,30,175,170,30,43,23,-0.6693750023841858,-0.05791992321610451,-0.7767187356948853,11.027938842773438,8.162290573120117,4.047786235809326
2361,0,170,30,167,170,30,42,93,-0.7055078148841858,-0.018369141966104507,-0.7952734231948853,-53.399539947509766,-2.081984758377075,38.063053131103516
2362,0,170,30,150,170,30,42,49,-0.6444726586341858,-0.12115234136581421,-0.8155370950698853,-2.590381622314453,-8.921679496765137,37.58977127075195
2363,4,170,30,193,170,30,42,58,-0.7150292992591858,0.016054686158895493,-0.7117773294448853,-22.544580459594727,4.299694538116455,-31.26519203186035
2364,51,170,30,314,170,30,42,82,-1.014833927154541,-0.10308593511581421,-0.34214842319488525,-4.636183261871338,-13.45603084564209,-63.93695068359375
2365,44,170,30,381,170,30,41,30,-0.7013574242591858,-0.1619238257408142,-0.7090917825698853,-15.323206901550293,5.276793956756592,9.879847526550293
2366,12,170,30,245,170,30,45,44,-0.5817285180091858,-0.1875585913658142,-0.8948827981948853,7.516488552093506,14.849312782287598,21.9561824798584
2367,13,170,30,139,170,30,43,41,-0.8344140648841858,0.5065332055091858,-0.5049902200698853,37.714962005615234,-1.8987786769866943,2.337862491607666
2368,56,170,30,208,170,30,43,35,-0.9074121117591858,0.026064451783895493,-0.9424902200698853,8.875267028808594,-19.883512496948242,7.024885654449463
2369,76,170,30,399,170,30,43,17,-0.6742578148841858,-0.1257910132408142,-0.7462011575698853,-2.605648994445801,-5.65450382232666,-9.03618335723877
2370,25,170,30,290,170,30,47,152,-0.6459375023841858,-0.10381835699081421,-0.7999120950698853,60.79893112182617,52.345497131347656,-39.1888542175293
2371,8,170,30,166,170,30,46,27,-0.6974511742591858,-0.11309570074081421,-0.7574316263198853,-1.3690077066421509,-16.234657287597656,10.154656410217285
2372,0,170,30,127,170,30,43,23,-0.6515527367591858,-0.11236327886581421,-0.7894140481948853,7.37908411026001,-10.555267333984375,5.528702259063721
2373,0,170,30,113,170,30,42,4,-0.6561914086341858,-0.11578124761581421,-0.8213964700698853,-2.346107006072998,0.4523664116859436,1.9409160614013672
2374,0,170,30,66,170,30,43,43,-0.7091699242591858,-0.022031251341104507,-0.7811132669448853,-6.285037994384766,13.902748107910156,23.406564712524414
2375,0,170,30,31,170,30,42,65,-0.7225976586341858,-0.03179687634110451,-0.7747656106948853,1.8218320608139038,-28.64687156677246,34.8111457824707
2376,22,170,30,41,170,30,42,76,-0.7836328148841858,-0.10015624761581421,-0.8238378763198853,26.569923400878906,-15.349160194396973,-35.00564956665039
2377,61,170,30,118,170,30,41,112,-0.8507714867591858,-0.1306738257408142,-0.7442480325698853,-61.002593994140625,-15.379694938659668,-36.15068817138672
2378,35,170,30,114,170,30,41,55,-0.7838769555091858,0.10492187738418579,-0.7337499856948853,-20.147632598876953,12.513435363769531,23.330228805541992
2379,9,170,30,60,170,30,43,30,-0.6757226586341858,-0.12188476324081421,-0.8401952981948853,8.966870307922363,-10.601068496704102,10.719541549682617
2380,20,170,30,41,170,30,43,24,-0.7772851586341858,-0.06670898199081421,-0.6829687356948853,14.905800819396973,-0.5552672147750854,8.719541549682617
2381,68,170,30,256,170,30,42,40,-0.6791406273841858,0.07416015863418579,-0.8663183450698853,12.753129005432129,-17.135419845581055,-11.081984519958496
2382,35,170,30,255,170,30,43,133,-0.7538476586341858,0.2655664086341858,-0.8162695169448853,39.30274963378906,47.719539642333984,-46.22702407836914
2383,10,170,30,123,170,30,44,56,-0.6381250023841858,-0.2842382788658142,-0.7005468606948853,26.340917587280273,-12.967480659484863,-16.837711334228516
2384,1,170,30,69,170,30,42,22,-0.6740136742591858,-0.2212499976158142,-0.7566992044448853,5.7454962730407715,-11.181221008300781,5.452366352081299
2385,0,170,30,56,170,30,41,63,-0.7142968773841858,-0.10479491949081421,-0.7493749856948853,-27.384273529052734,-2.7384731769561768,33.620304107666016
2386,0,170,30,37,170,30,42,91,-0.6842675805091858,-0.1306738257408142,-0.7308202981948853,-52.46824264526367,15.154656410217285,23.879846572875977
2387,0,170,30,40,170,30,44,61,-0.7843652367591858,0.0018945299088954926,-0.9988867044448853,-5.689618110656738,20.238624572753906,35.45236587524414
2388,25,170,30,124,170,30,44,25,-0.7152734398841858,-0.1577734351158142,-0.7271581888198853,15.150075912475586,-3.1812212467193604,7.223358631134033
2389,73,170,30,295,170,30,42,106,-0.8048730492591858,-0.04058593884110451,-0.6050878763198853,7.776030540466309,-34.555267333984375,-64.19648742675781
2390,81,170,30,401,170,30,41,34,-0.6603417992591858,-0.1987890601158142,-0.7989355325698853,-16.727785110473633,4.437099456787109,13.116488456726074
2391,25,170,30,287,170,30,45,44,-0.5453515648841858,-0.08746093511581421,-0.8455663919448853,1.5164885520935059,30.910381317138672,11.742443084716797
2392,21,170,30,146,170,30,43,41,-0.7875390648841858,0.5575585961341858,-0.8084570169448853,24.72259521484375,-14.52473258972168,-2.0743510723114014
2393,65,170,30,239,170,30,43,43,-0.5548730492591858,0.1569238305091858,-0.46812498569488525,22.432519912719727,-14.570534706115723,6.337862491607666
2394,112,170,30,532,170,30,41,23,-0.6024804711341858,-0.1643652319908142,-0.8387304544448853,4.844732761383057,-8.29572582244873,-10.471297264099121
2395,43,170,30,350,170,30,44,122,-0.6693750023841858,-0.08355468511581421,-0.8111425638198853,35.440155029296875,49.429466247558594,-37.280460357666016
2396,13,170,30,160,170,30,41,129,-0.3859277367591858,-0.4461035132408142,-1.0066992044448853,-59.21633529663086,-24.555267333984375,-45.92168045043945
2397,2,170,30,80,170,30,38,77,-0.7450585961341858,-0.0010351575911045074,-0.6280370950698853,-35.20106887817383,-26.020917892456055,-16.059083938598633
2398,0,170,30,48,170,30,40,74,-1.090029239654541,0.2394433617591858,-0.45567381381988525,43.0737419128418,8.498167991638184,22.81114387512207
2399,0,170,30,101,170,30,42,40,-0.6698632836341858,-0.1865820288658142,-0.6819921731948853,27.455419540405273,9.658473014831543,-3.1430532932281494
2400,0,170,30,176,170,30,42,53,-0.7164941430091858,-0.1638769507408142,-0.6678320169448853,-16.223968505859375,13.032519340515137,24.29206085205078
2401,0,170,30,194,170,30,43,41,-0.8971582055091858,-0.2048925757408142,-0.7435156106948853,3.470686912536621,-3.9293129444122314,33.97145080566406
2402,0,170,30,256,170,30,43,59,-0.7418847680091858,-0.07842773199081421,-0.7354589700698853,8.14244270324707,-13.944580078125,37.4828987121582
2403,0,170,30,350,170,30,43,33,-0.7035546898841858,-0.03667968884110451,-0.7542577981948853,6.371450424194336,3.5821375846862793,23.299694061279297
2405,24,170,30,433,170,30,44,21,-0.7577539086341858,-0.024472657591104507,-0.7203222513198853,-1.0483969449996948,7.169923782348633,13.25389289855957
2406,94,170,30,559,170,30,43,59,-0.6857324242591858,-0.1814550757408142,-0.7684179544448853,-42.727787017822266,-3.837709903717041,13.131755828857422
2407,124,170,30,535,170,30,44,64,-0.7287011742591858,-0.04131836071610451,-0.6927343606948853,-46.45297622680664,8.43709945678711,-9.921679496765137
2408,120,170,30,397,170,30,44,47,-0.6683984398841858,-0.027646485716104507,-0.7662206888198853,-35.15526580810547,3.3683969974517822,-9.265191078186035
2409,52,170,30,202,170,30,46,97,-0.8463769555091858,0.1632714867591858,-0.8248144388198853,43.730228424072266,54.08595275878906,0.16992366313934326
2410,16,170,30,97,170,30,50,76,-0.6303125023841858,-0.3513769507408142,-0.7420507669448853,65.77603149414062,6.650839805603027,-3.662137508392334
2411,4,170,30,61,170,30,45,75,-0.6039453148841858,-0.1824316382408142,-0.8079687356948853,3.653892993927002,-35.68503952026367,36.64320373535156
2412,0,170,30,65,170,30,41,52,-0.7216210961341858,-0.08379882574081421,-0.7630468606948853,3.4554200172424316,-17.532367706298828,31.757709503173828
2413,0,170,30,74,170,30,41,36,-0.7274804711341858,-0.06670898199081421,-0.7125097513198853,-11.124732971191406,-4.372061252593994,20.536334991455078
2414,18,170,30,109,170,30,43,19,-0.8007226586341858,0.015810545533895493,-0.7498632669448853,-4.300305366516113,6.131755828857422,9.269160270690918
2415,58,170,30,175,170,30,43,25,-0.5702539086341858,0.016542967408895493,-0.7527929544448853,-16.57511329650879,3.2462596893310547,5.33022928237915
2416,85,170,30,202,170,30,42,72,-0.8673730492591858,-0.020322266966104507,-0.7733007669448853,-28.559846878051758,-8.921679496765137,-35.12778854370117
2417,46,170,30,135,170,30,43,82,-0.9462304711341858,0.4784570336341858,-0.49766600131988525,22.14244270324707,48.31496047973633,12.460000038146973
2418,13,170,30,84,170,30,45,26,-0.6764550805091858,-0.1741308569908142,-0.7420507669448853,24.72259521484375,-0.2957252264022827,-1.2041220664978027
2419,2,170,30,68,170,30,44,37,-0.7243066430091858,-0.1504492163658142,-0.7215429544448853,8.63099193572998,-14.463664054870605,14.032519340515137
2420,0,170,30,64,170,30,43,25,-0.6947656273841858,-0.1680273413658142,-0.7786718606948853,2.905801773071289,-7.852977275848389,15.116488456726074
2421,0,170,30,68,170,30,42,45,-0.7787500023841858,-0.020566407591104507,-0.7134863138198853,-12.972061157226562,-9.608702659606934,23.055418014526367
2422,0,170,30,100,170,30,42,20,-0.7785058617591858,-0.03936523571610451,-0.7930761575698853,-3.2468700408935547,3.8569464683532715,13.376030921936035
2423,4,170,30,183,170,30,43,18,-0.7750878930091858,-0.1326269507408142,-0.7647558450698853,2.585190773010254,-1.6392366886138916,14.18519115447998
2424,25,170,30,285,170,30,44,21,-0.7789941430091858,0.04217773303389549,-0.7212988138198853,-8.559847831726074,2.6813740730285645,-10.211755752563477
2425,64,170,30,362,170,30,45,69,-0.7658105492591858,-0.2832617163658142,-0.36729490756988525,-30.132366180419922,5.719542026519775,-34.08961868286133
2426,88,170,30,388,170,30,46,19,-0.7438378930091858,0.027285154908895493,-0.6998144388198853,-6.819389343261719,-4.326259613037109,-8.486564636230469
2427,59,170,30,299,170,30,46,41,-0.7848535180091858,-0.06182617321610451,-0.7386327981948853,-18.25450325012207,-8.570534706115723,14.76534366607666
2428,16,170,30,132,170,30,51,100,-0.6613183617591858,-0.1804785132408142,-0.7874609231948853,62.172977447509766,36.956180572509766,-1.79954195022583
2429,4,170,30,65,170,30,48,76,-0.6696191430091858,-0.1753515601158142,-0.7623144388198853,29.0432071685791,-25.013282775878906,22.383663177490234
2430,0,170,30,44,170,30,45,32,-0.6239648461341858,-0.2883886694908142,-0.7361913919448853,17.134809494018555,-15.669771194458008,0.09358778595924377
2431,0,170,30,43,170,30,44,58,-0.8256250023841858,0.10223633050918579,-0.6575781106948853,-32.81938934326172,3.0019848346710205,22.41419792175293
2432,0,170,30,54,170,30,44,42,-0.7462792992591858,-0.04498047009110451,-0.7042089700698853,0.3409160375595093,-4.936946392059326,36.8569450378418
2433,29,170,30,126,170,30,45,25,-0.7284570336341858,0.12225586175918579,-0.7930761575698853,-18.223968505859375,2.376030683517456,4.76534366607666
2434,80,170,30,204,170,30,43,87,-1.252626895904541,0.1569238305091858,-0.7393652200698853,-34.666717529296875,-12.097251892089844,-40.318626403808594
2435,90,170,30,213,170,30,44,31,-0.7662988305091858,0.3236718773841858,-0.6273046731948853,11.180610656738281,0.956183135509491,-19.341527938842773
2436,34,170,30,137,170,30,45,97,-0.7680078148841858,0.04193359240889549,-0.7217870950698853,61.92870330810547,23.49053382873535,-12.059083938598633
2437,9,170,30,89,170,30,45,47,-0.7411523461341858,-0.11700195074081421,-0.6924902200698853,35.11954116821289,-5.486564636230469,6.872213840484619
2438,0,170,30,72,170,30,45,14,-0.7169824242591858,-0.1829199194908142,-0.7713476419448853,8.386717796325684,0.39129769802093506,5.788244247436523
2439,0,170,30,66,170,30,44,24,-0.7475000023841858,-0.11749023199081421,-0.7095800638198853,0.5241221189498901,-9.288091659545898,14.96381664276123
2440,0,170,30,78,170,30,44,11,-0.7665429711341858,-0.1443457007408142,-0.7383886575698853,3.8829007148742676,4.208091735839844,3.5439693927764893
2441,19,170,30,109,170,30,45,20,-0.8576074242591858,-0.09795898199081421,-0.6712499856948853,-13.323206901550293,3.811145305633545,-3.341526746749878
2442,53,170,30,148,170,30,45,78,-0.9347558617591858,0.009951170533895493,-0.6985937356948853,-50.63618087768555,-4.936946392059326,-23.26519203186035
2443,33,170,30,119,170,30,46,102,-0.7645898461341858,0.1781640648841858,-0.7261816263198853,-74.02549743652344,12.864580154418945,15.43709945678711
2444,9,170,30,66,170,30,50,116,-0.6058984398841858,-0.1834082007408142,-0.8770605325698853,35.0737419128418,49.887481689453125,-31.555267333984375
2445,1,170,30,39,170,30,47,62,-0.4823632836341858,-0.09234374761581421,-0.9625097513198853,-30.7125186920166,-1.7766411304473877,-29.78427505493164
2446,0,170,30,30,170,30,42,96,-0.6876855492591858,-0.06109375134110451,-0.6514745950698853,-4.33083963394165,-38.555267333984375,-53.1888542175293
2447,0,170,30,31,170,30,41,65,-1.028749942779541,-0.08672851324081421,-0.7549902200698853,-24.941526412963867,-18.32625961303711,-21.891145706176758
2448,0,170,30,41,170,30,43,58,-0.7821679711341858,-0.1814550757408142,-0.6329199075698853,-10.43770980834961,-15.135419845581055,33.177555084228516
2449,0,170,30,69,170,30,44,42,-0.7201562523841858,-0.1602148413658142,-0.7471777200698853,25.134809494018555,-6.280457973480225,11.162290573120117
2450,0,170,30,78,170,30,42,148,-0.6994042992591858,-0.1660742163658142,-0.6829687356948853,-100.4529800415039,-20.982749938964844,26.87221336364746
2451,18,170,30,77,170,30,44,13,-0.7357812523841858,-0.2046484351158142,-0.7139745950698853,5.195878028869629,2.8187787532806396,-5.402595520019531
2452,58,170,30,204,170,30,44,52,-0.7245507836341858,0.09588867425918579,-0.6021581888198853,21.22641372680664,-15.623969078063965,16.01725196838379
2453,95,170,30,455,170,30,43,25,-0.8212304711341858,0.1488671898841858,-0.8025976419448853,-14.361374855041504,-5.0743513107299805,-6.547633647918701
2454,50,170,30,381,170,30,45,54,-0.9115625023841858,0.1283593773841858,-0.5169531106948853,-9.85755729675293,31.826412200927734,12.689007759094238
2455,14,170,30,178,170,30,47,21,-0.6620507836341858,-0.1755957007408142,-0.7388769388198853,18.98213768005371,-2.2041220664978027,0.429465651512146
2456,3,170,30,99,170,30,44,47,-0.6713281273841858,-0.1978124976158142,-0.7620702981948853,-23.73541831970215,-14.891144752502441,8.536335945129395
2457,0,170,30,61,170,30,45,18,-0.7208886742591858,-0.04498047009110451,-0.7818456888198853,-4.34610652923584,11.017251968383789,-3.3873281478881836
2458,0,170,30,34,170,30,45,34,-0.7399316430091858,0.05609374865889549,-0.7474218606948853,-21.781221389770508,4.528702259063721,-8.10488510131836
2459,0,170,30,21,170,30,45,66,-0.7142968773841858,0.07367187738418579,-0.7642675638198853,-40.620914459228516,-9.089618682861328,16.826412200927734
2460,0,170,30,20,170,30,44,25,-0.7496972680091858,0.008730467408895493,-0.7498632669448853,5.974503993988037,-2.158320665359497,16.887479782104492
2461,0,170,30,28,170,30,44,32,-0.7265039086341858,0.03631835803389549,-0.7935644388198853,-4.422442436218262,4.864580154418945,22.750076293945312
2462,19,170,30,69,170,30,44,52,-0.7387109398841858,0.11664062738418579,-0.7349706888198853,26.26458168029785,-3.547633647918701,-22.944581985473633
2463,54,170,30,178,170,30,44,19,-0.7775292992591858,0.1964746117591858,-0.7234960794448853,-14.666717529296875,0.29969465732574463,-4.135419845581055
2464,70,170,30,248,170,30,43,23,-0.6923242211341858,0.0065332017838954926,-0.8204199075698853,7.882900714874268,-6.982748031616211,-8.135419845581055
2465,78,170,30,296,170,30,43,16,-0.7352929711341858,0.05414062365889549,-0.7535253763198853,-11.491145133972168,0.8187785744667053,4.017251968383789
2466,92,170,30,291,170,30,43,10,-0.7357812523841858,-0.021298829466104507,-0.7542577981948853,-3.384274482727051,0.7882443070411682,5.849312782287598
2467,103,170,30,292,170,30,43,5,-0.7343164086341858,-0.016904298216104507,-0.7471777200698853,4.2035112380981445,-0.2957252264022827,0.96381676197052
2468,109,170,30,270,170,30,44,10,-0.7411523461341858,0.018251951783895493,-0.7327734231948853,-6.483511447906494,2.085954189300537,2.307328224182129
2469,103,170,30,253,170,30,44,10,-0.7345605492591858,-0.011044923216104507,-0.7474218606948853,-6.422442436218262,0.46763354539871216,3.696641206741333
2470,90,170,30,207,170,30,44,24,-0.7560449242591858,0.12445312738418579,-0.7437597513198853,-8.361374855041504,-4.5705342292785645,-12.028549194335938
2471,82,170,30,170,170,30,44,11,-0.7313867211341858,-0.010312501341104507,-0.7469335794448853,-7.216335773468018,1.0019845962524414,2.9943511486053467
2472,80,170,30,152,170,30,44,18,-0.7296777367591858,0.04217773303389549,-0.7501074075698853,15.11954116821289,1.0325191020965576,-2.0438168048858643
2473,76,170,30,170,170,30,44,12,-0.8253808617591858,0.018251951783895493,-0.8362890481948853,-3.888091564178467,-3.379694700241089,4.76534366607666
2475,85,170,30,264,170,30,43,31,-0.7997460961341858,0.06976562738418579,-0.8062597513198853,16.46305274963379,-8.158320426940918,-6.7461066246032715
2476,89,170,30,344,170,30,43,0,-0.7418847680091858,-0.06890624761581421,-0.6900488138198853,0.020305335521697998,-0.21938934922218323,0.2615267038345337
2477,90,170,30,373,170,30,43,6,-0.7562890648841858,-0.03472656384110451,-0.7413183450698853,-4.117099285125732,0.4065648913383484,2.0019845962524414
2478,88,170,30,389,170,30,43,16,-0.7907128930091858,-0.007871095091104507,-0.7762304544448853,7.470687389373779,-4.936946392059326,-3.79954195022583
2479,88,170,30,401,170,30,43,25,-0.6991601586341858,-0.09307616949081421,-0.7210546731948853,19.073741912841797,-3.975114583969116,-2.3491601943969727
2480,87,170,30,411,170,30,44,13,-0.7604394555091858,-0.05059570446610451,-0.6941992044448853,10.203511238098145,-2.1125190258026123,-0.8987785577774048
2481,88,170,30,426,170,30,44,29,-0.9235253930091858,-0.3877539038658142,-0.7640234231948853,15.455419540405273,-3.5018320083618164,10.460000038146973
2482,118,170,30,477,170,30,45,42,-0.8671289086341858,-0.2090429663658142,-0.6981054544448853,19.48595428466797,6.055419921875,16.658472061157227
2483,152,170,30,541,170,30,46,32,-0.8419824242591858,0.5538964867591858,-0.48667967319488525,-17.307937622070312,5.398931503295898,-9.906412124633789
2484,134,170,30,522,170,30,46,34,-0.8602929711341858,-0.012265626341104507,-0.8106542825698853,-22.483510971069336,-3.975114583969116,-8.181221008300781
2485,40,170,30,254,170,30,54,291,-0.4652734398841858,-0.3679785132408142,-0.7933202981948853,109.40962219238281,84.75770568847656,-96.944580078125
2486,17,170,30,117,170,30,47,157,-0.6637597680091858,-0.2195410132408142,-0.7144628763198853,78.21878051757812,-55.30335998535156,23.7119083404541
2487,4,170,30,83,170,30,41,237,-0.6762109398841858,-0.10162109136581421,-0.7147070169448853,-85.24687194824219,-73.0896224975586,79.14701843261719
2488,0,170,30,200,170,30,41,15,-0.7687402367591858,-0.1856054663658142,-0.6920019388198853,4.081374168395996,-4.784274578094482,6.169923782348633
2489,0,170,30,306,170,30,42,18,-0.7899804711341858,0.014589842408895493,-0.6973730325698853,-9.781221389770508,4.5745038986206055,4.124122142791748
2490,0,170,30,341,170,30,43,26,-0.7487207055091858,-0.009091798216104507,-0.7266699075698853,-12.300305366516113,8.421832084655762,5.376030445098877
2491,0,170,30,308,170,30,44,10,-0.7291894555091858,-0.04302734509110451,-0.7535253763198853,-3.5369462966918945,0.849312961101532,-5.646870136260986
2492,0,170,30,271,170,30,44,4,-0.6913476586341858,-0.07305663824081421,-0.7581640481948853,1.1653435230255127,-2.4025955200195312,1.2233587503433228
2493,38,170,30,324,170,30,44,43,-0.8344140648841858,0.008974608033895493,-0.8074804544448853,28.050840377807617,0.3302289843559265,-14.944580078125
2494,138,170,30,683,170,30,42,31,-1.008242130279541,-0.2358984351158142,-0.9461523294448853,4.340916156768799,-10.509465217590332,16.307327270507812
2495,203,170,30,952,170,30,41,8,-0.7680078148841858,-0.1878027319908142,-0.7764745950698853,-4.865190505981445,3.1393892765045166,-0.33389315009117126
2496,200,170,30,1038,170,30,43,1,-0.7860742211341858,-0.09454101324081421,-0.6639257669448853,-0.11709922552108765,0.3607633113861084,0.5974045991897583
2497,183,170,30,1065,170,30,44,6,-0.7362695336341858,-0.0076269544661045074,-0.5342870950698853,-0.8499236106872559,-2.1735877990722656,3.696641206741333
2498,169,170,30,1115,170,30,45,6,-0.8034082055091858,-0.07647460699081421,-0.6526952981948853,-2.8193893432617188,-0.7232061624526978,-2.517099142074585
2499,158,170,30,1170,170,30,45,10,-0.7704492211341858,-0.05230468884110451,-0.6883398294448853,-1.796488642692566,-6.005648612976074,2.444732904434204
2500,152,170,30,1176,170,30,45,10,-0.7992578148841858,-0.1973242163658142,-0.7274023294448853,4.325648784637451,2.0706870555877686,-3.830076217651367
2501,151,170,30,1155,170,30,46,7,-0.7985253930091858,-0.06890624761581421,-0.6607519388198853,4.692060947418213,0.8187785744667053,1.6203054189682007
2502,150,170,30,1133,170,30,47,2,-0.8007226586341858,-0.07208007574081421,-0.6475683450698853,0.3409160375595093,0.23862594366073608,1.4370992183685303
2503,150,170,30,1100,170,30,47,2,-0.7965722680091858,-0.08355468511581421,-0.6754003763198853,-0.8193893432617188,-0.15832063555717468,1.1928244829177856
2504,149,170,30,1073,170,30,47,82,-0.8060937523841858,0.06781250238418579,-0.6793066263198853,15.959236145019531,-15.440763473510742,-51.34152603149414
2505,156,170,30,1040,170,30,47,52,-0.7052636742591858,0.2416406273841858,-0.5206152200698853,-1.4758778810501099,-17.15068817138672,-34.10488510131836
2506,170,170,30,1042,170,30,46,33,-0.8497949242591858,-0.04888672009110451,-0.6963964700698853,-2.483511447906494,-11.914045333862305,-18.944581985473633
2507,169,170,30,1031,170,30,47,4,-0.8187890648841858,-0.09161132574081421,-0.6431738138198853,-1.7506870031356812,0.7577099204063416,1.8340458869934082
2508,166,170,30,1012,170,30,48,3,-0.8163476586341858,-0.12457031011581421,-0.6316992044448853,2.6462595462799072,0.4981679320335388,-0.7003053426742554
2509,171,170,30,978,170,30,48,27,-0.6517968773841858,-0.09844726324081421,-0.46739256381988525,-14.727787017822266,12.43709945678711,0.03251910209655762
2510,161,170,30,833,170,30,51,88,-0.9533105492591858,0.00018554553389549255,-0.7679296731948853,-56.77358627319336,24.65083885192871,6.902748107910156
2511,158,170,30,672,170,30,51,32,-0.8070703148841858,-0.07598632574081421,-0.7430273294448853,-3.0483970642089844,15.490534782409668,-14.45603084564209
2512,155,170,30,516,170,30,51,19,-0.7831445336341858,0.05169921740889549,-0.6146093606948853,-12.300305366516113,-1.4560306072235107,-6.08961820602417
2513,147,170,30,469,170,30,51,4,-0.7528710961341858,-0.04717773571610451,-0.7310644388198853,1.2722136974334717,-0.2041221559047699,2.6890077590942383
2514,141,170,30,493,170,30,50,57,-0.8100000023841858,-0.3359960913658142,-0.6485449075698853,-2.1170992851257324,0.7577099204063416,55.00961685180664
2515,152,170,30,532,170,30,49,30,-0.6954980492591858,-0.2258886694908142,-0.7488867044448853,15.806564331054688,4.543969631195068,10.169923782348633
2516,163,170,30,544,170,30,49,12,-0.8124414086341858,0.2662988305091858,-0.6541601419448853,-5.170534133911133,4.849312782287598,2.841679334640503
2517,118,170,30,454,170,30,48,30,-0.7684960961341858,0.1830468773841858,-0.7068945169448853,-1.9186259508132935,-13.211755752563477,-15.173587799072266
2518,33,170,30,211,170,30,61,400,-0.2926660180091858,-0.6853613257408142,-0.8328710794448853,115.25695037841797,179.10885620117188,-106.4560317993164
2519,10,170,30,80,170,30,55,88,-0.2587304711341858,-0.2693457007408142,-0.9744726419448853,2.4935879707336426,-85.51709747314453,-0.7308396100997925
2520,2,170,30,36,170,30,40,312,-0.5485253930091858,-0.5144628882408142,-0.6893163919448853,-139.06365966796875,-82.02091979980469,90.94854736328125
2521,0,170,30,36,170,30,32,148,-1.152773380279541,-0.1411718726158142,-1.0189062356948853,116.86000061035156,-24.020917892456055,-8.059083938598633
2522,0,170,30,112,170,30,34,129,-0.5228906273841858,-0.4126562476158142,-0.5355077981948853,-102.89572143554688,-5.08961820602417,21.57450294494629
2523,0,170,30,215,170,30,36,81,-0.6610742211341858,-0.2363867163658142,-0.7818456888198853,-57.491146087646484,-0.875877857208252,22.79587745666504
2524,0,170,30,253,170,30,37,28,-0.7245507836341858,0.04486327990889549,-0.7432714700698853,-16.865190505981445,7.1088547706604,4.933282375335693
2525,0,170,30,255,170,30,39,44,-0.7160058617591858,0.03436523303389549,-0.7728124856948853,-35.888092041015625,1.7806107997894287,6.8569464683532715
2526,0,170,30,235,170,30,39,36,-0.7492089867591858,-0.018613282591104507,-0.7254492044448853,-13.598015785217285,-19.639238357543945,3.1012213230133057
2527,37,170,30,310,170,30,40,53,-0.7221093773841858,0.027041014283895493,-0.7796484231948853,39.13481140136719,-3.120152711868286,-11.081984519958496
2528,80,170,30,503,170,30,39,87,-0.6937890648841858,0.03583007678389549,-0.7908788919448853,59.92870330810547,-24.76900863647461,2.8874809741973877
2529,120,170,30,715,170,30,39,30,-0.7360253930091858,0.010195311158895493,-0.5613867044448853,21.791297912597656,-7.08961820602417,-1.1888549327850342
2530,135,170,30,827,170,30,40,13,-0.7787500023841858,-0.1458105444908142,-0.7137304544448853,-10.773588180541992,0.6050381064414978,2.3989312648773193
2531,131,170,30,875,170,30,41,1,-0.7472558617591858,-0.10284179449081421,-0.6961523294448853,-0.3308396339416504,0.17755722999572754,1.0706870555877686
2532,136,170,30,877,170,30,42,14,-0.7890039086341858,0.04779296740889549,-0.7933202981948853,-9.918625831604004,-4.204122066497803,-0.8224426507949829
2533,165,170,30,864,170,30,40,42,-0.6339746117591858,-0.3787207007408142,-0.7400976419448853,3.7912979125976562,-14.219388961791992,-24.471298217773438
2534,171,170,30,830,170,30,40,16,-0.7487207055091858,-0.10723632574081421,-0.6031347513198853,-14.193435668945312,1.0783205032348633,0.9943511486053467
2535,165,170,30,763,170,30,42,10,-0.8485742211341858,-0.11846679449081421,-0.8582617044448853,4.52412223815918,0.26916027069091797,5.238626003265381
2536,166,170,30,724,170,30,43,13,-0.7440820336341858,-0.10455077886581421,-0.6861425638198853,-7.048396587371826,1.9332823753356934,4.719542026519775
2537,161,170,30,658,170,30,43,29,-1.118105411529541,-0.1445898413658142,-0.7508398294448853,-15.338473320007324,6.070687294006348,-8.45603084564209
2538,157,170,30,490,170,30,45,45,-0.5580468773841858,-0.03936523571610451,-0.5267187356948853,-22.208702087402344,8.559236526489258,14.887480735778809
2539,154,170,30,359,170,30,46,24,-0.7338281273841858,0.05926757678389549,-0.7291113138198853,-18.697250366210938,3.1393892765045166,2.337862491607666
2540,153,170,30,276,170,30,46,16,-0.6974511742591858,-0.07232421636581421,-0.6700292825698853,-7.78122091293335,7.078320503234863,1.467633605003357
2542,151,170,30,238,170,30,46,9,-0.7301660180091858,-0.0049414075911045074,-0.7313085794448853,5.821832180023193,0.48290079832077026,-3.2041220664978027
2543,143,170,30,250,170,30,46,83,-1.038027286529541,-0.5249609351158142,-0.8494726419448853,-20.468244552612305,5.139389514923096,58.337860107421875
2544,161,170,30,298,170,30,45,48,-0.8126855492591858,-0.012265626341104507,-0.5696874856948853,17.16534423828125,9.689007759094238,21.925647735595703
2545,186,170,30,367,170,30,45,10,-0.7223535180091858,0.010927733033895493,-0.7869726419448853,6.4630537033081055,0.7271755337715149,3.7424428462982178
2546,150,170,30,323,170,30,45,6,-0.8988671898841858,-0.025937501341104507,-0.8340917825698853,-1.5827480554580688,-4.3567938804626465,-0.08961829543113708
2547,45,170,30,127,170,30,54,335,-0.3395410180091858,-0.4314550757408142,-0.8768163919448853,187.62335205078125,80.58976745605469,-66.944580078125
2548,17,170,30,54,170,30,41,282,-0.8705468773841858,0.1925683617591858,-0.5943456888198853,-131.72015380859375,-101.80717468261719,49.40656280517578
2549,4,170,30,45,170,30,42,61,-0.6515527367591858,-0.3870214819908142,-0.8963476419448853,-35.58274841308594,-21.333894729614258,-4.791908264160156
2550,0,170,30,102,170,30,38,58,-0.8436914086341858,0.07245117425918579,-0.8287206888198853,-25.063663482666016,-32.90641403198242,-0.944580078125
2551,0,170,30,162,170,30,39,47,-0.7213769555091858,-0.07842773199081421,-0.7203222513198853,23.959238052368164,19.780609130859375,3.727175712585449
2552,0,170,30,184,170,30,40,28,-0.8573632836341858,0.06903320550918579,-0.6104589700698853,-18.804121017456055,-1.7461068630218506,8.276793479919434
2553,0,170,30,192,170,30,41,24,-0.7377343773841858,-0.028378907591104507,-0.7188574075698853,-4.758320331573486,-4.616335868835449,15.528702735900879
2554,3,170,30,212,170,30,42,32,-0.7462792992591858,-0.05279297009110451,-0.7711035013198853,15.30274772644043,4.5745038986206055,12.38366413116455
2555,52,170,30,278,170,30,43,18,-0.7724023461341858,-0.010800782591104507,-0.7166601419448853,10.783663749694824,1.444732904434204,6.704274654388428
2556,109,170,30,404,170,30,43,43,-0.6913476586341858,0.2606835961341858,-0.6334081888198853,0.6615267395973206,-12.03618335723877,-30.685039520263672
2557,139,170,30,506,170,30,43,22,-0.7638574242591858,-0.10528320074081421,-0.6932226419448853,-13.246870994567871,1.9943511486053467,6.872213840484619
2558,155,170,30,572,170,30,43,4,-0.7636132836341858,-0.09283202886581421,-0.6824804544448853,0.29511451721191406,-4.341526985168457,-0.15068700909614563
2559,173,170,30,632,170,30,44,3,-0.7692285180091858,-0.11187499761581421,-0.6885839700698853,0.1424427628517151,1.8722138404846191,1.2996946573257446
2560,171,170,30,700,170,30,45,34,-0.8661523461341858,-0.1277441382408142,-0.7020117044448853,17.974504470825195,-10.921679496765137,-5.723206043243408
2561,178,170,30,789,170,30,44,46,-0.8449121117591858,-0.2310156226158142,-0.9424902200698853,20.58519172668457,-18.921680450439453,6.597404479980469
2562,182,170,30,872,170,30,44,35,-0.6325097680091858,-0.11089843511581421,-0.6214452981948853,21.68442726135254,-11.685038566589355,-2.0285496711730957
2563,182,170,30,907,170,30,44,11,-0.7838769555091858,-0.2288183569908142,-0.7759863138198853,-2.269771099090576,-0.9827481508255005,8.337862014770508
2564,187,170,30,890,170,30,46,80,-0.8454003930091858,-0.3237890601158142,-0.5154882669448853,-28.147632598876953,25.23099136352539,27.00961685180664
2565,181,170,30,860,170,30,47,50,-0.5853906273841858,-0.09649413824081421,-0.8248144388198853,16.860000610351562,15.353129386901855,18.23099136352539
2566,181,170,30,824,170,30,48,46,-0.6776757836341858,-0.2022070288658142,-0.46861326694488525,-8.88045883178711,10.299695014953613,27.2691593170166
2567,193,170,30,803,170,30,48,6,-0.7743554711341858,-0.04815429821610451,-0.7122656106948853,-0.8193893432617188,1.7958779335021973,3.452366352081299
2568,207,170,30,772,170,30,48,27,-0.7819238305091858,0.12030273675918579,-0.6583105325698853,-20.208702087402344,-2.341526746749878,4.566870212554932
2569,205,170,30,601,170,30,48,51,-0.4975000023841858,0.2841210961341858,-0.6739355325698853,-23.23160171508789,15.124122619628906,13.6050386428833
2570,194,170,30,421,170,30,48,32,-0.8407617211341858,-0.2131933569908142,-0.6150976419448853,-14.40717601776123,11.398931503295898,6.627938747406006
2571,119,170,30,226,170,30,47,27,-0.8695703148841858,-0.11089843511581421,-0.8707128763198853,-2.987328052520752,-24.234657287597656,-0.6850380897521973
2572,35,170,30,87,170,30,56,181,-0.2621484398841858,-0.6514257788658142,-0.9786230325698853,105.80656433105469,37.27679443359375,-38.59343719482422
2573,14,170,30,48,170,30,42,221,-0.9086328148841858,0.1569238305091858,-0.5750585794448853,-87.55221557617188,-76.73847198486328,56.765342712402344
2574,3,170,30,38,170,30,41,48,-0.7609277367591858,-0.06524413824081421,-0.7359472513198853,-35.68961715698242,-6.616335868835449,5.940916061401367
2575,0,170,30,34,170,30,43,53,-0.7860742211341858,-0.029843751341104507,-0.6885839700698853,8.81419849395752,21.41419792175293,-23.234657287597656
2576,0,170,30,39,170,30,43,25,-0.7648339867591858,-0.0051855482161045074,-0.7403417825698853,-11.155267715454102,-4.921679496765137,9.54396915435791
2577,0,170,30,44,170,30,44,14,-0.7477441430091858,-0.06744140386581421,-0.7117773294448853,-4.697251796722412,5.353129863739014,4.826412200927734
2578,0,170,30,47,170,30,44,32,-0.7475000023841858,-0.12359374761581421,-0.7352148294448853,4.127175807952881,-9.791908264160156,18.398929595947266
2579,42,170,30,115,170,30,45,25,-0.7260156273841858,-0.028134766966104507,-0.7278906106948853,17.699695587158203,-6.753740310668945,0.7195420265197754
2580,102,170,30,282,170,30,44,49,-0.7247949242591858,0.1671777367591858,-0.8113867044448853,14.539388656616211,-9.898778915405273,-24.80717658996582
2581,137,170,30,457,170,30,44,25,-0.7904687523841858,-0.11431640386581421,-0.7674413919448853,-7.307939052581787,-11.85297679901123,-5.952213764190674
2582,152,170,30,561,170,30,44,5,-0.7745996117591858,-0.10064452886581421,-0.6885839700698853,5.134809494018555,0.7424426674842834,0.017251908779144287
2583,161,170,30,628,170,30,45,13,-0.8236718773841858,-0.2676367163658142,-0.7051855325698853,9.150075912475586,-2.7537403106689453,-1.982748031616211
2584,183,170,30,747,170,30,44,34,-0.9310937523841858,-0.3066992163658142,-0.9620214700698853,13.01267147064209,-20.738473892211914,1.1164885759353638
2585,194,170,30,856,170,30,45,17,-0.8112207055091858,-0.1482519507408142,-0.6165624856948853,8.966870307922363,-4.921679496765137,-3.3262596130371094
2586,196,170,30,920,170,30,45,23,-0.7999902367591858,-0.2764257788658142,-0.45298826694488525,4.798931121826172,7.124122142791748,12.047786712646484
2587,194,170,30,963,170,30,46,26,-0.8224511742591858,-0.2075781226158142,-0.6297460794448853,11.272212982177734,-7.0743513107299805,-7.677404403686523
2588,193,170,30,987,170,30,47,3,-0.8212304711341858,-0.2092871069908142,-0.6121679544448853,-0.8499236106872559,-0.5247328281402588,2.20045804977417
2589,194,170,30,975,170,30,48,17,-0.8063378930091858,-0.2229589819908142,-0.5447851419448853,7.623358726501465,5.47526741027832,4.185190677642822
2590,188,170,30,944,170,30,50,42,-1.259218692779541,0.07416015863418579,-0.6312109231948853,-6.0560302734375,19.063053131103516,17.83404541015625
2591,187,170,30,894,170,30,51,61,-0.7963281273841858,-0.08038085699081421,-0.7090917825698853,38.03557205200195,-6.952213764190674,-16.60870361328125
2592,204,170,30,856,170,30,50,59,-0.7943750023841858,-0.10455077886581421,-0.5638281106948853,32.829463958740234,-13.837709426879883,-13.097251892089844
2593,237,170,30,847,170,30,50,11,-0.7990136742591858,-0.1943945288658142,-0.5911718606948853,10.508854866027832,-0.5094656944274902,-0.4254961907863617
2594,263,170,30,822,170,30,51,26,-0.8012109398841858,-0.09136718511581421,-0.6695410013198853,-20.529312133789062,0.42183202505111694,5.34549617767334
2595,273,170,30,718,170,30,51,48,-0.9711328148841858,-0.3611425757408142,-0.6597753763198853,-27.93389320373535,13.093587875366211,-7.2499237060546875
2596,277,170,30,539,170,30,50,45,-0.6222558617591858,-0.4644140601158142,-0.7154394388198853,34.96686935424805,8.25389289855957,-2.5781679153442383
2597,257,170,30,388,170,30,51,13,-0.8183007836341858,-0.1524023413658142,-0.6673437356948853,-1.399541974067688,6.3607635498046875,-5.616335868835449
2598,137,170,30,187,170,30,51,127,-1.179140567779541,-0.2075781226158142,-0.013779297471046448,-60.11709976196289,42.986717224121094,24.704273223876953
2599,37,170,30,67,170,30,73,390,-0.1273828148841858,-0.7349218726158142,-0.8028417825698853,123.44015502929688,255.33787536621094,-11.387328147888184
2600,12,170,30,22,170,30,70,204,0.04571289196610451,-0.6553320288658142,-1.0982519388198853,73.9897689819336,-13.685038566589355,116.75007629394531
2602,3,170,30,6,170,30,55,260,-0.3710351586341858,0.022402342408895493,-0.9771581888198853,-131.9644317626953,-62.952213287353516,-65.90641021728516
2603,0,170,30,1,170,30,36,222,-0.7191796898841858,-0.4075292944908142,-0.8069921731948853,-21.430076599121094,-144.90640258789062,-56.379695892333984
