timestamp,tipPressure,tipUpperRange,tipLowerRange,fingerPressure,fingerUpperRange,fingerLowerRange,angle,writtingSpeed,accX,accY,accZ,gyroX,gyroY,gyroZ
9366,0,170,30,66,170,30,46,93,-0.9826074242591858,-0.2964453101158142,-0.43345701694488525,-34.02549743652344,34.43709945678711,25.314960479736328
9367,0,170,30,33,170,30,48,109,-0.8095117211341858,-0.2400488257408142,-0.45567381381988525,-61.52167892456055,36.223358154296875,11.818778991699219
9369,0,170,30,17,170,30,51,249,-0.6908593773841858,-0.08233398199081421,-0.7266699075698853,-159.32321166992188,46.04015350341797,44.322593688964844
9370,0,170,30,8,170,30,54,332,-0.6574121117591858,0.4757714867591858,-0.7613378763198853,-181.5216827392578,50.51343536376953,100.33786010742188
9371,0,170,30,6,170,30,51,24,-0.6110253930091858,0.5949121117591858,-0.7261816263198853,-10.69725227355957,3.5058016777038574,10.76534366607666
9372,0,170,30,6,170,30,47,124,-0.5250878930091858,0.4183984398841858,-0.8760839700698853,82.63099670410156,-18.95221519470215,-22.4865665435791
9373,0,170,30,5,170,30,43,111,-0.7238183617591858,0.3136621117591858,-0.6595312356948853,83.19587707519531,-23.333894729614258,5.33022928237915
9374,0,170,30,14,170,30,41,128,-0.5582910180091858,0.019716795533895493,-0.8961035013198853,85.13481140136719,-4.906412124633789,-38.059085845947266
9375,0,170,30,22,170,30,41,68,-0.6720605492591858,0.06756836175918579,-0.8570410013198853,48.40198516845703,-3.6087021827697754,-16.181222915649414
9376,0,170,30,15,170,30,38,53,-0.6925683617591858,-0.3977636694908142,-0.6873632669448853,25.837099075317383,-11.578167915344238,15.910381317138672
9377,0,170,30,14,170,30,38,33,-0.6745019555091858,-0.06573241949081421,-0.7549902200698853,-9.033129692077637,-16.372060775756836,7.940916061401367
9378,0,170,30,20,170,30,37,27,-0.8046289086341858,0.021181639283895493,-0.6646581888198853,7.867633819580078,-14.23465633392334,5.757709980010986
9379,0,170,30,27,170,30,38,27,-0.7680078148841858,-0.09844726324081421,-0.7676855325698853,22.52412223815918,-2.8148090839385986,2.4600000381469727
9380,0,170,30,32,170,30,39,19,-0.7892480492591858,-0.11382812261581421,-0.6951757669448853,2.7073283195495605,-14.280458450317383,2.6126718521118164
9381,0,170,30,33,170,30,39,34,-0.7975488305091858,-0.1921972632408142,-0.6429296731948853,22.78366470336914,-9.807175636291504,-2.3186259269714355
9382,0,170,30,34,170,30,40,33,-0.8739648461341858,-0.030332032591104507,-0.5423437356948853,28.111909866333008,-2.6316030025482178,-2.5018320083618164
9383,0,170,30,39,170,30,42,83,-0.8480859398841858,-0.2659277319908142,-0.6512304544448853,44.34091567993164,-3.9598472118377686,-35.3873291015625
9384,0,170,30,42,170,30,43,15,-0.7846093773841858,-0.2676367163658142,-0.6138769388198853,-9.918625831604004,-1.2117557525634766,4.551603317260742
9385,0,170,30,41,170,30,45,20,-0.7660546898841858,-0.2612890601158142,-0.6295019388198853,13.043206214904785,0.8035114407539368,-6.959847450256348
9386,0,170,30,25,170,30,45,15,-0.7572656273841858,-0.2815527319908142,-0.6033788919448853,-4.9720611572265625,4.772977352142334,5.3607635498046875
9387,0,170,30,16,170,30,47,11,-0.7528710961341858,-0.2612890601158142,-0.6614843606948853,-4.71251916885376,5.811145305633545,0.5058015584945679
9388,0,170,30,12,170,30,48,22,-0.7389550805091858,-0.2439550757408142,-0.6509863138198853,-9.323206901550293,11.704275131225586,1.6813740730285645
9389,0,170,30,12,170,30,48,22,-0.7579980492591858,-0.2166113257408142,-0.6729589700698853,-10.254504203796387,5.719542026519775,7.024885654449463
9390,0,170,30,9,170,30,48,7,-0.7179589867591858,-0.2149023413658142,-0.6946874856948853,0.12717556953430176,7.017251968383789,-0.07435116171836853
9391,0,170,30,4,170,30,50,97,-0.7526269555091858,-0.2122167944908142,-0.6873632669448853,42.936336517333984,40.7271728515625,-14.196488380432129
9392,0,170,30,1,170,30,52,54,-0.6439843773841858,-0.2959570288658142,-0.7532812356948853,-5.47587776184082,37.337860107421875,-11.32625961303711
9393,0,170,30,0,170,30,52,26,-0.6022363305091858,-0.3008398413658142,-0.8087011575698853,4.14244270324707,15.139389038085938,-6.883511543273926
9394,0,170,30,0,170,30,49,26,-0.6188378930091858,-0.2324804663658142,-0.7996679544448853,-12.529313087463379,9.582137107849121,-4.059083938598633
9395,0,170,30,0,170,30,48,34,-0.5199609398841858,-0.3013281226158142,-0.8616796731948853,-15.307938575744629,16.467632293701172,-2.9293129444122314
9397,0,170,30,0,170,30,48,116,-0.5541406273841858,-0.1853613257408142,-0.8585058450698853,-75.46060943603516,38.879844665527344,-1.769007682800293
9398,0,170,30,1,170,30,50,371,-0.4223046898841858,0.2184472680091858,-0.9236913919448853,-215.18580627441406,38.80350875854492,117.62030792236328
9399,0,170,30,2,170,30,48,103,-0.4049707055091858,0.4049707055091858,-0.8663183450698853,-40.84992218017578,21.03251838684082,42.03251647949219
9400,0,170,30,2,170,30,44,27,-0.3141503930091858,0.3097558617591858,-0.9568945169448853,-3.1247329711914062,-5.272824287414551,19.360761642456055
9401,0,170,30,2,170,30,39,53,-0.3302636742591858,0.4181542992591858,-0.9180761575698853,-42.89572525024414,-1.1354198455810547,9.085954666137695
9402,0,170,30,2,170,30,34,95,-0.3756738305091858,0.2787500023841858,-1.0774999856948853,65.97450256347656,-3.807175636291504,-26.0438175201416
9403,0,170,30,0,170,30,22,624,-0.3419824242591858,-0.016171876341104507,-0.9295507669448853,334.7073059082031,-193.22702026367188,-96.92931365966797
9404,0,170,30,0,170,30,16,75,-0.7184472680091858,-0.3648046851158142,-0.6724706888198853,2.8447327613830566,-63.28809356689453,8.994351387023926
9405,0,170,30,0,170,30,18,227,-0.6871972680091858,-0.1814550757408142,-0.7457128763198853,-177.7048797607422,-8.952213287353516,41.13175582885742
9406,0,170,30,0,170,30,22,270,-0.6710839867591858,-0.07208007574081421,-0.48960936069488525,-205.32321166992188,8.711908340454102,56.398929595947266
9407,0,170,30,0,170,30,27,105,-0.6972070336341858,0.11029297113418579,-0.6817480325698853,-78.22396850585938,7.5363359451293945,20.124120712280273
9408,0,170,30,1,170,30,31,22,-0.6581445336341858,0.10101562738418579,-0.8707128763198853,15.150075912475586,4.849312782287598,2.230992317199707
9409,0,170,30,1,170,30,32,146,-0.6141992211341858,0.3290429711341858,-0.7996679544448853,99.13481140136719,-0.8606107234954834,-46.47129821777344
9410,0,170,30,2,170,30,31,121,-0.5963769555091858,-0.05572265759110451,-0.9451757669448853,46.47832107543945,-27.059083938598633,-48.2575569152832
9411,0,170,30,7,170,30,28,182,-0.6117578148841858,-0.3049902319908142,-0.5796972513198853,81.59282684326172,-51.837711334228516,-49.37206268310547
9412,0,170,30,6,170,30,30,26,-0.8187890648841858,-0.1702246069908142,-0.7786718606948853,4.5699238777160645,-7.196488380432129,14.67374038696289
9413,0,170,30,5,170,30,31,63,-0.7658105492591858,-0.2500585913658142,-0.5699316263198853,33.348548889160156,-14.356793403625488,-16.257558822631836
9414,0,170,30,6,170,30,34,43,-0.7462792992591858,-0.1980566382408142,-0.7711035013198853,26.737863540649414,-15.74610710144043,-1.4636640548706055
9417,0,170,30,19,170,30,41,22,-0.8334375023841858,-0.1484960913658142,-0.7298437356948853,-13.155267715454102,-4.7079386711120605,5.009618282318115
9418,0,170,30,20,170,30,42,34,-0.9350000023841858,0.09369140863418579,-0.5638281106948853,-12.636183738708496,4.9256486892700195,17.040151596069336
9419,0,170,30,18,170,30,44,53,-0.8031640648841858,-0.04791015759110451,-0.6629492044448853,-19.720151901245117,12.223359107971191,21.895112991333008
9420,0,170,30,20,170,30,45,23,-0.7870507836341858,0.022158201783895493,-0.7078710794448853,-9.918625831604004,-7.822442531585693,5.727175712585449
9421,0,170,30,27,170,30,45,37,-0.7340722680091858,-0.06719726324081421,-0.7188574075698853,-9.613283157348633,-18.830078125,9.116488456726074
9422,0,170,30,49,170,30,44,17,-0.8656640648841858,0.03778320178389549,-0.6846777200698853,-7.139999866485596,-1.1354198455810547,9.482900619506836
9423,34,170,30,103,170,30,44,31,-0.7548242211341858,0.010927733033895493,-0.6692968606948853,-15.918625831604004,-5.043816566467285,-10.608702659606934
9424,65,170,30,163,170,30,45,29,-0.9076562523841858,-0.2371191382408142,-0.6873632669448853,-28.865190505981445,-0.43312978744506836,0.36839693784713745
9425,81,170,30,206,170,30,46,29,-0.7631250023841858,-0.3103613257408142,-0.45835936069488525,-14.69725227355957,-7.043816566467285,-7.723206520080566
9426,82,170,30,228,170,30,47,8,-0.8322167992591858,-0.015683595091104507,-0.6861425638198853,-6.666717529296875,1.841679334640503,0.3531297743320465
9427,77,170,30,227,170,30,48,9,-0.8273339867591858,-0.028378907591104507,-0.6233984231948853,6.585190773010254,0.009618282318115234,-3.020915985107422
9428,30,170,30,165,170,30,54,257,-0.9132714867591858,-0.1841406226158142,-0.49620115756988525,105.04320526123047,122.71190643310547,-29.936946868896484
9429,8,170,30,114,170,30,55,77,-0.5546289086341858,0.017275389283895493,-0.6954199075698853,49.22641372680664,-11.135419845581055,16.99435043334961
9430,1,170,30,106,170,30,48,122,-0.8859277367591858,-0.4099707007408142,-0.7820898294448853,45.92870330810547,-33.837711334228516,-42.91404724121094
9431,0,170,30,112,170,30,46,80,-0.9516015648841858,-0.3753027319908142,-0.6175390481948853,-32.208702087402344,-38.952213287353516,9.43709945678711
9432,0,170,30,111,170,30,49,18,-0.6271386742591858,-0.3516210913658142,-0.8274999856948853,0.12717556953430176,5.032519340515137,13.024885177612305
9433,0,170,30,106,170,30,48,38,-0.8231835961341858,-0.027402345091104507,-0.5796972513198853,-15.704886436462402,-1.0590839385986328,21.666105270385742
9434,0,170,30,112,170,30,49,37,-0.8287988305091858,-0.11675781011581421,-0.5755468606948853,-21.201068878173828,1.2920610904693604,15.101221084594727
9435,0,170,30,119,170,30,49,28,-0.8478417992591858,-0.07720702886581421,-0.5933691263198853,-10.300305366516113,1.841679334640503,16.047786712646484
9436,0,170,30,125,170,30,50,22,-0.8307519555091858,-0.019589845091104507,-0.6055761575698853,-13.292672157287598,3.444732904434204,5.788244247436523
9437,18,170,30,143,170,30,51,14,-0.8419824242591858,-0.03350586071610451,-0.6190038919448853,-11.07893180847168,2.192824363708496,1.1317557096481323
9438,56,170,30,202,170,30,51,36,-0.8410058617591858,-0.1812109351158142,-0.49888670444488525,-30.086565017700195,4.421832084655762,2.2462594509124756
9439,89,170,30,273,170,30,50,38,-0.8383203148841858,-0.05694336071610451,-0.7828222513198853,-12.300305366516113,-10.952213287353516,-15.52473258972168
9440,99,170,30,317,170,30,51,18,-0.8422265648841858,-0.1475195288658142,-0.5696874856948853,-7.872824192047119,-4.814809322357178,-5.860610485076904
9441,98,170,30,322,170,30,51,9,-0.8590722680091858,-0.06597656011581421,-0.6512304544448853,-2.42244291305542,-2.7079389095306396,-3.875877857208252
9442,79,170,30,266,170,30,51,43,-0.8454003930091858,-0.1543554663658142,-0.5467382669448853,27.195878982543945,-6.982748031616211,-9.753740310668945
9443,23,170,30,134,170,30,62,244,-0.7523828148841858,-0.4387792944908142,-0.5928808450698853,70.72259521484375,145.8111572265625,28.459999084472656
9444,7,170,30,58,170,30,60,64,-0.4171777367591858,0.04510742053389549,-0.6802831888198853,31.7302303314209,-15.761374473571777,16.643205642700195
9446,1,170,30,27,170,30,53,41,-0.5795312523841858,-0.06207031384110451,-0.7933202981948853,-17.002593994140625,7.948549270629883,16.59740447998047
9447,0,170,30,16,170,30,50,36,-0.7345605492591858,-0.09283202886581421,-0.6487890481948853,17.211145401000977,-15.883511543273926,3.482900857925415
9448,0,170,30,12,170,30,49,46,-0.8776269555091858,-0.3972753882408142,-0.44029295444488525,6.5699238777160645,-29.914047241210938,10.246259689331055
9449,0,170,30,14,170,30,50,30,-0.7799707055091858,-0.2744726538658142,-0.5911718606948853,-17.888090133666992,8.131755828857422,4.261526584625244
9450,0,170,30,16,170,30,50,18,-0.8429589867591858,-0.10088866949081421,-0.5884863138198853,-2.2545037269592285,-10.998015403747559,-5.326259613037109
9451,19,170,30,40,170,30,50,10,-0.8204980492591858,-0.1260351538658142,-0.46421873569488525,-4.544579982757568,-2.5399999618530273,-2.944580078125
9452,45,170,30,81,170,30,50,49,-0.8688378930091858,-0.029843751341104507,-0.6465917825698853,12.783663749694824,-15.898778915405273,-20.593435287475586
9453,66,170,30,136,170,30,48,42,-0.7789941430091858,-0.2410253882408142,-0.48423826694488525,-8.498779296875,-14.539999961853027,-19.158321380615234
9454,71,170,30,175,170,30,49,28,-0.8253808617591858,-0.1812109351158142,-0.5464941263198853,6.9210686683654785,-11.410228729248047,-9.906412124633789
9455,55,170,30,182,170,30,50,19,-0.9581933617591858,-0.1631445288658142,-0.5423437356948853,4.218778610229492,-8.280458450317383,-7.478931427001953
9456,15,170,30,131,170,30,58,115,-0.6320214867591858,-0.6821874976158142,-0.8746191263198853,39.42488479614258,49.383663177490234,26.658472061157227
9457,4,170,30,103,170,30,54,80,-0.6847558617591858,-0.3757910132408142,-0.6165624856948853,31.516489028930664,-41.74610900878906,6.872213840484619
9458,0,170,30,93,170,30,52,24,-0.7140527367591858,-0.3071874976158142,-0.5899511575698853,-11.307939529418945,-7.410229206085205,6.001984596252441
9459,0,170,30,90,170,30,51,19,-0.8056054711341858,-0.1948828101158142,-0.5369726419448853,-4.514045715332031,-10.61633586883545,4.276793956756592
9460,0,170,30,98,170,30,51,24,-0.7601953148841858,-0.3611425757408142,-0.49644529819488525,-14.544580459594727,-2.6316030025482178,7.314961910247803
9461,0,170,30,98,170,30,52,13,-0.8566308617591858,-0.2537207007408142,-0.5003515481948853,-3.0025954246520996,9.67374038696289,-0.7003053426742554
9462,0,170,30,86,170,30,53,33,-0.8112207055091858,-0.3096289038658142,-0.5618749856948853,-13.994961738586426,-7.104885578155518,12.795877456665039
9463,0,170,30,89,170,30,53,19,-1.142519474029541,-0.012998048216104507,-0.19834960997104645,9.241679191589355,3.2615268230438232,-7.204122066497803
9464,31,170,30,142,170,30,52,57,-0.7721582055091858,-0.2129492163658142,-0.6209570169448853,-14.956793785095215,-17.80717658996582,-24.4865665435791
9465,60,170,30,208,170,30,51,59,-0.6225000023841858,-0.08746093511581421,-0.5955663919448853,6.829465866088867,-27.16595458984375,-25.32625961303711
9466,68,170,30,254,170,30,52,15,-0.8610253930091858,-0.2664160132408142,-0.49766600131988525,-3.8270225524902344,-4.524733066558838,-6.715572357177734
9467,67,170,30,263,170,30,53,1,-0.8615136742591858,-0.2712988257408142,-0.46177732944488525,-0.36137402057647705,-0.4178626239299774,-0.7613739967346191
9468,64,170,30,256,170,30,53,19,-0.8507714867591858,-0.2473730444908142,-0.5189062356948853,3.3485498428344727,-10.249923706054688,-6.394961833953857
9469,49,170,30,223,170,30,54,3,-0.8700585961341858,-0.3635839819908142,-0.41832029819488525,-1.2468701601028442,-1.5629007816314697,0.36839693784713745
9470,14,170,30,149,170,30,64,179,-0.8156152367591858,-0.5747656226158142,-0.6080175638198853,56.569923400878906,122.37602996826172,0.9180152416229248
9471,3,170,30,95,170,30,64,64,-0.3429589867591858,-0.2224707007408142,-0.7552343606948853,49.59282684326172,-4.814809322357178,-9.875877380371094
9472,0,170,30,74,170,30,53,175,-1.156679630279541,-0.3682226538658142,-0.35752928256988525,-70.22396850585938,-72.7842788696289,32.6126708984375
9473,0,170,30,71,170,30,53,49,-1.127626895904541,-0.2515234351158142,-0.32408201694488525,19.501222610473633,8.666107177734375,20.902748107910156
9474,0,170,30,74,170,30,52,33,-0.8229394555091858,-0.2246679663658142,-0.5196386575698853,-8.590381622314453,-9.013282775878906,16.276792526245117
9475,0,170,30,65,170,30,54,29,-0.7758203148841858,-0.3638281226158142,-0.5787206888198853,-13.323206901550293,9.887480735778809,5.956183433532715
9476,0,170,30,59,170,30,54,12,-0.8732324242591858,-0.2114843726158142,-0.46128904819488525,-8.941527366638184,2.513435125350952,0.856946587562561
9477,0,170,30,57,170,30,54,33,-0.9462304711341858,-0.2009863257408142,-0.49302732944488525,-8.575115203857422,-12.219388961791992,12.841679573059082
9478,13,170,30,69,170,30,53,22,-0.8534570336341858,-0.2400488257408142,-0.5557714700698853,-1.8422900438308716,-11.349160194396973,-9.52473258972168
9479,29,170,30,98,170,30,52,32,-0.7914453148841858,-0.3445410132408142,-0.5560156106948853,-12.514045715332031,-13.56290054321289,-6.761373996734619
9480,31,170,30,110,170,30,52,40,-0.9174218773841858,-0.2639746069908142,-0.46324217319488525,-6.697251796722412,-16.723207473754883,-17.341527938842773
9481,35,170,30,129,170,30,52,27,-0.8622460961341858,-0.1975683569908142,-0.47325193881988525,-9.384275436401367,-9.65450382232666,-8.36442756652832
9482,35,170,30,140,170,30,53,10,-0.8629785180091858,-0.3023046851158142,-0.49205076694488525,-7.949160099029541,2.696641206741333,0.21572519838809967
9483,21,170,30,131,170,30,54,32,-0.9518457055091858,-0.2481054663658142,-0.36583006381988525,-6.452977180480957,23.826412200927734,2.4600000381469727
9484,5,170,30,81,170,30,61,177,-0.6928125023841858,-0.4202246069908142,-0.6165624856948853,53.791297912597656,119.91801452636719,4.078320503234863
9485,0,170,30,48,170,30,60,152,-0.4288964867591858,-0.4656347632408142,-1.0042577981948853,-86.97206115722656,19.689006805419922,-46.0743522644043
9486,0,170,30,23,170,30,55,63,-0.9096093773841858,0.1857324242591858,-0.39903318881988525,-2.605648994445801,-48.24992370605469,-12.288091659545898
9487,0,170,30,15,170,30,55,92,-0.9198632836341858,-0.3779882788658142,-0.7193456888198853,68.81420135498047,-14.005648612976074,-9.61633586883545
9488,0,170,30,12,170,30,53,123,-0.6806054711341858,-0.2993749976158142,-0.6783300638198853,-73.97969055175781,-24.44839859008789,24.979082107543945
9489,0,170,30,10,170,30,54,72,-0.7030664086341858,-0.08672851324081421,-0.6177831888198853,-39.55221176147461,0.3149617910385132,32.505802154541016
9490,0,170,30,10,170,30,52,57,-0.7287011742591858,-0.05889648571610451,-0.7086035013198853,-32.10183334350586,-9.593435287475586,15.452366828918457
9491,0,170,30,11,170,30,51,13,-0.7641015648841858,-0.04278320446610451,-0.7125097513198853,1.6844274997711182,-7.852977275848389,3.8951146602630615
9493,0,170,30,15,170,30,49,41,-0.8031640648841858,0.03924804553389549,-0.6834570169448853,-15.704886436462402,-14.78427505493164,11.14702320098877
9494,10,170,30,27,170,30,49,10,-0.8104882836341858,0.018740233033895493,-0.6568456888198853,3.867633819580078,1.658473253250122,-5.005648612976074
9495,16,170,30,35,170,30,49,14,-0.8236718773841858,0.0016503892838954926,-0.6348730325698853,6.401984691619873,-1.1659542322158813,-6.685038089752197
9496,5,170,30,29,170,30,50,58,-0.8851953148841858,0.08246093988418579,-0.5850683450698853,16.310380935668945,23.6126708984375,-18.883512496948242
9497,0,170,30,24,170,30,50,42,-0.7655664086341858,-0.06475585699081421,-0.6963964700698853,-18.040761947631836,-17.02855110168457,7.5745038986206055
9498,0,170,30,24,170,30,49,14,-0.8046289086341858,-0.05914062634110451,-0.6089941263198853,-5.750687122344971,-5.471297740936279,3.559236764907837
9499,0,170,30,24,170,30,49,13,-0.8109765648841858,0.04901367053389549,-0.6182714700698853,4.966870307922363,-0.2041221559047699,7.9256486892700195
9500,0,170,30,28,170,30,50,14,-0.6832910180091858,0.03216796740889549,-0.6839452981948853,5.28748083114624,0.7729770541191101,-8.547633171081543
9501,0,170,30,29,170,30,49,7,-0.8803125023841858,0.09686523675918579,-0.5955663919448853,2.1424427032470703,-3.2575571537017822,1.7119084596633911
9502,7,170,30,38,170,30,49,18,-0.8351464867591858,0.1449609398841858,-0.6182714700698853,4.325648784637451,-7.66977071762085,6.918015480041504
9503,45,170,30,87,170,30,49,61,-0.9147363305091858,0.04510742053389549,-0.6580663919448853,28.234046936035156,-24.76900863647461,8.979084014892578
9504,81,170,30,177,170,30,48,40,-1.036074161529541,0.09808593988418579,-0.7569433450698853,8.478320121765137,-26.616336822509766,5.513435363769531
9505,90,170,30,233,170,30,48,9,-0.8429589867591858,-0.026669923216104507,-0.5706640481948853,-0.9262595176696777,-1.1201527118682861,-7.326259613037109
9506,52,170,30,163,170,30,51,120,-1.248476505279541,-0.05743164196610451,-0.21080078184604645,18.78366470336914,46.498165130615234,-55.03618240356445
9507,17,170,30,81,170,30,59,77,-0.5526757836341858,-0.03790039196610451,-0.7811132669448853,52.1882438659668,23.093585968017578,2.1393892765045166
9508,4,170,30,39,170,30,53,112,-0.8324609398841858,-0.4343847632408142,-0.8113867044448853,19.882902145385742,-55.944580078125,-36.30335998535156
9509,0,170,30,19,170,30,50,53,-0.8312402367591858,-0.3694433569908142,-0.49766600131988525,-9.36900806427002,-32.41786193847656,-12.196488380432129
9510,0,170,30,10,170,30,51,28,-0.7028222680091858,-0.1450781226158142,-0.6861425638198853,9.470686912536621,-10.539999961853027,8.063053131103516
9511,0,170,30,8,170,30,50,21,-0.8053613305091858,-0.07159179449081421,-0.6634374856948853,-13.643816947937012,2.406564950942993,-5.631603240966797
9512,0,170,30,9,170,30,49,35,-0.7670312523841858,-0.2507910132408142,-0.5838476419448853,-2.8193893432617188,-27.22702407836914,4.979084014892578
9513,0,170,30,9,170,30,48,79,-0.8312402367591858,-0.1626562476158142,-0.5799413919448853,-22.17816734313965,-28.26519203186035,29.147022247314453
9514,12,170,30,16,170,30,50,16,-0.8651757836341858,-0.1289648413658142,-0.5784765481948853,11.56229019165039,-4.646870136260986,-0.5934350490570068
9515,21,170,30,27,170,30,50,28,-0.8344140648841858,-0.1416601538658142,-0.5189062356948853,-16.880456924438477,1.1088550090789795,10.124122619628906
9516,27,170,30,47,170,30,50,30,-0.8512597680091858,-0.12310546636581421,-0.6011816263198853,17.272214889526367,-10.875877380371094,2.444732904434204
9517,30,170,30,60,170,30,51,6,-0.8185449242591858,-0.10381835699081421,-0.49034178256988525,-0.13236641883850098,-4.1430535316467285,1.7424427270889282
9518,20,170,30,61,170,30,52,46,-1.094179630279541,0.0018945299088954926,-0.35801756381988525,3.226412296295166,14.711908340454102,-28.715574264526367
9519,4,170,30,55,170,30,64,214,-0.5697656273841858,-0.12481445074081421,-0.30552732944488525,26.340917587280273,121.55160522460938,66.1241226196289
9520,0,170,30,23,170,30,58,139,-0.6249414086341858,-0.2783789038658142,-0.6180273294448853,80.18824768066406,-54.41786193847656,4.9638166427612305
9521,0,170,30,10,170,30,53,114,-0.5773339867591858,-0.2725195288658142,-0.6641699075698853,-61.91862487792969,7.872213363647461,45.02488327026367
9522,0,170,30,5,170,30,53,53,-0.8192773461341858,-0.1326269507408142,-0.6380468606948853,-21.85755729675293,13.872213363647461,18.03251838684082
9524,0,170,30,4,170,30,52,29,-0.8427148461341858,-0.1729101538658142,-0.5240331888198853,-11.353740692138672,-6.2499237060546875,-12.333892822265625
9525,0,170,30,4,170,30,52,25,-0.8266015648841858,-0.2503027319908142,-0.5023046731948853,-19.506412506103516,-2.7537403106689453,-3.372061014175415
9526,0,170,30,5,170,30,51,40,-0.8339257836341858,-0.2114843726158142,-0.5562597513198853,-24.788854598999023,-10.310992240905762,4.948549747467041
9527,0,170,30,6,170,30,52,21,-0.8578515648841858,-0.2512792944908142,-0.5731054544448853,-13.18580150604248,4.956183433532715,3.727175712585449
9528,17,170,30,16,170,30,52,37,-0.8473535180091858,-0.2271093726158142,-0.6019140481948853,16.172977447509766,-16.234657287597656,4.78061056137085
9529,37,170,30,40,170,30,51,56,-0.8620019555091858,-0.2534765601158142,-0.6290136575698853,23.516489028930664,-12.372060775756836,20.35312843322754
9530,45,170,30,70,170,30,51,24,-0.8720117211341858,-0.2183203101158142,-0.48692381381988525,11.85236644744873,-4.158320903778076,8.276793479919434
9531,43,170,30,78,170,30,52,24,-0.8705468773841858,-0.11089843511581421,-0.5272070169448853,10.615724563598633,-2.051450490951538,-11.341526985168457
9532,22,170,30,63,170,30,54,79,-1.022890567779541,0.031191404908895493,-0.38682615756988525,16.06610679626465,17.383663177490234,-46.19649124145508
9533,5,170,30,43,170,30,63,123,-0.7301660180091858,-0.6299414038658142,-0.48155272006988525,22.493587493896484,94.78824615478516,6.307328224182129
9534,0,170,30,28,170,30,61,98,-0.5514550805091858,-0.2854589819908142,-0.7274023294448853,26.00503921508789,-31.0438175201416,41.86457824707031
9535,0,170,30,22,170,30,52,80,-0.7472558617591858,-0.3860449194908142,-0.6307226419448853,-24.865190505981445,-44.601070404052734,11.43709945678711
9536,0,170,30,14,170,30,52,67,-0.8158593773841858,-0.1753515601158142,-0.5491796731948853,-26.804121017456055,3.230992317199707,37.208091735839844
9537,0,170,30,13,170,30,52,13,-0.9323144555091858,0.028017576783895493,-0.7125097513198853,-2.2087020874023438,0.8645800948143005,10.047786712646484
9538,0,170,30,16,170,30,51,56,-0.8883691430091858,-0.1372656226158142,-0.46519529819488525,-23.949159622192383,-17.639238357543945,14.689007759094238
9539,0,170,30,22,170,30,51,37,-0.8895898461341858,-0.2532324194908142,-0.6131445169448853,-13.979695320129395,-11.623969078063965,11.498167991638184
9540,26,170,30,56,170,30,51,20,-0.8170800805091858,0.0006738267838954926,-0.40318357944488525,8.249312400817871,-5.08961820602417,7.055419921875
9541,52,170,30,103,170,30,51,66,-0.9227929711341858,-0.3027929663658142,-0.43516600131988525,39.86763381958008,-18.662137985229492,7.834045886993408
9542,50,170,30,115,170,30,52,21,-0.8820214867591858,-0.04009765759110451,-0.5355077981948853,-15.796488761901855,-1.5781679153442383,4.1393890380859375
9543,18,170,30,75,170,30,58,157,-0.8871484398841858,-0.2170996069908142,-0.42149412631988525,44.75313186645508,81.8416748046875,-30.700305938720703
9544,4,170,30,43,170,30,59,130,-0.9494042992591858,-0.5896582007408142,-0.6688085794448853,74.52412414550781,7.322595596313477,-48.898780822753906
9545,0,170,30,38,170,30,55,66,-0.7987695336341858,-0.5127539038658142,-0.6663671731948853,-40.223968505859375,-2.524732828140259,-23.860610961914062
9546,0,170,30,35,170,30,54,21,-0.9489160180091858,-0.1726660132408142,-0.35728514194488525,-20.17816734313965,-1.1048855781555176,-0.0590839684009552
9547,0,170,30,35,170,30,53,39,-0.9862695336341858,-0.1431249976158142,-0.39878904819488525,-1.7354198694229126,-22.280458450317383,15.72717571258545
9548,4,170,30,48,170,30,53,50,-0.9044824242591858,-0.2139257788658142,-0.46202147006988525,-23.307937622070312,9.307328224182129,17.696640014648438
9549,32,170,30,80,170,30,54,13,-0.9230371117591858,-0.3980078101158142,-0.6143652200698853,11.745495796203613,-1.074351191520691,-1.1277862787246704
9550,68,170,30,145,170,30,54,42,-0.7990136742591858,-0.2246679663658142,-0.40562498569488525,34.111907958984375,-5.6392364501953125,-2.547633647918701
9551,81,170,30,188,170,30,54,19,-0.8878808617591858,-0.1416601538658142,-0.5870214700698853,-9.689619064331055,-0.1277862787246704,9.711908340454102
9552,70,170,30,174,170,30,55,21,-0.8722558617591858,-0.1748632788658142,-0.47642576694488525,10.157709121704102,-2.2499237060546875,-9.219388961791992
9553,28,170,30,122,170,30,57,93,-0.9733300805091858,-0.2559179663658142,-0.49278318881988525,19.7302303314209,42.75770950317383,-30.60870361328125
9554,8,170,30,80,170,30,59,50,-0.5587792992591858,-0.5259374976158142,-0.7562109231948853,3.08900785446167,31.73480987548828,-15.784274101257324
9555,1,170,30,51,170,30,53,146,-0.6337304711341858,-0.2837499976158142,-0.7852636575698853,-43.3690071105957,-52.31099319458008,-50.74610900878906
9556,0,170,30,40,170,30,48,119,-0.9743066430091858,-0.3303808569908142,-0.37266600131988525,-32.01022720336914,-51.92931365966797,-35.1888542175293
9557,0,170,30,44,170,30,49,58,-0.7782617211341858,-0.5491308569908142,-0.12486328184604645,13.837099075317383,-26.40259552001953,-17.84534454345703
9558,0,170,30,60,170,30,50,52,-0.4176660180091858,-0.3613867163658142,-0.7711035013198853,23.440153121948242,24.63557243347168,-4.104885578155518
9559,0,170,30,74,170,30,49,42,-0.6495996117591858,-0.2586035132408142,-0.6077734231948853,-23.47587776184082,-3.4712977409362793,15.528702735900879
9560,0,170,30,88,170,30,49,25,-0.8805566430091858,-0.3149999976158142,-0.40586912631988525,-5.048396587371826,-3.165954113006592,16.841678619384766
9561,15,170,30,107,170,30,51,32,-0.8768945336341858,-0.2468847632408142,-0.5228124856948853,-13.796488761901855,8.208091735839844,10.841679573059082
9562,55,170,30,144,170,30,53,35,-0.7975488305091858,-0.1299414038658142,-0.5374609231948853,-18.147632598876953,-0.34152674674987793,-16.761375427246094
9563,90,170,30,209,170,30,52,68,-1.092714786529541,-0.6040624976158142,-0.5084081888198853,3.302748203277588,-34.1888542175293,-30.86824607849121
9564,105,170,30,269,170,30,52,44,-0.8744531273841858,-0.3875097632408142,-0.29380857944488525,4.5699238777160645,-23.059083938598633,-17.356794357299805
9565,102,170,30,301,170,30,53,33,-0.9896875023841858,-0.3980078101158142,-0.6019140481948853,22.78366470336914,0.34549617767333984,10.5058012008667
9566,92,170,30,292,170,30,54,22,-0.8273339867591858,-0.2149023413658142,-0.33042967319488525,1.8218320608139038,9.689007759094238,10.5058012008667
9567,80,170,30,264,170,30,56,30,-0.8505273461341858,-0.2803320288658142,-0.45909178256988525,-6.162900447845459,13.429465293884277,10.918015480041504
9569,69,170,30,231,170,30,58,13,-0.8751855492591858,-0.1873144507408142,-0.5420995950698853,-7.6896185874938965,4.482900619506836,1.7271755933761597
9570,65,170,30,205,170,30,58,14,-0.8554101586341858,-0.3040136694908142,-0.45909178256988525,-4.34610652923584,1.5974047183990479,-8.227023124694824
9571,56,170,30,182,170,30,58,17,-0.9113183617591858,-0.1729101538658142,-0.44175779819488525,-1.4911450147628784,-2.448396921157837,-13.646870613098145
9572,17,170,30,161,170,30,62,87,-0.7179589867591858,-0.3994726538658142,-0.5162206888198853,30.72259521484375,45.03251647949219,-12.150687217712402
9573,5,170,30,153,170,30,58,79,-0.8358789086341858,-0.4033789038658142,-0.5543066263198853,11.073740005493164,-52.06671905517578,16.09358787536621
9574,0,170,30,149,170,30,56,49,-0.6891503930091858,-0.2617773413658142,-0.42491209506988525,20.72259521484375,-22.57053565979004,-6.440763473510742
9575,0,170,30,155,170,30,55,29,-0.7829003930091858,-0.2615332007408142,-0.35826170444488525,8.997404098510742,9.933282852172852,10.307328224182129
9576,0,170,30,160,170,30,55,15,-0.8727441430091858,-0.2842382788658142,-0.42417967319488525,6.951603412628174,-3.5323662757873535,4.566870212554932
9577,0,170,30,171,170,30,55,28,-0.8580957055091858,-0.3369726538658142,-0.47154295444488525,17.272214889526367,-7.013282299041748,-3.723206043243408
9578,0,170,30,181,170,30,56,42,-0.8590722680091858,-0.2905859351158142,-0.39756834506988525,-12.6056489944458,8.131755828857422,21.58976936340332
9579,24,170,30,203,170,30,57,36,-0.8163476586341858,-0.2859472632408142,-0.31626951694488525,-3.4758777618408203,-11.379694938659668,-21.57053565979004
9580,69,170,30,261,170,30,55,46,-0.8124414086341858,-0.2476171851158142,-0.42857420444488525,-7.872824192047119,-20.295726776123047,-17.860610961914062
9581,86,170,30,314,170,30,54,50,-0.8561425805091858,-0.3088964819908142,-0.18296875059604645,29.0432071685791,-18.891145706176758,-2.8529770374298096
9582,74,170,30,316,170,30,56,56,-0.9013085961341858,-0.5469335913658142,-0.25401365756988525,0.32564884424209595,29.35312843322754,26.49053382873535
9583,56,170,30,269,170,30,59,21,-0.7977929711341858,-0.3274511694908142,-0.32066404819488525,-5.262137413024902,14.391297340393066,1.4523664712905884
9584,49,170,30,230,170,30,60,31,-0.8646875023841858,-0.2918066382408142,-0.33580076694488525,-17.781221389770508,5.521068572998047,-8.227023124694824
9585,28,170,30,207,170,30,61,93,-1.115175724029541,-0.1250585913658142,-0.16539062559604645,18.020305633544922,20.559236526489258,-54.86824417114258
9586,7,170,30,193,170,30,67,99,-0.7382226586341858,-0.5899023413658142,-0.5367285013198853,8.249312400817871,75.24626159667969,15.92564868927002
9587,1,170,30,172,170,30,64,54,-0.6713281273841858,-0.6062597632408142,-0.5650488138198853,18.829465866088867,-34.5858039855957,1.4218320846557617
9588,0,170,30,148,170,30,60,32,-0.7694726586341858,-0.1812109351158142,-0.45884764194488525,15.898167610168457,-14.020915985107422,2.8569467067718506
9589,0,170,30,141,170,30,56,67,-0.8905664086341858,-0.1692480444908142,-0.39732420444488525,25.333282470703125,-30.78427505493164,11.742443084716797
9590,0,170,30,150,170,30,54,46,-0.9220605492591858,-0.3477148413658142,-0.28868162631988525,-1.4758778810501099,-21.517099380493164,23.84931182861328
9591,0,170,30,159,170,30,56,33,-0.8353906273841858,-0.3916601538658142,-0.32139647006988525,5.409618377685547,5.902748107910156,22.6126708984375
9592,6,170,30,178,170,30,57,5,-0.8766503930091858,-0.2817968726158142,-0.35826170444488525,-1.09419846534729,-0.2957252264022827,-4.593435287475586
9593,42,170,30,206,170,30,58,47,-0.7916894555091858,-0.1868261694908142,-0.19712890684604645,-26.910991668701172,-10.52473258972168,-10.242290496826172
9594,73,170,30,242,170,30,55,90,-0.8727441430091858,-0.2483496069908142,-0.22032226622104645,15.547022819519043,-56.69267272949219,-17.906414031982422
9595,89,170,30,282,170,30,54,48,-0.9037500023841858,-0.2839941382408142,-0.17125000059604645,22.78366470336914,-16.463665008544922,8.933282852172852
9596,84,170,30,285,170,30,55,48,-0.8888574242591858,-0.4424414038658142,-0.13853515684604645,19.516489028930664,10.83404541015625,18.582136154174805
9597,62,170,30,256,170,30,58,35,-0.8659082055091858,-0.3689550757408142,-0.33458006381988525,9.043206214904785,14.024885177612305,12.246259689331055
9598,47,170,30,200,170,30,61,17,-0.8739648461341858,-0.3433203101158142,-0.18150390684604645,-4.62091588973999,10.574503898620605,2.7958779335021973
9599,44,170,30,144,170,30,62,19,-0.9008203148841858,-0.3269628882408142,-0.36631834506988525,-9.323206901550293,3.8874807357788086,-6.623969554901123
9600,48,170,30,109,170,30,63,29,-1.019716739654541,-0.2764257788658142,-0.25547850131988525,-6.758320331573486,-13.07435131072998,-9.81480884552002
9601,18,170,30,87,170,30,65,121,-0.8942285180091858,-0.3706640601158142,-0.30796873569488525,12.600458145141602,58.543968200683594,-50.22702407836914
9602,4,170,30,81,170,30,68,91,-0.6950097680091858,-0.2883886694908142,-0.44664061069488525,27.653894424438477,43.64320373535156,19.940916061401367
9603,0,170,30,79,170,30,64,21,-0.8368554711341858,-0.6023535132408142,-0.5262304544448853,-0.9567939043045044,-2.723206043243408,17.498167037963867
9604,0,170,30,78,170,30,61,36,-0.8934960961341858,-0.4778417944908142,-0.43125975131988525,4.23404598236084,-26.463665008544922,-6.08961820602417
9605,0,170,30,81,170,30,59,35,-0.9474511742591858,-0.3152441382408142,-0.30015623569488525,-0.9262595176696777,-28.78427505493164,6.154656410217285
9606,0,170,30,83,170,30,59,40,-0.9013085961341858,-0.3772558569908142,-0.26499998569488525,19.241680145263672,-8.03618335723877,13.43709945678711
9607,10,170,30,100,170,30,59,23,-0.8920312523841858,-0.3350195288658142,-0.31749022006988525,11.669159889221191,-6.906412124633789,-4.822442531585693
9608,41,170,30,139,170,30,59,56,-0.8690820336341858,-0.3533300757408142,-0.26451170444488525,-22.697250366210938,-19.715574264526367,-13.707939147949219
9609,77,170,30,202,170,30,59,79,-0.9369531273841858,-0.1917089819908142,-0.9312597513198853,6.249312877655029,-46.112518310546875,-27.341527938842773
9610,90,170,30,246,170,30,54,47,-0.9159570336341858,-0.5596289038658142,-0.27085936069488525,15.058472633361816,-28.20412254333496,3.879847288131714
9611,67,170,30,223,170,30,58,62,-1.000917911529541,-0.2979101538658142,-0.17393554747104645,6.966870307922363,41.93328094482422,13.971450805664062
9612,46,170,30,171,170,30,61,55,-0.9413476586341858,-0.4053320288658142,-0.26890623569488525,-12.712519645690918,29.49053382873535,13.208091735839844
9613,44,170,30,147,170,30,62,18,-0.8663964867591858,-0.3831152319908142,-0.45347654819488525,-16.025495529174805,2.1470229625701904,0.7806106805801392
9614,52,170,30,145,170,30,62,33,-0.9118066430091858,-0.4963964819908142,-0.32432615756988525,-14.972061157226562,-7.4254961013793945,-11.03618335723877
9615,27,170,30,144,170,30,64,149,-1.248720645904541,-0.04498047009110451,0.019423827528953552,31.409618377685547,35.21572494506836,-82.8987808227539
9616,7,170,30,145,170,30,69,162,-0.6559472680091858,-0.4851660132408142,-0.37803709506988525,29.272214889526367,68.3149642944336,64.70427703857422
9617,1,170,30,145,170,30,61,102,-0.7875390648841858,-0.6770605444908142,-0.25596678256988525,-0.865190863609314,-65.36442565917969,36.07831954956055
9618,0,170,30,139,170,30,56,76,-0.9230371117591858,-0.3120703101158142,-0.37144529819488525,0.9974045753479004,-61.013282775878906,14.872213363647461
9619,0,170,30,137,170,30,57,38,-0.8749414086341858,-0.4448828101158142,-0.19053710997104645,29.333282470703125,-2.372061014175415,6.7500762939453125
9620,0,170,30,133,170,30,59,32,-0.9147363305091858,-0.3574804663658142,-0.23228515684604645,-5.0789313316345215,25.093585968017578,2.383664131164551
9621,10,170,30,133,170,30,61,31,-0.9288964867591858,-0.2839941382408142,-0.28648436069488525,-7.033129692077637,16.742441177368164,7.803511619567871
9622,54,170,30,193,170,30,62,32,-0.8495507836341858,-0.2991308569908142,-0.10801757872104645,-24.45297622680664,-1.9751145839691162,-6.059083938598633
9623,96,170,30,264,170,30,61,83,-0.8278222680091858,-0.2007421851158142,-0.26915037631988525,8.72259521484375,-47.60870361328125,-27.295726776123047
9624,114,170,30,317,170,30,58,40,-0.8473535180091858,-0.3655371069908142,-0.46568357944488525,-0.0560305118560791,-38.219390869140625,2.6126718521118164
9625,116,170,30,337,170,30,58,58,-0.9374414086341858,-0.4514746069908142,-0.03794921934604645,42.6309928894043,-3.807175636291504,12.292060852050781
9626,98,170,30,317,170,30,61,70,-0.9640527367591858,-0.2319921851158142,-0.32823240756988525,6.676794052124023,46.08595275878906,17.57450294494629
9627,72,170,30,261,170,30,65,21,-0.9157128930091858,-0.3259863257408142,-0.27696287631988525,4.875267505645752,16.19282341003418,-0.18122133612632751
9628,58,170,30,210,170,30,66,20,-0.8739648461341858,-0.2756933569908142,-0.34947264194488525,-6.3613739013671875,10.574503898620605,-3.631603240966797
9629,52,170,30,179,170,30,66,35,-0.8932519555091858,-0.2712988257408142,-0.27549803256988525,-20.208702087402344,-1.837709903717041,-13.845343589782715
9630,18,170,30,145,170,30,68,83,-1.012880802154541,-0.3823828101158142,-0.22349609434604645,-1.2316030263900757,34.46763229370117,-47.830078125
9631,4,170,30,128,170,30,70,111,-0.7079492211341858,-0.4497656226158142,-0.42735350131988525,-34.11709976196289,55.719539642333984,-21.341527938842773
9632,0,170,30,98,170,30,66,159,-0.3815332055091858,-0.4363378882408142,-0.6866308450698853,-110.55984497070312,10.818778991699219,38.322593688964844
9633,0,170,30,64,170,30,63,81,-0.8617578148841858,-0.2466406226158142,-0.5103613138198853,-50.95679473876953,11.96381664276123,-18.135419845581055
9634,0,170,30,40,170,30,63,112,-0.9227929711341858,-0.05132812634110451,-0.44273436069488525,34.73786163330078,-32.72320556640625,-44.99038314819336
9635,0,170,30,42,170,30,58,206,-1.876406192779541,-0.6233496069908142,-0.5962988138198853,-76.04076385498047,-54.173587799072266,75.97145080566406
9636,0,170,30,65,170,30,55,58,-0.8075585961341858,-0.3311132788658142,-0.35264647006988525,-24.498777389526367,12.25389289855957,22.185190200805664
9637,20,170,30,107,170,30,56,13,-0.8698144555091858,-0.3867773413658142,-0.5379492044448853,3.684427261352539,-2.5705342292785645,7.391297817230225
9638,61,170,30,177,170,30,54,54,-0.7228417992591858,-0.09698241949081421,-0.47178709506988525,-12.819389343261719,-19.593435287475586,-22.02855110168457
9639,42,170,30,211,170,30,58,172,-1.019472599029541,-0.1668066382408142,-0.45201170444488525,43.19587707519531,84.02488708496094,-45.05145263671875
9640,12,170,30,188,170,30,59,46,-0.7660546898841858,-0.2471289038658142,-0.6736913919448853,-24.101831436157227,13.460000038146973,8.643206596374512
9641,3,170,30,160,170,30,56,64,-0.8173242211341858,-0.1878027319908142,-0.5272070169448853,-36.31557083129883,-14.585801124572754,13.696640968322754
9643,0,170,30,153,170,30,54,34,-0.8715234398841858,-0.2981542944908142,-0.46470701694488525,-4.514045715332031,-25.456031799316406,4.78061056137085
9644,5,170,30,174,170,30,53,24,-0.8849511742591858,-0.1758398413658142,-0.6019140481948853,15.150075912475586,-7.150687217712402,2.20045804977417
9645,49,170,30,238,170,30,54,39,-0.8739648461341858,-0.11871093511581421,-0.5262304544448853,22.14244270324707,-12.005648612976074,5.803511619567871
9646,102,170,30,319,170,30,53,53,-1.079775333404541,-0.6450781226158142,-0.7542577981948853,13.867632865905762,-21.379695892333984,18.35312843322754
9647,114,170,30,343,170,30,54,27,-0.8981347680091858,-0.1751074194908142,-0.5521093606948853,-11.979695320129395,-0.6926717758178711,-15.265191078186035
9648,36,170,30,271,170,30,60,88,-0.7018457055091858,-0.6050390601158142,-0.6607519388198853,39.47068786621094,39.58213806152344,-9.478931427001953
9649,12,170,30,211,170,30,56,55,-0.7196679711341858,-0.4561132788658142,-0.6429296731948853,-8.956793785095215,-46.12778854370117,0.017251908779144287
9650,2,170,30,185,170,30,53,78,-0.9262109398841858,-0.06377929449081421,-0.40538084506988525,9.089007377624512,-44.31099319458008,25.13175392150879
9651,0,170,30,188,170,30,53,67,-0.8102441430091858,-0.1714453101158142,-0.48326170444488525,15.195877075195312,-36.32625961303711,15.620305061340332
9652,0,170,30,192,170,30,54,30,-0.8292871117591858,-0.1492285132408142,-0.45494139194488525,-7.445343494415283,-4.845343589782715,18.475265502929688
9653,0,170,30,201,170,30,55,15,-0.8703027367591858,0.022402342408895493,-0.29820311069488525,4.081374168395996,1.8111450672149658,9.803511619567871
9654,46,170,30,227,170,30,55,80,-0.6859765648841858,-0.08916991949081421,-0.43833982944488525,-8.376641273498535,-35.501834869384766,-36.18122100830078
9655,104,170,30,247,170,30,55,35,-0.9423242211341858,0.03802734240889549,-0.43492186069488525,-22.010229110717773,8.284427642822266,-5.005648612976074
9656,45,170,30,207,170,30,59,71,-0.8488183617591858,-0.2942480444908142,-0.47007811069488525,23.714962005615234,34.879844665527344,-12.776640892028809
9657,13,170,30,167,170,30,61,29,-0.9237695336341858,-0.1682714819908142,-0.41368162631988525,2.661526679992676,26.147022247314453,-0.4254961907863617
9658,2,170,30,134,170,30,61,12,-0.9381738305091858,-0.1516699194908142,-0.42710936069488525,-1.0178625583648682,-5.898778438568115,5.208091735839844
9659,7,170,30,133,170,30,61,17,-0.9144921898841858,-0.1597265601158142,-0.36119139194488525,11.058472633361816,1.3531298637390137,4.689007759094238
9660,37,170,30,175,170,30,61,25,-0.9833398461341858,-0.11822265386581421,-0.5149999856948853,7.699694633483887,-17.303359985351562,0.429465651512146
9661,50,170,30,188,170,30,61,35,-0.9430566430091858,-0.2185644507408142,-0.36363279819488525,18.50885581970215,-6.830076217651367,9.986717224121094
9662,43,170,30,191,170,30,61,10,-0.8959375023841858,-0.12090820074081421,-0.38316404819488525,0.5241221189498901,-6.066717624664307,4.063053131103516
9663,19,170,30,183,170,30,63,72,-1.005800724029541,-0.1262792944908142,-0.24644531309604645,10.82946491241455,21.948549270629883,-39.64686965942383
9664,5,170,30,167,170,30,68,89,-0.8698144555091858,-0.4841894507408142,-0.40416014194488525,28.06610679626465,56.00961685180664,-5.753740310668945
9665,0,170,30,91,170,30,70,88,-0.7643457055091858,-0.3757910132408142,-0.40611326694488525,47.36381912231445,29.62793731689453,-11.097251892089844
9666,0,170,30,49,170,30,68,34,-0.8966699242591858,-0.3455175757408142,-0.6136327981948853,-12.972061157226562,21.246257781982422,0.1851908564567566
9667,0,170,30,42,170,30,65,20,-0.8263574242591858,-0.3442968726158142,-0.48545897006988525,3.684427261352539,-6.769007682800293,-9.631603240966797
9668,0,170,30,54,170,30,62,55,-0.7997460961341858,-0.3696874976158142,-0.44639647006988525,-10.819389343261719,-21.837711334228516,22.979082107543945
9669,0,170,30,84,170,30,61,38,-0.8368554711341858,-0.3040136694908142,-0.46153318881988525,-18.81938934326172,-4.631603240966797,15.330228805541992
9670,15,170,30,144,170,30,60,23,-0.9252343773841858,-0.2510351538658142,-0.5023046731948853,-8.941527366638184,-12.677404403686523,-1.5399999618530273
9671,54,170,30,207,170,30,57,39,-0.8092675805091858,-0.3037695288658142,-0.16734375059604645,2.23404598236084,-24.692672729492188,-12.639236450195312
9672,51,170,30,222,170,30,58,6,-0.9047265648841858,-0.1819433569908142,-0.44688475131988525,-2.42244291305542,3.8569464683532715,-0.2728244364261627
9673,17,170,30,183,170,30,61,54,-0.8744531273841858,-0.2959570288658142,-0.39390623569488525,14.951602935791016,33.459999084472656,-6.1812214851379395
9674,3,170,30,125,170,30,62,18,-0.9005761742591858,-0.2578710913658142,-0.40464842319488525,2.0203053951263428,15.292060852050781,0.7653435468673706
9675,0,170,30,85,170,30,61,29,-0.8615136742591858,-0.2891210913658142,-0.48008787631988525,-7.933892726898193,-3.944580078125,17.25389289855957
9676,7,170,30,81,170,30,61,64,-0.9149804711341858,-0.1624121069908142,-0.45274412631988525,60.096641540527344,-2.448396921157837,1.467633605003357
9677,48,170,30,129,170,30,60,27,-0.9091210961341858,-0.2112402319908142,-0.44541990756988525,0.41725191473960876,-1.2270228862762451,25.666105270385742
9678,77,170,30,186,170,30,61,38,-0.8800683617591858,-0.2036718726158142,-0.37120115756988525,19.241680145263672,-15.242290496826172,3.6508398056030273
9679,46,170,30,186,170,30,61,79,-1.147158145904541,0.05462890490889549,-0.05308593809604645,-0.6514503955841064,2.696641206741333,-76.4560317993164
9680,14,170,30,133,170,30,67,100,-0.8822656273841858,-0.6665624976158142,-0.49375975131988525,14.020304679870605,73.64320373535156,-13.03618335723877
9681,3,170,30,104,170,30,65,68,-0.5863671898841858,-0.3770117163658142,-0.5772558450698853,16.96687126159668,-42.70793914794922,8.612671852111816
9682,0,170,30,90,170,30,58,92,-0.8109765648841858,-0.1787695288658142,-0.39244139194488525,-17.01786231994629,-21.394962310791016,54.58213806152344
9683,0,170,30,88,170,30,57,20,-0.7758203148841858,-0.4011816382408142,-0.27720701694488525,-12.269771575927734,7.185190677642822,1.1775572299957275
9684,0,170,30,91,170,30,58,56,-0.8988671898841858,-0.3914160132408142,-0.34874022006988525,-36.89572525024414,8.54396915435791,10.627939224243164
9685,0,170,30,97,170,30,59,37,-0.8444238305091858,-0.3176855444908142,-0.41783201694488525,-13.338473320007324,-4.020915985107422,20.566869735717773
9686,15,170,30,115,170,30,59,25,-0.9596582055091858,-0.2429785132408142,-0.49644529819488525,-14.376641273498535,-10.799541473388672,-0.7003053426742554
9687,75,170,30,159,170,30,56,77,-1.012880802154541,-0.1287207007408142,-0.30113279819488525,-25.628549575805664,-35.19649124145508,-16.92931365966797
9688,71,170,30,160,170,30,58,17,-0.9223046898841858,-0.2991308569908142,-0.23838867247104645,-8.132367134094238,5.139389514923096,-3.7842745780944824
9689,23,170,30,107,170,30,61,54,-0.8358789086341858,-0.3728613257408142,-0.43907225131988525,1.3027480840682983,24.345495223999023,-28.944581985473633
9690,6,170,30,66,170,30,62,44,-0.9420800805091858,-0.2905859351158142,-0.40196287631988525,-16.330839157104492,6.238626003265381,21.895112991333008
9691,0,170,30,50,170,30,61,46,-0.8698144555091858,-0.3511328101158142,-0.40660154819488525,6.905801773071289,-9.822443008422852,29.437097549438477
9692,27,170,30,75,170,30,61,57,-0.8456445336341858,-0.3045019507408142,-0.33921873569488525,27.791297912597656,-14.738472938537598,15.101221084594727
9693,64,170,30,120,170,30,61,19,-0.9154687523841858,-0.3494238257408142,-0.32774412631988525,12.875267028808594,1.0019845962524414,-5.433129787445068
9694,88,170,30,170,170,30,62,40,-1.026796817779541,-0.3088964819908142,-0.46910154819488525,14.615724563598633,-6.998015403747559,18.55160140991211
9695,110,170,30,208,170,30,62,9,-0.9142480492591858,-0.3013281226158142,-0.38243162631988525,0.6767939329147339,5.460000038146973,3.7119083404541016
9696,106,170,30,177,170,30,62,36,-0.8361230492591858,-0.2891210913658142,-0.27037107944488525,1.4096183776855469,0.9867175221443176,-34.53236770629883
9697,36,170,30,107,170,30,68,146,-0.9393945336341858,-0.7202734351158142,-0.47105467319488525,13.501220703125,78.3149642944336,-55.12778854370117
9698,11,170,30,80,170,30,68,25,-0.4672265648841858,-0.2473730444908142,-0.6912695169448853,19.15007781982422,-6.173587799072266,-0.24229004979133606
9699,2,170,30,67,170,30,59,61,-1.163271427154541,-0.3628515601158142,-0.28575193881988525,7.989770889282227,-47.53236770629883,5.605038166046143
9700,0,170,30,76,170,30,58,78,-0.9208398461341858,-0.5530371069908142,-0.30699217319488525,30.06610679626465,-26.433130264282227,-22.181222915649414
9701,0,170,30,101,170,30,57,59,-0.9747949242591858,-0.2520117163658142,-0.21788085997104645,16.234045028686523,-15.501832008361816,28.21572494506836
9702,34,170,30,161,170,30,58,63,-0.8859277367591858,-0.4107031226158142,-0.43565428256988525,-14.956793785095215,-21.501832962036133,-27.40259552001953
9703,78,170,30,209,170,30,56,64,-0.8656640648841858,-0.2063574194908142,0.03626953065395355,-18.117097854614258,-35.41022872924805,-11.402595520019531
9704,50,170,30,250,170,30,59,157,-1.065859317779541,-0.1650976538658142,-0.26939451694488525,-68.2392349243164,57.21572494506836,-31.631603240966797
9705,16,170,30,208,170,30,60,35,-0.8358789086341858,-0.4946874976158142,-0.33091795444488525,-6.941526412963867,-6.998015403747559,22.03251838684082
9706,4,170,30,153,170,30,60,35,-0.8361230492591858,-0.4277929663658142,-0.39561522006988525,-6.422442436218262,-10.692671775817871,18.643205642700195
9707,2,170,30,127,170,30,59,36,-0.9345117211341858,-0.2258886694908142,-0.27208006381988525,16.936336517333984,-9.929312705993652,9.92564868927002
9708,22,170,30,137,170,30,60,30,-0.9445214867591858,-0.4941992163658142,-0.12242187559604645,21.22641372680664,3.658473491668701,5.788244247436523
9709,71,170,30,195,170,30,59,73,-0.7943750023841858,-0.5816015601158142,-0.40831053256988525,6.401984691619873,-26.40259552001953,40.68900680541992
9710,77,170,30,238,170,30,60,18,-0.9386621117591858,-0.1921972632408142,-0.29795897006988525,4.615725040435791,-7.120152473449707,-6.410229206085205
9711,44,170,30,246,170,30,61,43,-1.019716739654541,-0.3474707007408142,-0.12632812559604645,-10.681984901428223,14.314961433410645,-18.16595458984375
9712,13,170,30,191,170,30,66,176,-0.7335839867591858,-0.5147070288658142,-0.18296875059604645,62.554656982421875,96.80351257324219,-16.975114822387695
9713,2,170,30,83,170,30,70,186,-0.7367578148841858,-0.3843359351158142,-0.48179686069488525,-48.25450134277344,80.22335815429688,57.97145080566406
9714,0,170,30,29,170,30,71,114,-0.8480859398841858,0.3068261742591858,-0.46397459506988525,-71.13999938964844,17.41419792175293,25.788244247436523
9715,0,170,30,14,170,30,66,76,-0.8815332055091858,-0.5317968726158142,-0.28208982944488525,-44.4835090637207,-23.669771194458008,-8.685038566589355
9717,0,170,30,11,170,30,65,106,-0.8554101586341858,-0.2727636694908142,-0.5049902200698853,-47.52167892456055,38.77297592163086,20.62793731689453
9718,0,170,30,12,170,30,63,43,-1.293398380279541,0.029238279908895493,-0.5110937356948853,-3.3537402153015137,-9.196488380432129,30.887479782104492
9719,0,170,30,21,170,30,60,30,-0.9738183617591858,-0.04595703259110451,-0.6412206888198853,-1.2010687589645386,-19.532367706298828,9.376030921936035
9720,0,170,30,38,170,30,58,39,-0.9955468773841858,-0.03228515759110451,-0.5206152200698853,4.172976970672607,8.314961433410645,27.299694061279297
9721,0,170,30,60,170,30,59,55,-0.8698144555091858,-0.04131836071610451,-0.7086035013198853,-8.483511924743652,26.055418014526367,21.223358154296875
9722,0,170,30,87,170,30,56,26,-0.8585839867591858,-0.04058593884110451,-0.5706640481948853,-3.598015308380127,-13.16595458984375,9.574503898620605
9723,12,170,30,119,170,30,56,33,-0.9542871117591858,0.10223633050918579,-0.5638281106948853,-11.002595901489258,-2.769007682800293,-19.341527938842773
9724,50,170,30,158,170,30,55,56,-0.6476464867591858,0.05487304553389549,-0.6663671731948853,-16.361373901367188,1.5668702125549316,-38.761375427246094
9725,76,170,30,185,170,30,54,17,-0.8651757836341858,0.1998925805091858,-0.5013281106948853,6.127175807952881,-0.9064122438430786,-10.715572357177734
9726,39,170,30,167,170,30,57,171,-0.9540429711341858,-0.10259765386581421,-0.48008787631988525,66.58518981933594,84.83404541015625,-20.16595458984375
9727,12,170,30,140,170,30,57,65,-0.5795312523841858,-0.05694336071610451,-0.7493749856948853,32.447784423828125,-21.975114822387695,10.887480735778809
9728,2,170,30,110,170,30,54,53,-1.056337833404541,0.3541894555091858,-0.41221678256988525,0.6615267395973206,2.3149619102478027,50.53633499145508
9729,0,170,30,107,170,30,53,58,-0.7645898461341858,-0.3953222632408142,-0.7620702981948853,14.890534400939941,-10.61633586883545,-33.173587799072266
9730,0,170,30,120,170,30,53,39,-0.7560449242591858,-0.1694921851158142,-0.5416113138198853,22.20351219177246,5.811145305633545,-11.738472938537598
9731,0,170,30,128,170,30,52,41,-0.8781152367591858,-0.1267675757408142,-0.49668943881988525,-12.452977180480957,-3.6850380897521973,24.918014526367188
9732,8,170,30,150,170,30,52,33,-0.8881250023841858,-0.06109375134110451,-0.47593748569488525,-21.81175422668457,-2.9369466304779053,9.223359107971191
9733,49,170,30,179,170,30,52,70,-0.5060449242591858,-0.04058593884110451,-0.7708593606948853,-17.59801483154297,-21.104887008666992,-31.875877380371094
9734,67,170,30,184,170,30,51,48,-0.8053613305091858,-0.08843749761581421,-0.26915037631988525,15.806564331054688,-16.540000915527344,-16.41023063659668
9735,31,170,30,144,170,30,55,121,-1.095888614654541,0.04144531115889549,-0.18467773497104645,30.58519172668457,57.75007629394531,-33.32625961303711
9736,8,170,30,118,170,30,63,132,-0.6710839867591858,-0.3240332007408142,-0.5452734231948853,22.936336517333984,53.429466247558594,55.83404541015625
9737,1,170,30,97,170,30,57,80,-0.6886621117591858,-0.3450292944908142,-0.8050390481948853,1.1653435230255127,-69.42549896240234,-9.738472938537598
9738,0,170,30,80,170,30,54,27,-0.9044824242591858,-0.027890626341104507,-0.5428320169448853,-1.0178625583648682,-20.921680450439453,5.986717700958252
9739,0,170,30,82,170,30,54,33,-0.9371972680091858,-0.1912207007408142,-0.42173826694488525,11.073740005493164,1.3989312648773193,20.67374038696289
9740,0,170,30,102,170,30,54,21,-0.9606347680091858,-0.10113281011581421,-0.49473631381988525,-4.666717529296875,-9.242290496826172,8.017251968383789
9741,38,170,30,129,170,30,55,69,-0.9357324242591858,0.011171873658895493,-0.6783300638198853,-12.590381622314453,-17.79191017150879,-38.91404724121094
9742,77,170,30,164,170,30,54,48,-0.9428125023841858,0.018007811158895493,-0.41539061069488525,-25.139999389648438,-9.410228729248047,-13.539999961853027
9743,71,170,30,167,170,30,55,12,-0.8932519555091858,-0.11797851324081421,-0.47569334506988525,1.4554197788238525,-7.257557392120361,-3.952213764190674
9744,23,170,30,132,170,30,61,156,-0.9411035180091858,-0.1641210913658142,-0.48912107944488525,61.837100982666016,70.69664001464844,-24.257558822631836
9745,6,170,30,102,170,30,63,58,-0.7575097680091858,0.029482420533895493,-0.5987402200698853,32.66152572631836,-4.555267333984375,20.902748107910156
9746,0,170,30,86,170,30,58,20,-0.6791406273841858,-0.4163183569908142,-0.6490331888198853,-2.0712976455688477,-10.845343589782715,7.543969631195068
9747,0,170,30,76,170,30,57,26,-0.9735742211341858,0.016787108033895493,-0.49791014194488525,-14.681984901428223,1.230992317199707,10.582137107849121
9748,0,170,30,70,170,30,57,69,-0.8068261742591858,-0.2134374976158142,-0.5843359231948853,-18.65144920349121,-12.799541473388672,38.26152420043945
9749,6,170,30,77,170,30,58,8,-0.8827539086341858,-0.12115234136581421,-0.5049902200698853,-5.872824192047119,2.6508398056030273,-0.08961829543113708
9750,38,170,30,96,170,30,57,78,-1.294863224029541,-0.10259765386581421,-0.19151367247104645,-13.689619064331055,-22.50946617126465,-42.043819427490234
9751,41,170,30,103,170,30,56,28,-0.7912011742591858,-0.08233398199081421,-0.45347654819488525,-14.636183738708496,-6.646870136260986,-6.807175636291504
9752,23,170,30,99,170,30,59,103,-1.041445255279541,-0.016171876341104507,-0.21495117247104645,37.54702377319336,45.65847396850586,-20.257558822631836
9753,6,170,30,64,170,30,65,147,-0.7489648461341858,-0.5010351538658142,-0.5667577981948853,82.06610870361328,59.780609130859375,-5.188854694366455
9754,0,170,30,31,170,30,64,69,-0.8085351586341858,-0.4487890601158142,-0.5750585794448853,46.493587493896484,11.276793479919434,-11.570534706115723
9755,0,170,30,18,170,30,59,97,-0.7316308617591858,-0.4771093726158142,-0.45738279819488525,-49.903358459472656,-29.104887008666992,18.81114387512207
9756,0,170,30,12,170,30,58,23,-0.9262109398841858,-0.2874121069908142,-0.46763670444488525,-9.07893180847168,-4.326259613037109,9.772976875305176
9757,0,170,30,11,170,30,58,77,-0.9227929711341858,-0.2288183569908142,-0.5057226419448853,-43.124732971191406,8.910381317138672,25.437097549438477
9758,16,170,30,21,170,30,57,53,-0.9320703148841858,-0.10308593511581421,-0.5591894388198853,1.0584733486175537,-22.921680450439453,-29.84534454345703
9759,31,170,30,43,170,30,54,51,-0.8793359398841858,-0.1763281226158142,-0.40782225131988525,7.150076389312744,-17.959848403930664,-25.906414031982422
9760,25,170,30,50,170,30,54,25,-0.8644433617591858,-0.1853613257408142,-0.44346678256988525,0.7683969736099243,-11.089618682861328,-13.982748031616211
9761,7,170,30,53,170,30,60,258,-0.9452539086341858,-0.4858984351158142,-0.45103514194488525,54.890533447265625,94.94091796875,-109.02091979980469
9762,0,170,30,51,170,30,73,178,-0.6591210961341858,-0.5994238257408142,-0.49424803256988525,31.089008331298828,146.6203155517578,0.734809160232544
9763,0,170,30,43,170,30,76,148,-0.4135156273841858,-0.4534277319908142,-0.7376562356948853,15.058472633361816,93.03251647949219,40.58213806152344
9764,0,170,30,36,170,30,71,82,-0.3583398461341858,-0.4002050757408142,-0.8755956888198853,-8.269771575927734,40.177555084228516,33.986717224121094
9765,0,170,30,28,170,30,64,48,-0.3766503930091858,-0.3093847632408142,-0.8633886575698853,-21.73541831970215,9.18519115447998,17.2691593170166
9767,0,170,30,22,170,30,55,51,-0.3161035180091858,-0.3157324194908142,-0.9317480325698853,-25.3995418548584,-19.42549705505371,6.872213840484619
9768,0,170,30,19,170,30,47,92,-0.3363671898841858,-0.1687597632408142,-0.9608007669448853,-41.07892990112305,-28.40259552001953,-23.234657287597656
9769,0,170,30,16,170,30,35,164,-0.3346582055091858,-0.2310156226158142,-0.7147070169448853,-18.605648040771484,-80.63160705566406,-64.95984649658203
9770,0,170,30,18,170,30,23,262,-0.8422265648841858,-0.3953222632408142,-0.6192480325698853,-100.86518859863281,-127.24229431152344,-34.86824417114258
9771,0,170,30,21,170,30,22,131,-0.9162011742591858,-0.4668554663658142,-0.43956053256988525,12.539388656616211,-65.95984649658203,-52.97511672973633
9772,0,170,30,28,170,30,24,76,-0.8165917992591858,-0.09039062261581421,-0.5215917825698853,0.600458025932312,-50.06671905517578,-25.906414031982422
9773,0,170,30,42,170,30,25,98,-0.6007714867591858,-0.3359960913658142,-0.18418945372104645,34.539390563964844,-54.29572677612305,-9.585801124572754
9774,0,170,30,57,170,30,26,124,-0.3070703148841858,-0.4063085913658142,-0.8206640481948853,-24.605648040771484,7.154656410217285,92.5668716430664
9775,0,170,30,60,170,30,31,69,-0.9315820336341858,-0.2551855444908142,-0.24937500059604645,-43.97969436645508,8.360763549804688,17.299694061279297
9776,4,170,30,58,170,30,37,35,-0.8073144555091858,-0.3296484351158142,-0.40831053256988525,-18.147632598876953,8.055419921875,9.498167991638184
9777,14,170,30,54,170,30,42,31,-0.8517480492591858,-0.3757910132408142,-0.47862303256988525,-6.269770622253418,3.2920610904693604,22.29206085205078
9778,52,170,30,80,170,30,46,42,-0.8847070336341858,-0.10015624761581421,-0.6619726419448853,-30.62091636657715,5.276793956756592,6.169923782348633
9779,81,170,30,129,170,30,45,75,-0.9674707055091858,-0.1629003882408142,-0.40440428256988525,-14.849924087524414,-29.578168869018555,-31.50946617126465
9780,90,170,30,156,170,30,48,19,-0.8991113305091858,-0.1843847632408142,-0.47422850131988525,-11.338473320007324,0.7729770541191101,7.177557468414307
9781,95,170,30,173,170,30,50,17,-0.9052148461341858,-0.1692480444908142,-0.46861326694488525,10.417251586914062,-2.692671775817871,4.841679573059082
9782,113,170,30,202,170,30,51,44,-0.9352441430091858,-0.2712988257408142,-0.38096678256988525,18.798931121826172,-15.85297679901123,9.406564712524414
9783,119,170,30,211,170,30,52,18,-0.8192773461341858,-0.1687597632408142,-0.36045897006988525,7.226412296295166,-2.3567938804626465,8.582137107849121
9784,117,170,30,201,170,30,54,20,-0.9245019555091858,-0.1709570288658142,-0.38633787631988525,9.363816261291504,-3.8529770374298096,-6.959847450256348
9785,114,170,30,183,170,30,55,44,-0.9183984398841858,-0.1799902319908142,-0.38121092319488525,26.14244270324707,-7.211755752563477,-10.990381240844727
9786,100,170,30,165,170,30,58,5,-1.012880802154541,-0.3130468726158142,-0.39439451694488525,1.440152645111084,0.5134350657463074,3.9561831951141357
9787,88,170,30,152,170,30,59,18,-0.8910546898841858,-0.3728613257408142,-0.27110350131988525,-6.071297645568848,6.085954189300537,6.368396759033203
9788,71,170,30,142,170,30,60,48,-0.8949609398841858,-0.3399023413658142,-0.43589842319488525,2.005038261413574,-5.303358554840088,-40.99038314819336
9789,58,170,30,141,170,30,61,6,-0.9066796898841858,-0.04620117321610451,-0.39781248569488525,-0.40717554092407227,-1.0590839385986328,-5.4636640548706055
9790,70,170,30,147,170,30,61,47,-0.8749414086341858,-0.2356542944908142,-0.6165624856948853,-27.659082412719727,7.85694694519043,11.711908340454102
9791,91,170,30,148,170,30,61,15,-0.7726464867591858,-0.07256835699081421,-0.29356443881988525,-8.865191459655762,5.597404479980469,0.7195420265197754
9792,100,170,30,138,170,30,61,18,-0.9027734398841858,-0.1958593726158142,-0.40586912631988525,7.9439697265625,1.4294655323028564,-9.005648612976074
9793,53,170,30,103,170,30,62,159,-1.383974552154541,0.11004883050918579,-0.022080078721046448,29.80656623840332,31.887481689453125,-97.5705337524414
9794,18,170,30,93,170,30,67,219,-0.3974023461341858,-0.5225195288658142,-0.32530272006988525,-15.613282203674316,53.35313034057617,150.87222290039062
9795,6,170,30,101,170,30,55,119,-0.8153710961341858,-0.2293066382408142,-0.5372167825698853,-15.82702350616455,-99.83770751953125,4.154656410217285
9796,0,170,30,101,170,30,52,58,-0.8788476586341858,-0.1946386694908142,-0.49180662631988525,-2.773587703704834,-42.76900863647461,-13.14305305480957
9797,0,170,30,98,170,30,54,11,-0.9276757836341858,-0.3894628882408142,-0.39805662631988525,1.8829008340835571,-2.5399999618530273,6.673740386962891
9798,0,170,30,116,170,30,55,29,-0.7643457055091858,-0.5293554663658142,-0.48643553256988525,-4.208702087402344,-11.425496101379395,14.337862968444824
9799,28,170,30,158,170,30,55,72,-0.9039941430091858,-0.3318457007408142,-0.5862890481948853,-48.37664031982422,-16.50946617126465,-7.707939147949219
9800,45,170,30,185,170,30,55,45,-0.9452539086341858,-0.3604101538658142,-0.19419921934604645,-36.46824264526367,-5.501832008361816,-3.738473415374756
9801,49,170,30,173,170,30,56,25,-0.9093652367591858,-0.2434667944908142,-0.37779295444488525,19.913434982299805,-2.448396921157837,-3.0361831188201904
9802,66,170,30,193,170,30,57,28,-1.023867130279541,-0.3347753882408142,-0.5230566263198853,4.600458145141602,-6.0361833572387695,17.437097549438477
9803,91,170,30,224,170,30,57,60,-1.136660099029541,-0.5022558569908142,-0.8150488138198853,18.218778610229492,-21.135419845581055,21.07068634033203
9804,107,170,30,238,170,30,58,40,-0.9169335961341858,-0.020810548216104507,-0.18760742247104645,23.80656623840332,-7.5323662757873535,9.070687294006348
9805,107,170,30,232,170,30,58,17,-0.9386621117591858,-0.1499609351158142,-0.33213865756988525,10.401984214782715,-6.417862415313721,-0.5629007816314697
9806,105,170,30,217,170,30,59,38,-0.9433007836341858,-0.1577734351158142,-0.31919920444488525,17.34855079650879,-12.921679496765137,-8.440763473510742
9807,94,170,30,190,170,30,62,129,-0.8754296898841858,-0.2969335913658142,-0.37437498569488525,-13.964427947998047,67.8722152709961,47.574501037597656
9808,79,170,30,168,170,30,64,47,-0.9579492211341858,-0.1250585913658142,-0.34654295444488525,29.440153121948242,9.658473014831543,-8.288091659545898
9809,79,170,30,151,170,30,65,47,-0.8829980492591858,-0.1853613257408142,-0.34458982944488525,-11.598015785217285,19.963815689086914,16.246259689331055
9810,89,170,30,146,170,30,65,22,-0.7599511742591858,-0.12432616949081421,-0.16490234434604645,-7.39954137802124,8.040152549743652,7.4676337242126465
9811,110,170,30,157,170,30,65,13,-0.9122949242591858,-0.06817382574081421,-0.36753904819488525,-9.750687599182129,0.3607633113861084,-2.944580078125
9812,120,170,30,159,170,30,66,26,-0.7794824242591858,0.012392576783895493,-0.40123045444488525,-11.262137413024902,10.085954666137695,-5.265190601348877
9813,104,170,30,148,170,30,66,48,-0.9406152367591858,-0.1724218726158142,-0.38121092319488525,-15.38427448272705,15.475266456604004,-17.692672729492188
9814,33,170,30,111,170,30,73,167,-0.6745019555091858,-0.7495703101158142,-0.7315527200698853,48.1424446105957,94.52870178222656,-25.26519203186035
9815,10,170,30,77,170,30,69,80,-0.7050195336341858,-0.2041601538658142,-0.5003515481948853,17.195878982543945,-36.3873291015625,26.6126708984375
9816,2,170,30,54,170,30,60,118,-0.6737695336341858,-0.5339941382408142,-0.5919042825698853,-34.11709976196289,-65.48656463623047,18.689006805419922
9817,0,170,30,49,170,30,56,73,-0.8412500023841858,-0.2141699194908142,-0.25059568881988525,-12.529313087463379,-41.318626403808594,-20.074352264404297
9818,0,170,30,50,170,30,56,36,-0.8358789086341858,-0.5061621069908142,-0.42759764194488525,-16.040761947631836,-18.906414031982422,1.1928244829177856
9819,0,170,30,47,170,30,58,42,-0.8622460961341858,-0.3057226538658142,-0.29551756381988525,12.14244270324707,19.704273223876953,-10.318625450134277
9820,0,170,30,34,170,30,62,147,-0.8353906273841858,-0.4280371069908142,-0.47618162631988525,-61.65908432006836,68.77297973632812,17.284425735473633
9821,0,170,30,32,170,30,62,44,-0.8781152367591858,-0.1262792944908142,-0.47422850131988525,-20.681983947753906,-6.7079386711120605,16.979082107543945
9822,0,170,30,37,170,30,61,28,-0.7457910180091858,-0.2588476538658142,-0.5772558450698853,17.76076316833496,-6.158320426940918,4.49053430557251
9823,0,170,30,43,170,30,59,40,-0.8615136742591858,-0.1694921851158142,-0.5228124856948853,-8.025496482849121,-8.188855171203613,24.307327270507812
9824,17,170,30,59,170,30,59,6,-0.8956933617591858,-0.2962011694908142,-0.46568357944488525,-3.9338932037353516,0.543969452381134,1.589771032333374
9825,45,170,30,110,170,30,57,55,-0.9704003930091858,-0.2791113257408142,-0.5770117044448853,-22.498777389526367,-15.56290054321289,-17.37206268310547
9826,46,170,30,144,170,30,55,36,-0.7897363305091858,-0.3259863257408142,-0.37730467319488525,-5.582747936248779,-17.54763412475586,-13.723206520080566
9827,53,170,30,153,170,30,56,23,-0.8893457055091858,-0.3792089819908142,-0.39292967319488525,16.234045028686523,-4.631603240966797,2.7806107997894287
9829,75,170,30,177,170,30,57,40,-0.9623437523841858,-0.4414648413658142,-0.38804686069488525,7.974503993988037,-17.975114822387695,14.536335945129395
9830,92,170,30,196,170,30,57,34,-0.9494042992591858,-0.4312109351158142,-0.30064451694488525,8.997404098510742,-6.433129787445068,18.902748107910156
9831,96,170,30,189,170,30,58,12,-0.9017968773841858,-0.1763281226158142,-0.31089842319488525,1.211145043373108,-4.478931427001953,6.353129863739014
9832,95,170,30,173,170,30,59,33,-0.9257226586341858,-0.2881445288658142,-0.36851561069488525,19.852367401123047,-8.005648612976074,-5.326259613037109
9833,90,170,30,153,170,30,62,75,-0.8805566430091858,0.05267577990889549,-0.29551756381988525,-15.674351692199707,39.55160140991211,20.078319549560547
9834,87,170,30,137,170,30,64,48,-0.9176660180091858,-0.2647070288658142,-0.37071287631988525,31.36381721496582,-7.333893299102783,-9.356793403625488
9835,84,170,30,123,170,30,65,49,-1.092470645904541,-0.2976660132408142,-0.5716406106948853,-16.23923683166504,17.261526107788086,15.742443084716797
9836,98,170,30,124,170,30,65,10,-0.9066796898841858,-0.05376953259110451,-0.48130857944488525,-2.773587703704834,-2.2804579734802246,5.513435363769531
9837,120,170,30,130,170,30,65,14,-0.9110742211341858,-0.05132812634110451,-0.47911131381988525,-2.9720611572265625,4.5745038986206055,6.933282375335693
9838,126,170,30,134,170,30,64,22,-1.086122989654541,-0.1311621069908142,-0.45567381381988525,-9.338473320007324,-7.807175636291504,5.650839805603027
9839,120,170,30,130,170,30,64,13,-0.9130273461341858,-0.2622656226158142,-0.40049803256988525,-6.926259517669678,1.9638168811798096,4.20045804977417
9840,112,170,30,125,170,30,64,60,-1.197939395904541,-0.6101660132408142,-0.7828222513198853,-16.590381622314453,24.803510665893555,-19.219390869140625
9841,98,170,30,116,170,30,64,9,-0.9266992211341858,-0.3670019507408142,-0.40977537631988525,-1.292671799659729,-0.5552672147750854,8.139389038085938
9842,92,170,30,103,170,30,64,6,-0.8995996117591858,-0.1558203101158142,-0.43541014194488525,-1.796488642692566,1.7042748928070068,3.192824363708496
9843,50,170,30,83,170,30,65,274,-1.341249942779541,0.3808007836341858,0.21449218690395355,85.44015502929688,76.89511108398438,-111.76900482177734
9844,16,170,30,73,170,30,67,91,-0.3976464867591858,-0.3201269507408142,-0.6509863138198853,-17.369007110595703,-0.4025954604148865,73.284423828125
9845,4,170,30,60,170,30,55,154,-1.447939395904541,-1.113828182220459,-0.48497068881988525,21.653894424438477,-78.40259552001953,-54.22702407836914
9846,0,170,30,64,170,30,53,85,-0.9115625023841858,-0.6379980444908142,-0.20079101622104645,31.54702377319336,-31.089618682861328,-23.081985473632812
9847,0,170,30,71,170,30,54,120,-0.8883691430091858,-0.4172949194908142,-0.37535154819488525,-38.97206115722656,56.208091735839844,-25.341527938842773
9848,0,170,30,71,170,30,55,44,-0.8622460961341858,-0.3108496069908142,-0.41880857944488525,-8.14763355255127,19.93328094482422,16.459999084472656
9849,0,170,30,69,170,30,57,13,-0.8244042992591858,-0.3557714819908142,-0.44810545444488525,-8.89572525024414,3.047786235809326,-2.0285496711730957
9850,0,170,30,72,170,30,55,79,-0.7526269555091858,-0.3362402319908142,-0.39756834506988525,-20.681983947753906,-24.37206268310547,34.13938903808594
9851,18,170,30,122,170,30,55,19,-0.8392968773841858,-0.1306738257408142,-0.39195311069488525,-18.300304412841797,-0.9216793775558472,0.13938933610916138
9852,64,170,30,205,170,30,54,51,-0.9259667992591858,-0.1836523413658142,-0.32115232944488525,-17.01786231994629,-9.685038566589355,-24.761375427246094
9853,80,170,30,239,170,30,53,19,-0.8932519555091858,-0.2661718726158142,-0.38560545444488525,9.714961051940918,-6.417862415313721,-3.845343589782715
9854,101,170,30,251,170,30,54,10,-0.8878808617591858,-0.3416113257408142,-0.36680662631988525,0.5393893718719482,4.2538933753967285,6.001984596252441
9855,116,170,30,266,170,30,55,23,-0.9242578148841858,-0.5393652319908142,-0.49302732944488525,9.501220703125,-12.509465217590332,-1.8300762176513672
9856,121,170,30,249,170,30,55,41,-0.9037500023841858,-0.5581640601158142,-0.22056640684604645,29.058473587036133,1.4752671718597412,10.704275131225586
9857,114,170,30,218,170,30,56,17,-0.9132714867591858,-0.3164648413658142,-0.31797850131988525,10.447786331176758,-7.257557392120361,0.13938933610916138
9858,111,170,30,152,170,30,57,24,-0.9113183617591858,-0.2835058569908142,-0.30259764194488525,12.798931121826172,-11.150687217712402,-0.8224426507949829
9859,98,170,30,110,170,30,60,55,-0.9266992211341858,-0.026914063841104507,-0.5069433450698853,-14.056031227111816,19.108854293823242,22.063053131103516
9860,88,170,30,91,170,30,62,24,-0.8859277367591858,-0.2581152319908142,-0.5096288919448853,8.127175331115723,13.96381664276123,-2.303358793258667
9861,89,170,30,84,170,30,62,51,-1.190126895904541,-0.5647558569908142,-0.32701170444488525,-35.64381790161133,14.757709503173828,-1.0361831188201904
9862,101,170,30,96,170,30,63,73,-0.9454980492591858,-0.5637792944908142,-0.17369140684604645,-38.10183334350586,22.788244247436523,-12.730839729309082
9863,114,170,30,112,170,30,63,18,-0.8986230492591858,-0.3240332007408142,-0.29332029819488525,8.249312400817871,-0.5247328281402588,-9.509465217590332
9864,120,170,30,114,170,30,63,19,-0.8773828148841858,-0.1421484351158142,-0.30894529819488525,-6.880457878112793,3.7500762939453125,-9.32625961303711
9865,121,170,30,99,170,30,62,6,-0.8827539086341858,-0.3489355444908142,-0.29576170444488525,3.9287023544311523,-0.8148092031478882,-1.4636640548706055
9866,87,170,30,75,170,30,64,119,-1.364199161529541,0.1891503930091858,-0.35459959506988525,-15.689618110656738,13.76534366607666,-89.96748352050781
9867,27,170,30,64,170,30,70,195,-0.3869042992591858,-0.5295996069908142,-0.5621191263198853,21.440153121948242,88.84931182861328,84.93328094482422
9868,11,170,30,72,170,30,58,94,-0.5380273461341858,-0.6262792944908142,-0.5137792825698853,-8.78885555267334,-83.944580078125,-1.7232060432434082
9869,2,170,30,68,170,30,55,72,-0.6403222680091858,-0.07916015386581421,-0.7317968606948853,-14.804122924804688,51.902748107910156,-5.417862415313721
9870,0,170,30,67,170,30,54,42,-0.7450585961341858,-0.2683691382408142,-0.6705175638198853,6.646259784698486,25.689006805419922,9.72717571258545
9871,0,170,30,75,170,30,52,32,-0.9157128930091858,-0.3640722632408142,-0.18614257872104645,-17.01786231994629,-4.646870136260986,10.536335945129395
9872,0,170,30,76,170,30,55,59,-0.7772851586341858,-0.4680761694908142,-0.39683592319488525,-20.407175064086914,10.116488456726074,28.643205642700195
9873,0,170,30,77,170,30,56,25,-0.8598046898841858,-0.2854589819908142,-0.38609373569488525,-2.132366180419922,11.47526741027832,11.772976875305176
9874,13,170,30,94,170,30,55,27,-0.8441796898841858,-0.1492285132408142,-0.21055664122104645,-7.720152378082275,-4.433129787445068,15.513435363769531
9875,60,170,30,161,170,30,54,50,-0.8944726586341858,-0.3384374976158142,-0.30796873569488525,7.547022819519043,-22.723207473754883,-20.60870361328125
9876,98,170,30,233,170,30,53,15,-0.8468652367591858,-0.3025488257408142,-0.17515625059604645,-2.376641273498535,-9.211755752563477,-3.585801601409912
9877,106,170,30,258,170,30,54,16,-0.8912988305091858,-0.3569921851158142,-0.29185545444488525,3.226412296295166,-2.448396921157837,11.223359107971191
9878,111,170,30,256,170,30,56,26,-0.8861718773841858,-0.2593359351158142,-0.26109373569488525,14.646259307861328,-5.3186259269714355,6.78061056137085
9879,119,170,30,231,170,30,56,69,-0.8524804711341858,-0.5020117163658142,-0.25328123569488525,42.73786163330078,-14.356793403625488,12.353129386901855
9880,117,170,30,210,170,30,58,38,-1.068056583404541,-0.4922460913658142,-0.36387693881988525,-4.743053436279297,-7.501832008361816,26.719541549682617
9881,116,170,30,195,170,30,59,24,-0.9240136742591858,-0.3721289038658142,-0.24302734434604645,4.860000133514404,-8.61633586883545,10.719541549682617
9882,123,170,30,169,170,30,59,35,-0.9291406273841858,-0.3010839819908142,-0.22154296934604645,17.2874813079834,-17.60870361328125,-0.44076332449913025
9883,118,170,30,137,170,30,63,24,-0.9215722680091858,-0.2366308569908142,-0.33799803256988525,8.600458145141602,-14.478931427001953,1.1012213230133057
9884,107,170,30,116,170,30,66,59,-0.9948144555091858,-0.2595800757408142,-0.29698240756988525,-30.9567928314209,22.467632293701172,6.521068572998047
9885,104,170,30,112,170,30,66,43,-0.7916894555091858,-0.2769140601158142,-0.08775390684604645,-16.2697696685791,22.147022247314453,5.33022928237915
9886,102,170,30,124,170,30,66,32,-0.8956933617591858,-0.2515234351158142,-0.33335936069488525,-16.544580459594727,7.841679573059082,7.8187785148620605
9887,106,170,30,140,170,30,66,34,-0.9042382836341858,-0.2232031226158142,-0.34581053256988525,21.48595428466797,-7.013282299041748,-6.288091659545898
9888,108,170,30,152,170,30,66,23,-1.103701114654541,-0.2190527319908142,-0.5113378763198853,-7.582747936248779,5.8569464683532715,-10.3949613571167
9889,110,170,30,139,170,30,66,9,-0.9149804711341858,-0.2647070288658142,-0.31602537631988525,1.9287023544311523,-2.7079389095306396,5.2538933753967285
9890,101,170,30,83,170,30,65,28,-0.9191308617591858,-0.3225683569908142,-0.29429686069488525,22.84473419189453,-4.341526985168457,-1.692671775817871
9891,55,170,30,40,170,30,67,124,-1.371279239654541,0.1520410180091858,-0.16246093809604645,16.493587493896484,23.15465545654297,-85.11251831054688
9892,19,170,30,19,170,30,76,182,-0.6127343773841858,-0.7398046851158142,-0.38975584506988525,-24.468244552612305,153.597412109375,4.185190677642822
9893,6,170,30,9,170,30,77,119,-0.4962792992591858,-0.4522070288658142,-0.5230566263198853,-16.7125186920166,73.30732727050781,29.57450294494629
9894,1,170,30,3,170,30,76,127,-0.7050195336341858,-0.3289160132408142,-0.8714452981948853,0.005038201808929443,78.58976745605469,48.8111457824707
9895,0,170,30,1,170,30,74,77,-0.5145898461341858,-0.2312597632408142,-1.0037695169448853,5.501221656799316,58.879844665527344,12.734808921813965
