timestamp,tipPressure,tipUpperRange,tipLowerRange,fingerPressure,fingerUpperRange,fingerLowerRange,angle,writtingSpeed,accX,accY,accZ,gyroX,gyroY,gyroZ
40140,0,170,30,0,170,30,25,70,-0.4564843773841858,0.8270898461341858,-0.5630956888198853,34.050838470458984,-23.501832962036133,12.67374038696289
40141,0,170,30,0,170,30,26,268,-0.3373437523841858,0.2145410180091858,-1.1536718606948853,195.730224609375,25.42946434020996,-47.41786193847656
40142,0,170,30,0,170,30,24,108,-0.7565332055091858,0.1351953148841858,-0.9114843606948853,65.97450256347656,-31.654504776000977,10.38366413116455
40143,0,170,30,0,170,30,25,47,-0.4115625023841858,0.3200097680091858,-0.9271093606948853,28.6004581451416,13.18519115447998,5.864580154418945
40144,0,170,30,0,170,30,25,42,-0.3893457055091858,0.2990136742591858,-0.8712011575698853,-13.155267715454102,4.650839805603027,24.658472061157227
40145,0,170,30,0,170,30,27,282,-0.2907128930091858,0.3444238305091858,-1.0984960794448853,178.37144470214844,27.62793731689453,-76.65450286865234
40146,0,170,30,0,170,30,24,159,-0.4745507836341858,-0.2319921851158142,-0.8983007669448853,113.74549865722656,-24.051450729370117,-22.16595458984375
40147,0,170,30,3,170,30,21,191,-0.3380761742591858,0.07074218988418579,-1.2674413919448853,-121.1247329711914,-57.654502868652344,-13.066717147827148
40148,0,170,30,22,170,30,12,265,-0.6122460961341858,0.10980468988418579,-0.8575292825698853,-128.52931213378906,-123.6850357055664,-13.23465633392334
40149,0,170,30,30,170,30,11,137,-0.8178125023841858,0.1991601586341858,-0.5489355325698853,31.852367401123047,-73.88351440429688,31.330228805541992
40150,0,170,30,31,170,30,15,57,-0.6010156273841858,0.2536035180091858,-0.8807226419448853,7.776030540466309,-36.37206268310547,-13.341526985168457
40151,0,170,30,56,170,30,21,45,-0.8551660180091858,0.2567773461341858,-0.6175390481948853,-13.872824668884277,22.879846572875977,-8.45603084564209
40152,0,170,30,57,170,30,27,35,-0.7435937523841858,0.05194335803389549,-0.7566992044448853,4.371450424194336,22.620304107666016,-8.639236450195312
40153,0,170,30,50,170,30,29,75,-0.8295312523841858,0.10492187738418579,-0.5848242044448853,-23.93389320373535,-30.112520217895508,21.895112991333008
40154,0,170,30,55,170,30,32,27,-0.7435937523841858,0.2184472680091858,-0.5660253763198853,19.18061065673828,7.658473014831543,0.5974045991897583
40155,0,170,30,43,170,30,36,57,-0.7636132836341858,0.2406640648841858,-0.7398535013198853,52.46305465698242,4.223358631134033,0.429465651512146
40156,0,170,30,22,170,30,38,29,-0.7704492211341858,0.09100586175918579,-0.6841894388198853,-1.720152735710144,12.63557243347168,14.994351387023926
40157,0,170,30,10,170,30,40,69,-0.7130761742591858,0.06561523675918579,-0.7308202981948853,26.753129959106445,-2.1735877990722656,-40.68503952026367
40158,0,170,30,5,170,30,41,62,-0.7579980492591858,0.09051758050918579,-0.7510839700698853,-47.47587585449219,3.154656410217285,12.230992317199707
40160,0,170,30,2,170,30,42,45,-0.7714257836341858,0.09881836175918579,-0.7171484231948853,-36.51404571533203,7.276793956756592,1.696641206741333
40161,0,170,30,2,170,30,44,62,-0.7560449242591858,0.11786133050918579,-0.7210546731948853,-37.58274841308594,11.872213363647461,12.734808921813965
40162,0,170,30,4,170,30,46,339,-0.6286035180091858,0.3900781273841858,-0.7022558450698853,-204.727783203125,26.97144889831543,107.86457824707031
40163,0,170,30,10,170,30,46,109,-0.6229882836341858,0.4765039086341858,-0.7359472513198853,-70.3155746459961,9.200458526611328,29.666105270385742
40164,0,170,30,8,170,30,44,10,-0.6564355492591858,0.5892968773841858,-0.6297460794448853,2.0661067962646484,3.521068572998047,5.024885654449463
40165,0,170,30,4,170,30,43,12,-0.6227441430091858,0.5260644555091858,-0.6968847513198853,5.485954284667969,1.0630533695220947,5.9256486892700195
40166,0,170,30,3,170,30,43,81,-0.6552148461341858,0.5446191430091858,-0.6006933450698853,-36.4835090637207,19.81114387512207,24.948549270629883
40167,0,170,30,0,170,30,41,57,-0.5446191430091858,0.5814843773841858,-0.7662206888198853,-29.139999389648438,-3.623969316482544,24.81114387512207
40168,0,170,30,0,170,30,38,8,-0.5844140648841858,0.6134667992591858,-0.7486425638198853,0.5851908922195435,-6.020915985107422,1.9256489276885986
40169,0,170,30,0,170,30,37,54,-0.5924707055091858,0.4740625023841858,-0.7144628763198853,49.15007781982422,-3.868244171142578,1.3149617910385132
40170,0,170,30,0,170,30,37,164,-0.5546289086341858,0.1559472680091858,-0.8077245950698853,-128.55984497070312,-10.356793403625488,25.345495223999023
40171,0,170,30,0,170,30,37,32,-0.6371484398841858,0.5158105492591858,-0.7186132669448853,2.9516029357910156,12.6050386428833,-17.249923706054688
40172,0,170,30,0,170,30,36,23,-0.5419335961341858,0.4867578148841858,-0.8099218606948853,7.547022819519043,5.246259689331055,10.719541549682617
40173,0,170,30,0,170,30,35,45,-0.5744042992591858,0.4752832055091858,-0.7422949075698853,-32.3003044128418,-0.769007682800293,12.108855247497559
40174,0,170,30,0,170,30,35,32,-0.5426660180091858,0.5446191430091858,-0.7754980325698853,-20.300304412841797,3.3683969974517822,9.070687294006348
40175,0,170,30,0,170,30,34,27,-0.5775781273841858,0.6178613305091858,-0.6641699075698853,-18.422441482543945,0.9409160017967224,7.666106700897217
40176,0,170,30,0,170,30,33,18,-0.5424218773841858,0.6693750023841858,-0.6741796731948853,-13.231603622436523,-2.952213764190674,2.627938985824585
40177,0,170,30,0,170,30,33,24,-0.5536523461341858,0.6552148461341858,-0.6915136575698853,-6.819389343261719,1.1851909160614014,16.124122619628906
40178,0,170,30,0,170,30,32,37,-0.5285058617591858,0.7135644555091858,-0.6507421731948853,18.447786331176758,7.979084014892578,10.887480735778809
40179,0,170,30,0,170,30,32,39,-0.4462304711341858,0.5853906273841858,-0.7474218606948853,27.577558517456055,-0.23465651273727417,-11.631603240966797
40180,0,170,30,0,170,30,31,31,-0.5121484398841858,0.5683007836341858,-0.7313085794448853,5.241679668426514,1.2615265846252441,-24.883512496948242
40181,0,170,30,0,170,30,31,25,-0.5153222680091858,0.5558496117591858,-0.7642675638198853,-10.071297645568848,-7.562900543212891,-8.27282428741455
40182,0,170,30,1,170,30,31,26,-0.6193261742591858,0.6195703148841858,-0.6651464700698853,-15.323206901550293,0.4065648913383484,-11.112519264221191
40183,0,170,30,2,170,30,31,37,-0.6027246117591858,0.5116601586341858,-0.7381445169448853,8.951602935791016,1.0630533695220947,-27.158321380615234
40184,0,170,30,2,170,30,32,46,-0.5883203148841858,0.5238671898841858,-0.7337499856948853,26.050840377807617,8.559236526489258,-12.135419845581055
40185,0,170,30,2,170,30,32,22,-0.6085839867591858,0.4811425805091858,-0.7427831888198853,-0.6514503955841064,-8.891144752502441,-12.730839729309082
40186,0,170,30,3,170,30,32,47,-0.6107812523841858,0.5119042992591858,-0.7396093606948853,24.20351219177246,-2.5094656944274902,-20.60870361328125
40187,0,170,30,3,170,30,31,52,-0.6439843773841858,0.4725976586341858,-0.6956640481948853,-9.613283157348633,-30.463665008544922,12.032519340515137
40188,0,170,30,3,170,30,31,50,-0.7035546898841858,0.4330468773841858,-0.6802831888198853,22.6004581451416,-10.03618335723877,18.108854293823242
40189,0,170,30,3,170,30,31,33,-0.7018457055091858,0.5702539086341858,-0.5711523294448853,26.630992889404297,-2.9674808979034424,3.513435125350952
40190,0,170,30,4,170,30,34,279,-0.7284570336341858,0.8134179711341858,-0.6878515481948853,124.6462631225586,29.322593688964844,-125.55526733398438
40191,0,170,30,7,170,30,36,128,-0.6093164086341858,0.2179589867591858,-0.7781835794448853,24.661527633666992,-8.29572582244873,-95.69267272949219
40192,0,170,30,7,170,30,37,115,-0.6666894555091858,0.04583984240889549,-0.5291601419448853,54.90580368041992,35.398929595947266,-25.06671905517578
40193,0,170,30,8,170,30,38,69,-0.7274804711341858,-0.1831640601158142,-0.8802343606948853,-45.1705322265625,-23.471298217773438,0.9332824945449829
40194,0,170,30,8,170,30,39,202,-1.551699161529541,-0.2683691382408142,-0.7725683450698853,-52.941524505615234,-37.059085845947266,112.85694885253906
40195,0,170,30,9,170,30,41,31,-0.4872460961341858,0.008730467408895493,-1.5008398294448853,22.356184005737305,3.5058016777038574,-5.280457973480225
40196,0,170,30,5,170,30,39,57,-0.6972070336341858,0.11664062738418579,-0.7046972513198853,-28.865190505981445,-26.173587799072266,2.551603078842163
40197,0,170,30,2,170,30,38,50,-0.8385644555091858,0.3019433617591858,-0.5626074075698853,-30.346105575561523,-8.875877380371094,11.711908340454102
40198,0,170,30,3,170,30,40,28,-0.7328515648841858,0.1976953148841858,-0.7894140481948853,8.707327842712402,1.9638168811798096,-17.906414031982422
40199,0,170,30,6,170,30,40,43,-0.7684960961341858,0.1962304711341858,-0.6949316263198853,-15.277405738830566,-20.753742218017578,7.650839805603027
40201,0,170,30,7,170,30,40,6,-0.8068261742591858,0.2294335961341858,-0.6363378763198853,-1.1552671194076538,-0.6468702554702759,4.948549747467041
40202,0,170,30,9,170,30,42,9,-0.7655664086341858,0.2675195336341858,-0.6746679544448853,0.753129780292511,4.879847526550293,3.4981679916381836
40203,0,170,30,10,170,30,43,14,-0.8104882836341858,0.2655664086341858,-0.6131445169448853,-10.300305366516113,-1.7766411304473877,2.6432061195373535
40204,0,170,30,11,170,30,44,11,-0.7838769555091858,0.2555566430091858,-0.6587988138198853,-7.033129692077637,-3.4712977409362793,-0.5018320083618164
40205,0,170,30,11,170,30,45,4,-0.7843652367591858,0.2631250023841858,-0.6514745950698853,-3.338473320007324,-1.3338931798934937,-0.24229004979133606
40206,0,170,30,11,170,30,45,2,-0.7816796898841858,0.2611718773841858,-0.6595312356948853,1.5164885520935059,0.3607633113861084,-0.3033587634563446
40207,0,170,30,11,170,30,45,6,-0.7936425805091858,0.2831445336341858,-0.6431738138198853,-2.7888550758361816,-3.9598472118377686,0.12412214279174805
40208,0,170,30,12,170,30,46,6,-0.8043847680091858,0.2990136742591858,-0.6277929544448853,-2.1476335525512695,-2.295725107192993,2.093587875366211
40209,0,170,30,12,170,30,46,11,-0.7977929711341858,0.2875390648841858,-0.6363378763198853,-5.094198226928711,-3.5781679153442383,2.5363359451293945
40210,0,170,30,13,170,30,47,10,-0.7736230492591858,0.3026757836341858,-0.6575781106948853,3.730228900909424,4.91038179397583,-2.0438168048858643
40211,0,170,30,13,170,30,47,6,-0.8161035180091858,0.3036523461341858,-0.6085058450698853,3.394351005554199,1.627938985824585,-1.555267095565796
40212,0,170,30,14,170,30,47,7,-0.8300195336341858,0.2865625023841858,-0.5948339700698853,-4.804121971130371,-2.158320665359497,-0.9751144647598267
40213,0,170,30,15,170,30,47,21,-0.8253808617591858,0.2099023461341858,-0.6214452981948853,-18.529312133789062,1.948549747467041,1.2386260032653809
40214,0,170,30,18,170,30,47,9,-0.7965722680091858,0.2516503930091858,-0.6146093606948853,-7.033129692077637,1.444732904434204,0.582137405872345
40215,5,170,30,22,170,30,48,3,-0.8043847680091858,0.3065820336341858,-0.5987402200698853,0.753129780292511,-0.6163358688354492,2.124122142791748
40216,12,170,30,24,170,30,48,1,-0.8046289086341858,0.3173242211341858,-0.6131445169448853,-0.48351144790649414,0.26916027069091797,0.8722137212753296
40217,18,170,30,26,170,30,48,1,-0.7958398461341858,0.3419824242591858,-0.6063085794448853,0.5241221189498901,-0.00564885139465332,1.391297698020935
40219,29,170,30,27,170,30,48,1,-0.7987695336341858,0.3175683617591858,-0.6251074075698853,-0.5751144886016846,-0.5400000214576721,-0.6850380897521973
40220,32,170,30,27,170,30,48,4,-0.8056054711341858,0.3148828148841858,-0.6006933450698853,-2.7125191688537598,-0.23465651273727417,1.1928244829177856
40221,32,170,30,27,170,30,49,3,-0.8026757836341858,0.3244042992591858,-0.6182714700698853,-2.666717529296875,0.7729770541191101,0.2615267038345337
40222,31,170,30,26,170,30,49,3,-0.7999902367591858,0.3273339867591858,-0.5997167825698853,-1.6743510961532593,0.4981679320335388,-1.1125190258026123
40223,31,170,30,27,170,30,49,2,-0.8060937523841858,0.3261132836341858,-0.6097265481948853,0.5546565055847168,0.8645800948143005,-0.9598473310470581
40225,47,170,30,42,170,30,48,79,-0.7142968773841858,0.3703027367591858,-0.5848242044448853,35.62335968017578,-10.020915985107422,-33.677406311035156
40226,73,170,30,84,170,30,48,40,-0.8829980492591858,0.07245117425918579,-0.7891699075698853,4.157710075378418,-2.8606107234954834,-33.494197845458984
40227,83,170,30,113,170,30,49,4,-0.8302636742591858,0.1254296898841858,-0.6214452981948853,0.5699236392974854,1.2462594509124756,-2.9598472118377686
40228,49,170,30,118,170,30,52,115,-1.193544864654541,-0.022031251341104507,-0.05992187559604645,48.37145233154297,61.322593688964844,5.940916061401367
40229,13,170,30,95,170,30,56,124,-0.6376367211341858,0.1276269555091858,-0.8094335794448853,36.493587493896484,-31.41023063659668,56.52106857299805
40230,3,170,30,96,170,30,50,133,-0.7138085961341858,0.07318359613418579,-0.7469335794448853,59.36381912231445,-34.03618240356445,-40.394962310791016
40231,0,170,30,93,170,30,45,68,-0.8817773461341858,-0.1404394507408142,-0.5975195169448853,-6.529312610626221,-57.24229049682617,4.7500762939453125
40232,0,170,30,86,170,30,48,46,-0.7970605492591858,0.011904295533895493,-0.6873632669448853,-30.758319854736328,12.131755828857422,4.093587875366211
40233,0,170,30,84,170,30,47,24,-0.8610253930091858,0.06537109613418579,-0.5992285013198853,-3.7201523780822754,-12.356793403625488,-7.982748031616211
40234,7,170,30,108,170,30,48,2,-0.8500390648841858,0.08392578363418579,-0.5325781106948853,-0.4224426746368408,1.3225953578948975,-1.1735877990722656
40235,47,170,30,150,170,30,48,58,-0.8119531273841858,0.1369042992591858,-0.7374120950698853,4.218778610229492,-6.906412124633789,-47.35679626464844
40236,84,170,30,209,170,30,48,20,-0.8051171898841858,-0.11919921636581421,-0.6048437356948853,-4.956793785095215,2.131755828857422,-13.204122543334961
40237,44,170,30,216,170,30,52,105,-1.074648380279541,-0.03790039196610451,-0.25352537631988525,16.096641540527344,77.20045471191406,11.864580154418945
40238,11,170,30,181,170,30,56,113,-0.7838769555091858,0.05829101428389549,-0.49131834506988525,7.363816738128662,-22.143054962158203,83.57450103759766
40239,2,170,30,158,170,30,51,73,-0.9523339867591858,-0.6384863257408142,-1.3943945169448853,-4.239236354827881,-30.906414031982422,-38.043819427490234
40240,0,170,30,148,170,30,49,7,-0.9310937523841858,-0.12139648199081421,-0.40025389194488525,3.7149620056152344,-0.23465651273727417,-3.3873281478881836
40241,0,170,30,177,170,30,48,64,-0.9066796898841858,0.010439451783895493,-0.5003515481948853,-28.81938934326172,-20.58580207824707,14.826412200927734
40242,0,170,30,195,170,30,49,31,-0.7555566430091858,-0.04717773571610451,-0.7127538919448853,-14.78885555267334,-16.249923706054688,0.46000000834465027
40243,50,170,30,239,170,30,48,78,-0.7133203148841858,0.09417968988418579,-0.8123632669448853,-3.521679401397705,-16.58580207824707,-58.2575569152832
40244,91,170,30,316,170,30,48,55,-0.9284082055091858,-0.09307616949081421,-0.6800390481948853,-20.483510971069336,-7.394961833953857,-27.814809799194336
40245,45,170,30,313,170,30,52,80,-1.105654239654541,0.0067773424088954926,-0.31187498569488525,-0.08656489849090576,57.23099136352539,23.559236526489258
40246,12,170,30,219,170,30,57,79,-0.7750878930091858,0.04925781115889549,-0.5826269388198853,15.684427261352539,-6.280457973480225,57.45236587524414
40247,2,170,30,137,170,30,53,55,-0.9215722680091858,-0.2844824194908142,-1.1224218606948853,-14.193435668945312,-8.402595520019531,-33.26519012451172
40248,0,170,30,82,170,30,51,44,-0.7670312523841858,-0.1575292944908142,-0.7071386575698853,-23.445343017578125,6.63557243347168,14.627939224243164
40249,0,170,30,63,170,30,52,41,-0.8688378930091858,-0.04449218884110451,-0.5943456888198853,5.165343761444092,17.322593688964844,19.482900619506836
40250,0,170,30,61,170,30,51,35,-0.7372460961341858,-0.007871095091104507,-0.7510839700698853,3.8981680870056152,-31.379695892333984,-0.21175572276115417
40251,32,170,30,94,170,30,49,8,-0.8239160180091858,0.11712890863418579,-0.7056738138198853,-5.369007587432861,1.0783205032348633,-2.3491601943969727
40252,87,170,30,154,170,30,48,86,-0.5578027367591858,-0.1379980444908142,-0.46958982944488525,21.241680145263672,-16.00564956665039,-49.280460357666016
40253,75,170,30,183,170,30,49,32,-0.8502832055091858,0.012636717408895493,-0.5748144388198853,-15.82702350616455,6.376030445098877,10.643206596374512
40254,22,170,30,133,170,30,56,178,-0.8263574242591858,-0.1914648413658142,-0.5569921731948853,37.18061065673828,88.55923461914062,53.11648941040039
40255,5,170,30,73,170,30,57,84,-0.7194238305091858,-0.1423925757408142,-0.8470312356948853,41.74549865722656,7.154656410217285,35.986717224121094
40256,0,170,30,41,170,30,53,52,-0.8517480492591858,-0.11993163824081421,-0.8336035013198853,-23.888090133666992,-16.433130264282227,-11.707939147949219
40257,0,170,30,27,170,30,51,47,-0.9061914086341858,0.029726561158895493,-0.5584570169448853,-41.61328125,-1.410228967666626,4.5363359451293945
40258,0,170,30,21,170,30,50,64,-0.7599511742591858,0.019472654908895493,-0.7049413919448853,-27.369007110595703,-22.356794357299805,14.841679573059082
40259,19,170,30,35,170,30,50,18,-0.8119531273841858,0.06366211175918579,-0.6282812356948853,-1.2621372938156128,-5.791908264160156,-11.081984519958496
40260,86,170,30,111,170,30,50,58,-0.9569726586341858,-0.1926855444908142,-0.35411131381988525,-30.0560302734375,-0.02091604471206665,-27.95221519470215
40261,73,170,30,136,170,30,50,51,-0.8234277367591858,-0.2866796851158142,-0.5218359231948853,-25.61328125,1.6126718521118164,24.73480796813965
40262,21,170,30,88,170,30,56,160,-0.5646386742591858,-0.07037109136581421,-0.9537206888198853,41.5164909362793,83.64320373535156,35.43709945678711
40263,5,170,30,55,170,30,52,38,-0.7421289086341858,0.3756738305091858,-0.29893553256988525,3.150076389312744,14.024885177612305,-21.433130264282227
40264,0,170,30,35,170,30,51,72,-1.242128849029541,0.3307519555091858,-0.37632811069488525,-8.78885555267334,-32.662139892578125,31.482900619506836
40265,0,170,30,39,170,30,50,46,-0.7924218773841858,-0.1958593726158142,-0.7720800638198853,-18.77358627319336,-25.99038314819336,2.1851909160614014
40266,0,170,30,46,170,30,49,20,-0.7597070336341858,0.07586914300918579,-0.6966406106948853,-7.933892726898193,9.154656410217285,3.0096182823181152
40267,0,170,30,49,170,30,50,72,-0.6705957055091858,-0.1975683569908142,-0.8123632669448853,-51.002593994140625,14.376030921936035,7.024885654449463
40268,0,170,30,56,170,30,50,26,-0.7025781273841858,0.06366211175918579,-0.7764745950698853,15.485954284667969,-2.081984758377075,-8.639236450195312
40269,0,170,30,73,170,30,47,64,-0.8114648461341858,0.07416015863418579,-0.6531835794448853,-15.277405738830566,-42.875877380371094,6.124122142791748
40270,50,170,30,115,170,30,47,46,-0.7162500023841858,0.1342187523841858,-0.5154882669448853,20.860000610351562,-15.181221008300781,10.307328224182129
40271,90,170,30,177,170,30,47,26,-0.8007226586341858,0.025087889283895493,-0.5096288919448853,13.684427261352539,-9.669771194458008,3.3607633113861084
40272,53,170,30,198,170,30,51,115,-1.201113224029541,0.028749998658895493,-0.29820311069488525,19.669160842895508,90.74243927001953,4.887480735778809
40273,15,170,30,160,170,30,55,61,-0.6669335961341858,0.1593652367591858,-0.6209570169448853,18.890535354614258,12.971450805664062,29.757709503173828
40274,4,170,30,118,170,30,49,56,-0.7977929711341858,0.1530175805091858,-0.8160253763198853,21.302749633789062,-28.00564956665039,-6.883511543273926
40275,0,170,30,92,170,30,47,37,-0.7499414086341858,0.1256738305091858,-0.6634374856948853,2.7836642265319824,-14.692671775817871,-20.34916114807129
40276,0,170,30,80,170,30,48,39,-0.7880273461341858,0.05072265490889549,-0.6866308450698853,15.85236644744873,3.6126718521118164,-19.58580207824707
40277,0,170,30,79,170,30,49,13,-0.8856835961341858,0.010439451783895493,-0.49034178256988525,-2.483511447906494,4.757709980010986,5.971450328826904
40278,0,170,30,99,170,30,49,53,-0.9039941430091858,0.06585937738418579,-0.38023436069488525,42.508853912353516,7.414198398590088,3.7119083404541016
40280,31,170,30,154,170,30,49,67,-0.8104882836341858,0.3444238305091858,-0.37852537631988525,31.241680145263672,-15.227023124694824,21.101221084594727
40281,83,170,30,229,170,30,49,39,-0.8358789086341858,0.2057519555091858,-0.7474218606948853,-19.139999389648438,-4.982748031616211,15.070687294006348
40282,78,170,30,193,170,30,49,43,-0.8556542992591858,0.2553125023841858,-0.5096288919448853,19.669160842895508,-7.807175636291504,-15.63160228729248
40283,23,170,30,110,170,30,56,81,-0.7401757836341858,0.05658202990889549,-0.6675878763198853,22.96687126159668,34.681373596191406,23.5134334564209
40284,6,170,30,66,170,30,53,41,-0.7218652367591858,-0.06548827886581421,-0.7481542825698853,2.7683968544006348,-24.540000915527344,-14.013282775878906
40285,0,170,30,47,170,30,50,36,-0.7506738305091858,0.12079101800918579,-0.6519628763198853,-8.666717529296875,-12.417862892150879,-14.929312705993652
40286,0,170,30,45,170,30,50,35,-0.7467675805091858,0.10956054925918579,-0.7689062356948853,15.379083633422852,-10.173587799072266,-10.440763473510742
40287,1,170,30,66,170,30,49,11,-0.8527246117591858,0.1474023461341858,-0.5340429544448853,-5.659083843231201,-2.8911449909210205,2.475267171859741
40288,9,170,30,87,170,30,50,24,-0.8383203148841858,0.025332029908895493,-0.5347753763198853,-15.750687599182129,1.2767939567565918,7.8187785148620605
40289,1,170,30,88,170,30,51,41,-0.7545800805091858,0.1369042992591858,-0.6851660013198853,-28.483510971069336,-10.280458450317383,2.6126718521118164
40290,17,170,30,99,170,30,51,25,-0.8685937523841858,0.07318359613418579,-0.6724706888198853,21.012672424316406,-3.914045810699463,0.13938933610916138
40291,70,170,30,151,170,30,50,91,-0.7658105492591858,0.04095702990889549,-0.5296484231948853,39.714962005615234,-24.097251892089844,28.093585968017578
40292,115,170,30,220,170,30,49,28,-0.9391503930091858,-0.026669923216104507,-0.8702245950698853,-11.246870994567871,-4.066717624664307,12.780611038208008
40293,53,170,30,200,170,30,54,131,-0.8746972680091858,0.04901367053389549,-0.6190038919448853,34.96686935424805,83.47526550292969,13.330228805541992
40294,15,170,30,130,170,30,55,23,-0.7582421898841858,0.1432519555091858,-0.6849218606948853,-1.827022910118103,-14.020915985107422,7.986717700958252
40295,2,170,30,93,170,30,52,50,-0.8292871117591858,-0.09722656011581421,-0.6026464700698853,4.325648784637451,-37.318626403808594,-8.608702659606934
40296,0,170,30,81,170,30,50,38,-0.8952050805091858,0.08368164300918579,-0.6373144388198853,29.974504470825195,-4.23465633392334,-4.7461066246032715
40297,0,170,30,81,170,30,50,39,-0.7543359398841858,-0.1404394507408142,-0.6150976419448853,-19.67435073852539,-8.677404403686523,-11.112519264221191
40298,0,170,30,90,170,30,52,53,-0.8268457055091858,0.06512695550918579,-0.6204687356948853,-25.078929901123047,13.872213363647461,-14.822443008422852
40299,0,170,30,102,170,30,51,57,-0.9301171898841858,-0.016904298216104507,-0.5399023294448853,-25.81175422668457,-23.74610710144043,-7.952213287353516
40300,0,170,30,105,170,30,50,28,-0.8649316430091858,-0.05621093884110451,-0.6197363138198853,-13.796488761901855,-14.570534706115723,0.0019847452640533447
40301,26,170,30,107,170,30,50,23,-0.9220605492591858,-0.05059570446610451,-0.6426855325698853,14.859999656677246,-3.9598472118377686,4.948549747467041
40302,85,170,30,168,170,30,51,73,-0.8085351586341858,0.3546777367591858,-0.46275389194488525,52.615726470947266,-9.440763473510742,11.421832084655762
40303,117,170,30,217,170,30,50,22,-0.8578515648841858,0.07171875238418579,-0.6273046731948853,-12.254504203796387,1.1088550090789795,8.841679573059082
40304,45,170,30,187,170,30,57,139,-0.7440820336341858,-0.1323828101158142,-0.7537695169448853,55.455421447753906,62.559234619140625,21.940916061401367
40305,14,170,30,134,170,30,55,41,-0.7238183617591858,0.1713281273841858,-0.7232519388198853,22.081375122070312,-15.74610710144043,-3.478931188583374
40306,2,170,30,101,170,30,51,37,-0.7511621117591858,0.012148436158895493,-0.7056738138198853,-9.201068878173828,-10.631603240966797,-17.173587799072266
40307,0,170,30,92,170,30,51,23,-0.8341699242591858,-0.0005468763411045074,-0.5931249856948853,4.172976970672607,11.551603317260742,-7.402595520019531
40308,4,170,30,126,170,30,50,25,-0.9625878930091858,-0.031064454466104507,-0.7554785013198853,-3.20106840133667,-1.8987786769866943,20.307327270507812
40309,56,170,30,197,170,30,51,26,-1.016054630279541,-0.1545996069908142,-0.6822363138198853,6.249312877655029,-8.52473258972168,11.986717224121094
40310,107,170,30,258,170,30,50,73,-0.7650781273841858,0.05951171740889549,-0.7042089700698853,20.52412223815918,-19.562902450561523,33.42183303833008
40311,126,170,30,276,170,30,51,7,-0.8683496117591858,0.1483789086341858,-0.6075292825698853,0.1882442831993103,-2.081984758377075,-5.601068496704102
40312,63,170,30,180,170,30,54,132,-1.057558536529541,-0.04717773571610451,-0.35826170444488525,-25.23160171508789,59.29206085205078,-47.69267272949219
40313,17,170,30,83,170,30,62,111,-0.6828027367591858,-0.1987890601158142,-0.9527441263198853,-29.964426040649414,73.94854736328125,7.421832084655762
40314,5,170,30,40,170,30,61,185,-0.4411035180091858,-0.10699218511581421,-0.9224706888198853,-69.49114227294922,33.8111457824707,-82.28809356689453
40315,0,170,30,23,170,30,54,191,-0.7807031273841858,0.1454492211341858,-0.6212011575698853,-71.85755920410156,-69.04381561279297,-50.66977310180664
40316,0,170,30,27,170,30,48,141,-0.9481835961341858,-0.2898535132408142,-0.5767675638198853,72.03557586669922,-57.379695892333984,-12.501832008361816
40317,0,170,30,43,170,30,45,139,-0.8024316430091858,0.08343750238418579,-0.6204687356948853,-52.208702087402344,-49.2575569152832,38.23099136352539
40318,0,170,30,49,170,30,46,30,-0.7218652367591858,-0.05450195446610451,-0.7852636575698853,-3.735419750213623,20.910381317138672,5.4676337242126465
40319,0,170,30,53,170,30,45,49,-0.8012109398841858,0.1305566430091858,-0.6365820169448853,-15.888091087341309,-17.501832962036133,16.108854293823242
40320,18,170,30,74,170,30,46,36,-0.8317285180091858,0.1303125023841858,-0.6519628763198853,8.295114517211914,4.5745038986206055,-23.814809799194336
40321,63,170,30,122,170,30,47,46,-0.8837304711341858,0.04559570178389549,-0.6900488138198853,-7.750687122344971,-0.43312978744506836,-38.013282775878906
40322,81,170,30,166,170,30,48,58,-0.8812890648841858,0.015078123658895493,-0.7537695169448853,39.440155029296875,-14.952213287353516,4.521068572998047
40323,81,170,30,211,170,30,47,42,-0.6495996117591858,-0.1602148413658142,-0.8621679544448853,12.707327842712402,-5.990381717681885,23.727174758911133
40324,77,170,30,210,170,30,48,13,-0.7789941430091858,0.09686523675918579,-0.6119238138198853,8.14244270324707,2.269160270690918,2.6432061195373535
40325,75,170,30,176,170,30,50,52,-0.9852929711341858,0.00018554553389549255,-0.5960546731948853,-36.36137390136719,14.6050386428833,1.4065649509429932
40326,78,170,30,146,170,30,51,47,-0.9633203148841858,0.027773436158895493,-0.7361913919448853,-17.81175422668457,2.772977113723755,-26.578168869018555
40327,30,170,30,131,170,30,57,222,-0.9757714867591858,-0.04449218884110451,-0.6224218606948853,106.70732879638672,87.81114196777344,28.001983642578125
40328,8,170,30,126,170,30,55,69,-0.5348535180091858,-0.08477538824081421,-0.9302831888198853,39.89816665649414,-16.234657287597656,13.43709945678711
40329,1,170,30,121,170,30,50,54,-0.9628320336341858,0.03192382678389549,-0.5330663919448853,14.447786331176758,-28.524734497070312,-11.23465633392334
40330,0,170,30,123,170,30,49,67,-0.7262597680091858,-0.04400390759110451,-0.6995702981948853,38.26457977294922,-26.814809799194336,-2.593435049057007
40331,0,170,30,131,170,30,46,50,-0.9162011742591858,-0.024472657591104507,-0.5130468606948853,-3.1094655990600586,-46.29572677612305,-0.9140458106994629
40332,0,170,30,143,170,30,46,49,-0.8317285180091858,-0.1611914038658142,-0.6282812356948853,4.508854866027832,-25.394962310791016,19.330228805541992
40333,0,170,30,164,170,30,46,49,-0.8422265648841858,-0.10503906011581421,-0.5794531106948853,-9.85755729675293,-23.62397003173828,16.124122619628906
40334,40,170,30,181,170,30,49,48,-0.8588281273841858,-0.07745116949081421,-0.7501074075698853,-29.048397064208984,4.879847526550293,-14.990381240844727
40335,86,170,30,211,170,30,50,53,-0.8927636742591858,-0.10210937261581421,-0.5020605325698853,-14.468244552612305,-12.020915985107422,-27.143054962158203
40336,111,170,30,216,170,30,50,22,-1.003847599029541,0.1547265648841858,-0.8116308450698853,-2.7125191688537598,-10.188855171203613,9.72717571258545
40337,117,170,30,208,170,30,51,32,-0.9020410180091858,0.10272461175918579,-0.5313574075698853,9.85236644744873,9.261527061462402,13.25389289855957
40338,122,170,30,193,170,30,52,45,-0.9054589867591858,0.3576074242591858,-0.5530859231948853,-18.07129669189453,0.7119084000587463,26.658472061157227
40340,125,170,30,154,170,30,54,23,-0.9000878930091858,0.013369139283895493,-0.6924902200698853,-8.804122924804688,2.727175712585449,-12.089618682861328
40341,96,170,30,135,170,30,55,47,-0.9315820336341858,-0.07232421636581421,-0.40660154819488525,6.905801773071289,-8.448396682739258,-32.15068817138672
40342,29,170,30,126,170,30,61,108,-0.7699609398841858,-0.07671874761581421,-0.6929785013198853,45.2569465637207,47.09358596801758,-15.738472938537598
40343,9,170,30,114,170,30,63,88,-0.7030664086341858,0.03143554553389549,-0.6224218606948853,23.959238052368164,29.124120712280273,35.559234619140625
40344,2,170,30,104,170,30,59,45,-0.8568750023841858,-0.2461523413658142,-0.9075781106948853,10.386716842651367,-23.135419845581055,-11.478931427001953
40345,0,170,30,97,170,30,54,84,-0.9420800805091858,-0.0054296888411045074,-0.6429296731948853,28.554656982421875,-33.57816696166992,-22.089618682861328
40346,0,170,30,97,170,30,53,39,-0.9486718773841858,-0.024960938841104507,-0.40782225131988525,3.0737404823303223,-23.517099380493164,-12.532366752624512
40347,0,170,30,119,170,30,53,33,-0.8856835961341858,-0.2004980444908142,-0.5084081888198853,7.333282470703125,2.3912978172302246,23.803510665893555
40348,0,170,30,141,170,30,52,40,-0.8319726586341858,-0.04400390759110451,-0.6011816263198853,-3.3232059478759766,-18.998016357421875,-18.15068817138672
40349,0,170,30,142,170,30,51,35,-0.8534570336341858,-0.10577148199081421,-0.5289160013198853,-7.582747936248779,-15.639236450195312,12.18519115447998
40350,9,170,30,147,170,30,52,22,-0.8734765648841858,0.029970701783895493,-0.5533300638198853,-1.6285496950149536,2.7119083404541016,-17.753742218017578
40351,63,170,30,167,170,30,53,79,-1.080996036529541,0.07074218988418579,-0.42906248569488525,12.157709121704102,-18.906414031982422,-48.013282775878906
40352,91,170,30,205,170,30,53,39,-0.8822656273841858,-0.0056738294661045074,-0.40123045444488525,19.852367401123047,-7.303358554840088,-12.65450382232666
40353,92,170,30,227,170,30,54,62,-0.9992089867591858,0.04144531115889549,-0.32627928256988525,26.20351219177246,10.376030921936035,25.925647735595703
40354,79,170,30,208,170,30,56,46,-0.9330468773841858,0.03900390490889549,-0.49522459506988525,-8.712519645690918,16.024885177612305,22.093585968017578
40355,71,170,30,176,170,30,58,22,-0.8947167992591858,-0.06695312261581421,-0.40464842319488525,-17.430076599121094,4.62030553817749,-0.7155724763870239
40356,57,170,30,162,170,30,58,52,-0.9484277367591858,-0.1299414038658142,-0.5030370950698853,6.111908435821533,-15.27282428741455,-31.356794357299805
40357,16,170,30,162,170,30,64,119,-0.8729882836341858,-0.2598242163658142,-0.5411230325698853,34.554656982421875,62.78824234008789,-21.753742218017578
40358,3,170,30,153,170,30,64,54,-0.6644921898841858,-0.1831640601158142,-0.7806249856948853,27.058473587036133,12.055419921875,15.650839805603027
40359,0,170,30,137,170,30,58,94,-0.7728906273841858,-0.2007421851158142,-0.6363378763198853,-27.93389320373535,-41.5171012878418,25.07068634033203
40360,0,170,30,119,170,30,56,24,-0.8390527367591858,-0.09649413824081421,-0.5599218606948853,-7.277404308319092,-15.761374473571777,-1.875877857208252
40361,0,170,30,117,170,30,55,16,-0.8991113305091858,-0.10015624761581421,-0.48057615756988525,1.226412296295166,-8.265191078186035,6.6432061195373535
40362,0,170,30,122,170,30,54,52,-0.8920312523841858,-0.1404394507408142,-0.5479589700698853,-6.2545037269592285,-27.379695892333984,18.93328094482422
40363,32,170,30,136,170,30,56,31,-1.010683536529541,-0.2351660132408142,-0.6182714700698853,-16.681983947753906,-1.0132825374603271,-13.555267333984375
40364,68,170,30,169,170,30,55,64,-1.040712833404541,-0.11504882574081421,-0.18370117247104645,25.501222610473633,-13.45603084564209,-25.158321380615234
40365,69,170,30,190,170,30,55,58,-0.8654199242591858,-0.4107031226158142,-0.6595312356948853,22.371450424194336,3.124122142791748,33.11648941040039
40366,61,170,30,162,170,30,56,26,-0.8607812523841858,-0.2046484351158142,-0.5704199075698853,-1.3842748403549194,10.070687294006348,14.96381664276123
40367,63,170,30,128,170,30,58,25,-0.8900781273841858,-0.1777929663658142,-0.5608984231948853,-18.25450325012207,6.162290096282959,-1.1583205461502075
40368,75,170,30,108,170,30,58,28,-0.6803613305091858,0.009218748658895493,-0.48326170444488525,1.211145043373108,-6.158320426940918,-20.883512496948242
40369,32,170,30,101,170,30,62,129,-0.9845605492591858,-0.008359376341104507,-0.35899412631988525,41.68442916870117,77.00198364257812,-11.020915985107422
40370,9,170,30,95,170,30,65,90,-0.6471582055091858,-0.2500585913658142,-0.6771093606948853,44.44778823852539,23.826412200927734,22.6126708984375
40371,1,170,30,95,170,30,59,90,-0.7926660180091858,-0.1926855444908142,-0.6907812356948853,-32.162899017333984,-48.08198547363281,-10.150687217712402
40372,0,170,30,94,170,30,56,24,-0.9496484398841858,-0.1680273413658142,-0.32334959506988525,2.5393893718719482,-21.394962310791016,-0.1354198157787323
40373,0,170,30,111,170,30,56,55,-0.8891015648841858,-0.1807226538658142,-0.42906248569488525,15.058472633361816,-7.562900543212891,32.65847396850586
40374,0,170,30,112,170,30,56,21,-0.8995996117591858,0.1395898461341858,-0.25621092319488525,8.905800819396973,5.811145305633545,6.322595596313477
40375,2,170,30,113,170,30,57,8,-0.8883691430091858,-0.1638769507408142,-0.5128027200698853,2.43251895904541,0.8035114407539368,5.192824363708496
40376,1,170,30,105,170,30,58,7,-0.8856835961341858,-0.10113281011581421,-0.49351561069488525,6.417252063751221,0.1622900366783142,0.46000000834465027
40377,23,170,30,106,170,30,59,13,-0.9279199242591858,-0.1545996069908142,-0.5008398294448853,-9.674351692199707,2.879847288131714,-1.1277862787246704
40378,51,170,30,113,170,30,59,45,-0.7262597680091858,-0.03350586071610451,-0.46006834506988525,-7.246870517730713,-11.593435287475586,-26.62397003173828
40379,81,170,30,144,170,30,58,53,-0.8510156273841858,-0.08916991949081421,-0.25083982944488525,15.043206214904785,-15.471297264099121,-23.295726776123047
40380,89,170,30,173,170,30,56,35,-0.9166894555091858,-0.3713964819908142,-0.42515623569488525,12.295114517211914,-16.173587799072266,6.673740386962891
40381,90,170,30,170,170,30,59,80,-0.8663964867591858,-0.2651953101158142,-0.31553709506988525,18.737863540649414,28.360761642456055,33.14702224731445
40382,89,170,30,150,170,30,62,61,-0.9223046898841858,-0.5386328101158142,-0.35264647006988525,-1.2774046659469604,21.03251838684082,39.42183303833008
40383,80,170,30,122,170,30,63,35,-0.9264550805091858,-0.03399414196610451,-0.36705076694488525,-23.048397064208984,9.918015480041504,-2.7919082641601562
40384,81,170,30,109,170,30,62,38,-0.9371972680091858,-0.10381835699081421,-0.31089842319488525,11.59282398223877,-7.959847450256348,-18.669771194458008
40385,33,170,30,104,170,30,67,123,-0.9535546898841858,-0.05376953259110451,-0.36119139194488525,16.478321075439453,88.16229248046875,-18.914047241210938
40386,9,170,30,99,170,30,72,119,-0.7711816430091858,-0.3994726538658142,-0.7757421731948853,-13.399541854858398,90.2386245727539,15.910381317138672
40387,1,170,30,86,170,30,71,91,-0.5609765648841858,-0.1582617163658142,-0.8126074075698853,-40.80412292480469,33.26152420043945,17.864580154418945
40388,0,170,30,65,170,30,62,125,-0.6015039086341858,-0.09307616949081421,-0.7371679544448853,-70.48351287841797,-54.35679626464844,-0.2575572431087494
40389,0,170,30,40,170,30,62,135,-0.8007226586341858,-0.05718750134110451,-0.6646581888198853,60.615726470947266,26.238624572753906,-49.08198547363281
40390,0,170,30,16,170,30,59,412,-0.4767480492591858,-0.5049414038658142,-0.5528417825698853,-311.4453430175781,-52.69267272949219,-48.043819427490234
40391,0,170,30,4,170,30,52,111,-1.049501895904541,-0.03375000134110451,-0.40928709506988525,-23.430076599121094,-58.3873291015625,-30.181222915649414
40392,0,170,30,2,170,30,51,102,-0.8917871117591858,0.0021386705338954926,-0.5401464700698853,66.49359130859375,21.368396759033203,14.689007759094238
40393,0,170,30,6,170,30,46,162,-0.8109765648841858,-0.10577148199081421,-0.6111913919448853,-61.888092041015625,-67.05908203125,33.14702224731445
40394,0,170,30,7,170,30,47,29,-0.8964257836341858,-0.1292089819908142,-0.5904394388198853,-19.49114418029785,-6.906412124633789,-3.0056488513946533
40396,4,170,30,7,170,30,49,23,-0.8185449242591858,-0.05474609509110451,-0.5765234231948853,5.333282470703125,8.574503898620605,9.391297340393066
40397,0,170,30,5,170,30,51,17,-0.8441796898841858,-0.03716797009110451,-0.6153417825698853,9.608091354370117,2.9561831951141357,4.460000038146973
40398,12,170,30,7,170,30,51,28,-0.8021875023841858,0.05682617053389549,-0.6680761575698853,-1.5980151891708374,-7.043816566467285,-20.242290496826172
40399,30,170,30,7,170,30,51,83,-0.8768945336341858,-0.04864257946610451,-0.47935545444488525,-19.29267120361328,-5.776641368865967,-58.791908264160156
40400,7,170,30,3,170,30,57,85,-0.7374902367591858,-0.1404394507408142,-0.7920995950698853,-7.185801029205322,55.99435043334961,22.169921875
40401,0,170,30,0,170,30,61,267,-0.6752343773841858,-0.1726660132408142,-0.7022558450698853,-121.73542022705078,96.14701843261719,49.31496047973633
40402,0,170,30,0,170,30,61,36,-0.6774316430091858,-0.1262792944908142,-1.0420995950698853,15.531755447387695,-1.0896183252334595,-20.02855110168457
40403,0,170,30,0,170,30,53,96,-0.7592187523841858,-0.11236327886581421,-0.7635351419448853,-5.262137413024902,-75.56290435791016,15.513435363769531
40404,0,170,30,0,170,30,47,158,-0.8983789086341858,0.0058007799088954926,-0.5718847513198853,92.31037902832031,-33.30335998535156,-33.35679626464844
40405,0,170,30,4,170,30,45,39,-0.7702050805091858,-0.1599707007408142,-0.5923925638198853,10.951602935791016,-27.257558822631836,1.391297698020935
40406,6,170,30,17,170,30,45,42,-0.8368554711341858,-0.11065429449081421,-0.48741209506988525,30.569923400878906,-8.631603240966797,2.9332823753356934
40407,52,170,30,60,170,30,46,63,-0.7428613305091858,-0.1785253882408142,-0.5054785013198853,35.42488479614258,-16.112520217895508,-11.906412124633789
40408,87,170,30,117,170,30,47,63,-0.8825097680091858,-0.2185644507408142,-0.6197363138198853,44.172977447509766,-15.593435287475586,-3.9674806594848633
40409,73,170,30,137,170,30,48,43,-0.9223046898841858,0.0016503892838954926,-0.48008787631988525,-17.750686645507812,-7.3186259269714355,-17.936946868896484
40410,21,170,30,105,170,30,55,70,-0.7401757836341858,-0.3618749976158142,-0.6190038919448853,38.218780517578125,25.55160140991211,-7.0361833572387695
40411,5,170,30,80,170,30,53,36,-0.5480371117591858,-0.2776464819908142,-0.6436620950698853,1.9134351015090942,-17.456031799316406,17.19282341003418
40412,0,170,30,65,170,30,49,43,-0.6593652367591858,-0.2935156226158142,-0.6522070169448853,3.226412296295166,-27.7308406829834,12.780611038208008
40413,0,170,30,61,170,30,48,71,-0.8092675805091858,-0.2136816382408142,-0.5753027200698853,-11.445343971252441,-25.074352264404297,34.8111457824707
40414,1,170,30,73,170,30,50,29,-0.9315820336341858,-0.2400488257408142,-0.40904295444488525,9.608091354370117,3.872213840484619,15.650839805603027
40415,13,170,30,92,170,30,51,37,-0.8725000023841858,-0.2322363257408142,-0.44224607944488525,-22.987327575683594,1.2767939567565918,13.223359107971191
40416,48,170,30,123,170,30,51,84,-1.085634708404541,-0.2664160132408142,-0.33213865756988525,8.661526679992676,-35.99038314819336,-40.043819427490234
40417,63,170,30,170,170,30,51,38,-0.9254785180091858,-0.2776464819908142,-0.5042577981948853,-22.605648040771484,6.727175712585449,-8.85297679901123
40418,18,170,30,152,170,30,56,42,-0.7299218773841858,-0.3843359351158142,-0.6092382669448853,5.043206214904785,28.803510665893555,-8.914045333862305
40419,4,170,30,113,170,30,56,23,-0.9013085961341858,-0.1404394507408142,-0.5525976419448853,-11.765954971313477,0.8340458273887634,10.76534366607666
40420,0,170,30,93,170,30,55,30,-0.8734765648841858,-0.2283300757408142,-0.46592772006988525,-10.529313087463379,-11.975114822387695,7.666106700897217
40421,0,170,30,89,170,30,53,56,-0.8007226586341858,-0.2854589819908142,-0.5711523294448853,4.005038261413574,-29.135419845581055,23.162288665771484
40422,29,170,30,115,170,30,54,26,-0.9284082055091858,-0.2783789038658142,-0.5367285013198853,14.234045028686523,-2.12778639793396,10.47526741027832
40423,71,170,30,156,170,30,55,14,-0.8676171898841858,-0.11749023199081421,-0.37754881381988525,-5.307938575744629,0.6661068797111511,8.185190200805664
40424,83,170,30,178,170,30,55,15,-0.9288964867591858,-0.2273535132408142,-0.5870214700698853,-11.582748413085938,-3.2575571537017822,0.7958778738975525
40425,26,170,30,147,170,30,64,225,-0.7785058617591858,-0.1499609351158142,-0.6077734231948853,61.91343688964844,98.43709564208984,-65.49420166015625
40426,7,170,30,112,170,30,61,70,-0.6276269555091858,-0.4190039038658142,-0.7554785013198853,12.768396377563477,-24.891145706176758,32.765342712402344
40427,0,170,30,98,170,30,55,112,-0.8060937523841858,-0.2864355444908142,-0.5020605325698853,-42.57511520385742,-43.36442947387695,26.887479782104492
40428,0,170,30,98,170,30,55,51,-0.8366113305091858,-0.2688574194908142,-0.5850683450698853,-25.781221389770508,-13.059083938598633,12.47526741027832
40429,0,170,30,117,170,30,54,24,-0.8798242211341858,-0.1939062476158142,-0.46666014194488525,-11.735420227050781,-5.456030368804932,6.811145305633545
40430,0,170,30,138,170,30,54,28,-0.8908105492591858,-0.1748632788658142,-0.48252928256988525,-7.246870517730713,-6.753740310668945,14.154656410217285
40431,0,170,30,145,170,30,55,34,-0.8161035180091858,-0.2747167944908142,-0.5613867044448853,-14.285038948059082,-11.3949613571167,8.582137107849121
40432,33,170,30,153,170,30,55,40,-1.029238224029541,-0.11236327886581421,-0.32627928256988525,2.478320598602295,-15.700304985046387,-22.074352264404297
40433,76,170,30,182,170,30,54,48,-1.121035099029541,-0.1799902319908142,-0.32872068881988525,-10.376641273498535,-11.685038566589355,-26.761375427246094
40434,44,170,30,188,170,30,58,84,-1.027529239654541,-0.1423925757408142,-0.21177734434604645,-5.262137413024902,61.30732727050781,-17.891145706176758
40435,12,170,30,135,170,30,60,50,-0.7413964867591858,-0.2478613257408142,-0.7234960794448853,-16.0560302734375,4.513435363769531,29.84931182861328
40436,1,170,30,96,170,30,60,7,-0.8461328148841858,-0.1621679663658142,-0.5770117044448853,6.020305633544922,-0.14305344223976135,-1.8300762176513672
40437,0,170,30,87,170,30,57,43,-0.8922753930091858,-0.1414160132408142,-0.47398436069488525,-6.4682440757751465,-25.86824607849121,11.391297340393066
40439,17,170,30,106,170,30,57,70,-0.8912988305091858,-0.1724218726158142,-0.5176855325698853,47.66916275024414,-8.310992240905762,-14.669771194458008
40440,84,170,30,160,170,30,57,41,-1.032167911529541,-0.2385839819908142,-0.6356054544448853,26.035573959350586,-11.639236450195312,4.246259689331055
40441,115,170,30,179,170,30,57,21,-0.7438378930091858,-0.09429687261581421,-0.18736328184604645,-0.13236641883850098,-1.6545038223266602,20.017250061035156
40442,120,170,30,175,170,30,57,32,-0.9223046898841858,-0.1480078101158142,-0.46666014194488525,20.539390563964844,-4.387328147888184,-7.631603240966797
40443,91,170,30,163,170,30,59,51,-0.9555078148841858,-0.05181640759110451,-0.38291990756988525,-12.391908645629883,10.6050386428833,-28.104887008666992
40444,27,170,30,101,170,30,65,37,-0.9555078148841858,-0.1914648413658142,-0.5030370950698853,18.646259307861328,11.841679573059082,7.101221561431885
40445,7,170,30,50,170,30,63,22,-0.7616601586341858,-0.12090820074081421,-0.43541014194488525,2.157710075378418,-18.57053565979004,-1.4941984415054321
40446,0,170,30,25,170,30,61,25,-0.9647851586341858,-0.025205079466104507,-0.37583982944488525,-13.063664436340332,6.696641445159912,6.032519340515137
40447,0,170,30,13,170,30,61,78,-0.9022851586341858,-0.08477538824081421,-0.43711912631988525,-14.285038948059082,14.452366828918457,49.97145080566406
40448,0,170,30,14,170,30,60,25,-0.9215722680091858,-0.011777345091104507,-0.5174413919448853,12.52412223815918,-5.7461066246032715,-6.914045810699463
40449,2,170,30,26,170,30,59,20,-0.8720117211341858,-0.1423925757408142,-0.47886717319488525,-2.7125191688537598,-4.005649089813232,13.956183433532715
40450,28,170,30,49,170,30,59,35,-0.8910546898841858,-0.2293066382408142,-0.43687498569488525,-11.781221389770508,-2.5705342292785645,20.979082107543945
40451,92,170,30,105,170,30,58,163,-1.139345645904541,0.1351953148841858,-0.9261327981948853,40.52412414550781,-49.21175765991211,-73.44839477539062
40452,110,170,30,158,170,30,56,32,-0.8942285180091858,-0.04107422009110451,-0.6439062356948853,-16.0560302734375,-7.501832008361816,-9.051450729370117
40453,53,170,30,137,170,30,58,42,-0.9352441430091858,-0.10186523199081421,-0.46006834506988525,-12.89572525024414,21.063053131103516,8.841679573059082
40454,15,170,30,85,170,30,62,48,-0.7921777367591858,-0.2664160132408142,-0.6675878763198853,-6.804121971130371,32.91038131713867,8.979084014892578
40455,3,170,30,55,170,30,62,11,-0.8888574242591858,-0.1641210913658142,-0.48716795444488525,-5.598015308380127,-1.2117557525634766,4.918015480041504
40456,0,170,30,47,170,30,60,36,-0.8930078148841858,-0.1360449194908142,-0.5416113138198853,5.714962005615234,-20.081985473632812,10.85694694519043
40457,38,170,30,74,170,30,59,36,-0.9401269555091858,0.11615234613418579,-0.36509764194488525,5.66916036605835,-3.2575571537017822,27.223358154296875
40458,75,170,30,96,170,30,59,33,-0.9472070336341858,-0.1323828101158142,-0.6292577981948853,7.821832180023193,-25.394962310791016,0.6890076398849487
40459,51,170,30,91,170,30,60,52,-1.070009708404541,0.015810545533895493,-0.19395507872104645,3.1348090171813965,22.07068634033203,-27.463665008544922
40460,14,170,30,67,170,30,66,68,-0.8229394555091858,-0.2212499976158142,-0.5247656106948853,35.60809326171875,22.818777084350586,10.56687068939209
40461,3,170,30,42,170,30,63,27,-0.8893457055091858,-0.2883886694908142,-0.5059667825698853,-9.002595901489258,-17.135419845581055,-1.4178625345230103
40462,0,170,30,27,170,30,60,47,-0.7206445336341858,-0.4461035132408142,-0.6822363138198853,-26.147632598876953,-10.448396682739258,-10.639236450195312
40463,0,170,30,20,170,30,59,12,-0.9032617211341858,-0.1580175757408142,-0.44029295444488525,-1.6743510961532593,-9.242290496826172,1.7271755933761597
40464,24,170,30,38,170,30,59,59,-0.9391503930091858,-0.11382812261581421,-0.6085058450698853,-39.765953063964844,0.5745038390159607,19.238624572753906
40465,65,170,30,84,170,30,53,120,-1.148622989654541,-0.023984376341104507,-0.10337890684604645,-46.269771575927734,-37.730838775634766,-36.7003059387207
40466,38,170,30,100,170,30,53,48,-0.9032617211341858,-0.1387304663658142,-0.39415037631988525,16.50885581970215,22.360761642456055,9.25389289855957
40467,9,170,30,75,170,30,57,38,-0.8273339867591858,-0.2932714819908142,-0.5772558450698853,2.0355725288391113,28.437097549438477,7.9256486892700195
40468,1,170,30,43,170,30,59,21,-0.7987695336341858,-0.2324804663658142,-0.6219335794448853,-5.155267238616943,3.276793956756592,13.376030921936035
40469,0,170,30,29,170,30,57,28,-0.8410058617591858,-0.1931738257408142,-0.5125585794448853,-3.979694366455078,-14.204122543334961,10.67374038696289
40470,0,170,30,30,170,30,57,19,-0.9584375023841858,-0.0015234388411045074,-0.34239256381988525,11.821831703186035,-1.1659542322158813,6.612671852111816
40471,26,170,30,51,170,30,57,48,-0.9574609398841858,-0.2813085913658142,-0.6268163919448853,38.8141975402832,-8.631603240966797,1.4065649509429932
40472,62,170,30,90,170,30,57,38,-0.9940820336341858,-0.07745116949081421,-0.47886717319488525,26.234046936035156,-11.639236450195312,0.734809160232544
40473,79,170,30,117,170,30,57,9,-0.8641992211341858,-0.2949804663658142,-0.45762693881988525,5.272213935852051,-0.35679391026496887,-3.8911452293395996
40474,60,170,30,119,170,30,59,40,-0.9445214867591858,-0.06036132946610451,-0.47666990756988525,-12.727787017822266,-0.06671756505966187,-27.524734497070312
40475,17,170,30,99,170,30,67,201,-0.7460351586341858,-0.4312109351158142,-0.5045019388198853,31.333282470703125,93.3531265258789,-77.06671905517578
40476,4,170,30,69,170,30,68,103,-0.6676660180091858,-0.4810156226158142,-0.6922460794448853,-35.8117561340332,66.84931182861328,-0.7155724763870239
40477,0,170,30,37,170,30,68,100,-0.5775781273841858,-0.3469824194908142,-0.7173925638198853,-14.926259994506836,50.84931182861328,34.795875549316406
40478,0,170,30,20,170,30,63,74,-0.3380761742591858,-0.3691992163658142,-0.8826757669448853,-16.117097854614258,-20.37206268310547,-37.78427505493164
40479,0,170,30,14,170,30,53,98,-0.7643457055091858,-0.03301757946610451,-0.6714941263198853,-41.52167892456055,-34.234657287597656,-22.7308406829834
40480,0,170,30,16,170,30,51,91,-0.5607324242591858,-0.2239355444908142,-0.9378515481948853,-55.842288970947266,1.627938985824585,34.124122619628906
40482,0,170,30,17,170,30,48,26,-0.7975488305091858,-0.1733984351158142,-0.7725683450698853,2.8905344009399414,0.4523664116859436,22.93328094482422
40483,0,170,30,16,170,30,45,174,-0.9599023461341858,0.3148828148841858,-0.45103514194488525,-65.49114227294922,-43.60870361328125,65.40656280517578
40484,0,170,30,12,170,30,46,90,-0.7223535180091858,-0.1274999976158142,-0.7588964700698853,55.04320526123047,-14.891144752502441,-20.532367706298828
40485,0,170,30,10,170,30,43,58,-0.7985253930091858,0.11468750238418579,-0.7151952981948853,-14.315572738647461,-11.700304985046387,32.97908401489258
40486,0,170,30,10,170,30,44,32,-0.8632226586341858,-0.05962890759110451,-0.5670019388198853,8.890534400939941,-16.356794357299805,7.085954189300537
40487,0,170,30,15,170,30,44,81,-0.8556542992591858,0.03802734240889549,-0.49693357944488525,-27.59801483154297,-24.50946617126465,29.39129638671875
40488,24,170,30,32,170,30,46,32,-0.9215722680091858,-0.028134766966104507,-0.6849218606948853,-11.262137413024902,-0.35679391026496887,-20.517099380493164
40489,59,170,30,67,170,30,47,49,-0.8502832055091858,-0.06695312261581421,-0.29014647006988525,-15.277405738830566,-3.486564874649048,-31.051450729370117
40490,80,170,30,99,170,30,50,32,-0.9054589867591858,0.1793847680091858,-0.5318456888198853,-22.07129669189453,7.811144828796387,-2.379694700241089
40491,37,170,30,88,170,30,54,128,-1.049257755279541,-0.05254882946610451,-0.40000975131988525,57.0737419128418,69.44473266601562,2.2462594509124756
40492,11,170,30,72,170,30,55,67,-0.5814843773841858,0.1786523461341858,-0.7857519388198853,57.92870330810547,-8.952213287353516,0.6890076398849487
40493,2,170,30,67,170,30,50,143,-0.7848535180091858,0.2213769555091858,-0.6041113138198853,-71.53694915771484,-34.05145263671875,38.337860107421875
40494,0,170,30,66,170,30,51,49,-0.8978906273841858,0.021181639283895493,-0.6920019388198853,43.04320526123047,4.834045886993408,-1.555267095565796
40495,0,170,30,75,170,30,50,65,-0.8991113305091858,-0.04009765759110451,-0.37950193881988525,-28.788854598999023,-0.9827481508255005,35.91038131713867
40496,11,170,30,89,170,30,51,31,-0.9408593773841858,0.08172851800918579,-0.6160742044448853,-21.659082412719727,8.788244247436523,0.9027481079101562
40497,37,170,30,91,170,30,52,50,-0.8573632836341858,0.1813378930091858,-0.6631933450698853,-35.72015380859375,-2.7537403106689453,-11.646870613098145
40498,40,170,30,87,170,30,52,27,-1.010927677154541,0.05243163928389549,-0.49009764194488525,-8.972061157226562,-0.4789313077926636,-18.333894729614258
40499,20,170,30,67,170,30,53,14,-0.9813867211341858,0.1879296898841858,-0.39244139194488525,2.5241222381591797,11.56687068939209,0.33786261081695557
40500,4,170,30,41,170,30,58,70,-0.6996484398841858,0.012880858033895493,-0.6085058450698853,29.638626098632812,-1.944580078125,39.39129638671875
40501,0,170,30,20,170,30,57,67,-0.7138085961341858,-0.1431249976158142,-0.6248632669448853,18.493587493896484,13.368396759033203,35.605037689208984
40502,0,170,30,7,170,30,55,27,-0.6879296898841858,-0.1399511694908142,-0.9048925638198853,-10.559847831726074,12.299695014953613,4.20045804977417
40503,0,170,30,4,170,30,53,18,-0.8795800805091858,0.10907226800918579,-0.48082029819488525,0.5088549852371216,-11.578167915344238,6.001984596252441
40504,1,170,30,9,170,30,53,45,-0.8202539086341858,0.07171875238418579,-0.5657812356948853,-26.788854598999023,1.5668702125549316,17.528701782226562
40505,18,170,30,17,170,30,53,23,-0.7567773461341858,0.1503320336341858,-0.6375585794448853,6.722595691680908,-0.46366414427757263,-16.654504776000977
40506,27,170,30,29,170,30,53,16,-0.9437890648841858,0.10223633050918579,-0.41685545444488525,-7.827023029327393,3.4752674102783203,-5.23465633392334
40507,13,170,30,25,170,30,54,43,-0.8671289086341858,0.1469140648841858,-0.6788183450698853,22.646259307861328,10.406564712524414,-10.807175636291504
40508,2,170,30,18,170,30,58,93,-0.8253808617591858,-0.0076269544661045074,-0.6844335794448853,42.44778823852539,47.887481689453125,3.1470229625701904
40509,0,170,30,10,170,30,56,75,-0.8534570336341858,0.04388671740889549,-0.5945898294448853,26.737863540649414,-14.097251892089844,34.459999084472656
40510,0,170,30,5,170,30,53,39,-0.7694726586341858,-0.014462891966104507,-0.7413183450698853,-6.452977180480957,-14.555267333984375,-18.41023063659668
40511,0,170,30,1,170,30,54,49,-0.9137597680091858,0.11712890863418579,-0.7523046731948853,0.600458025932312,-2.9980151653289795,-45.998016357421875
40512,0,170,30,1,170,30,52,90,-0.9398828148841858,0.10052734613418579,-0.5015722513198853,51.62335968017578,-17.4865665435791,-21.723207473754883
40513,0,170,30,1,170,30,52,20,-0.8263574242591858,-0.028867188841104507,-0.7359472513198853,-6.407175540924072,3.7195420265197754,-10.715572357177734
40515,0,170,30,0,170,30,51,14,-0.8109765648841858,-0.05083984509110451,-0.6304785013198853,-6.101831912994385,-6.158320426940918,1.8798474073410034
40516,2,170,30,2,170,30,51,21,-0.7360253930091858,0.013613279908895493,-0.6351171731948853,-17.21633529663086,3.1088550090789795,1.5134351253509521
40517,20,170,30,9,170,30,51,55,-0.9093652367591858,-0.019101563841104507,-0.48887693881988525,9.913434982299805,-9.3949613571167,-36.013282775878906
40518,8,170,30,16,170,30,54,59,-0.8231835961341858,-0.029111329466104507,-0.6365820169448853,19.455419540405273,24.83404541015625,-15.448396682739258
40519,1,170,30,16,170,30,57,67,-0.8395410180091858,-0.11309570074081421,-0.6583105325698853,28.26458168029785,29.108854293823242,9.89511489868164
40520,0,170,30,14,170,30,56,73,-0.6847558617591858,-0.11260741949081421,-0.7178808450698853,37.10427474975586,-10.738472938537598,25.299694061279297
40521,0,170,30,11,170,30,52,22,-0.7938867211341858,-0.10162109136581421,-0.6692968606948853,-16.498777389526367,-3.975114583969116,2.2462594509124756
40522,0,170,30,9,170,30,52,12,-0.8917871117591858,-0.06280273199081421,-0.5721288919448853,-3.4606103897094727,0.37603050470352173,8.230992317199707
40523,0,170,30,10,170,30,50,46,-0.7338281273841858,-0.1814550757408142,-0.7515722513198853,23.989770889282227,-11.16595458984375,11.360763549804688
40524,0,170,30,13,170,30,50,34,-0.9467187523841858,0.06585937738418579,-0.34385740756988525,-3.888091564178467,13.261527061462402,16.87221336364746
40525,24,170,30,22,170,30,50,64,-0.8795800805091858,-0.1626562476158142,-0.5296484231948853,17.776031494140625,-15.623969078063965,-31.112520217895508
40526,37,170,30,28,170,30,50,47,-1.030214786529541,-0.1477636694908142,-0.41197264194488525,-21.09419822692871,-3.410228967666626,-23.280458450317383
40527,42,170,30,28,170,30,51,14,-1.104677677154541,0.019472654908895493,-0.42466795444488525,-9.903359413146973,1.9638168811798096,-3.127786159515381
40528,15,170,30,14,170,30,54,71,-0.8480859398841858,-0.1997656226158142,-0.7068945169448853,-14.346107482910156,49.64320373535156,-7.921679496765137
40529,3,170,30,4,170,30,53,160,-0.5087304711341858,0.1376367211341858,-0.9781347513198853,-32.59038162231445,-32.936946868896484,-94.60870361328125
40530,0,170,30,4,170,30,54,159,-1.166201114654541,0.012880858033895493,-0.5137792825698853,-2.91099214553833,66.36076354980469,-90.21175384521484
40531,0,170,30,1,170,30,54,123,-0.8690820336341858,-0.07403320074081421,-0.5086523294448853,-77.39954376220703,7.994351387023926,38.124122619628906
40532,0,170,30,0,170,30,55,69,-1.027285099029541,-0.3272070288658142,-1.0438085794448853,-33.09419631958008,-13.623969078063965,22.398929595947266
40533,0,170,30,0,170,30,53,33,-0.6976953148841858,-0.2920507788658142,-0.8316503763198853,15.165343284606934,-17.959848403930664,0.8111450672149658
40534,0,170,30,0,170,30,52,34,-0.8222070336341858,-0.09234374761581421,-0.6971288919448853,18.310382843017578,-4.204122066497803,-11.982748031616211
40535,0,170,30,0,170,30,51,24,-0.7496972680091858,-0.1489843726158142,-0.6917577981948853,-9.27740478515625,-4.020915985107422,11.330228805541992
40536,0,170,30,0,170,30,50,21,-0.8043847680091858,-0.09356445074081421,-0.6702734231948853,4.325648784637451,-12.875877380371094,-3.79954195022583
40538,16,170,30,1,170,30,49,22,-0.7680078148841858,-0.04839843884110451,-0.6649023294448853,-14.834656715393066,-3.6850380897521973,-3.769007682800293
40539,31,170,30,9,170,30,48,32,-0.7775292992591858,-0.10918945074081421,-0.6363378763198853,-6.101831912994385,-10.051450729370117,-16.104887008666992
40540,39,170,30,17,170,30,48,8,-0.8148828148841858,-0.1506933569908142,-0.6483007669448853,1.027938961982727,-2.769007682800293,4.8569464683532715
40541,46,170,30,24,170,30,48,28,-0.8165917992591858,-0.09942382574081421,-0.6058202981948853,15.256946563720703,-10.875877380371094,-2.486564874649048
40542,51,170,30,30,170,30,48,23,-0.8016992211341858,-0.1775488257408142,-0.5826269388198853,14.417251586914062,-0.31099238991737366,8.780611038208008
40543,54,170,30,30,170,30,49,15,-0.8295312523841858,-0.1777929663658142,-0.6163183450698853,12.371450424194336,-1.7613739967346191,-1.7079389095306396
40544,53,170,30,26,170,30,50,36,-0.8478417992591858,-0.1672949194908142,-0.47447264194488525,0.06610685586929321,13.353129386901855,23.17755699157715
40545,51,170,30,22,170,30,51,8,-0.7882714867591858,0.05169921740889549,-0.6302343606948853,-1.7506870031356812,3.979084014892578,2.627938985824585
40546,53,170,30,23,170,30,52,30,-0.9569726586341858,-0.1453222632408142,-0.6314550638198853,-18.45297622680664,2.1775572299957275,9.803511619567871
40547,56,170,30,25,170,30,52,14,-0.8266015648841858,-0.1672949194908142,-0.6273046731948853,7.440152645111084,-4.692671775817871,-2.593435049057007
40548,62,170,30,27,170,30,52,23,-0.6994042992591858,0.022402342408895493,-0.6458593606948853,13.256946563720703,-0.23465651273727417,-9.799541473388672
40549,62,170,30,22,170,30,53,13,-0.8605371117591858,-0.04229492321610451,-0.6343847513198853,7.714962005615234,-2.4941985607147217,-3.127786159515381
40550,60,170,30,16,170,30,53,54,-0.8451562523841858,-0.1316503882408142,-0.5328222513198853,-21.506412506103516,19.398929595947266,13.72717571258545
40551,60,170,30,11,170,30,53,8,-0.8246484398841858,-0.07354491949081421,-0.6700292825698853,6.417252063751221,2.2538931369781494,-0.04381677508354187
40552,62,170,30,7,170,30,53,17,-0.7770410180091858,-0.10992187261581421,-0.6216894388198853,8.478320121765137,4.3607635498046875,-4.242290019989014
40553,61,170,30,5,170,30,53,2,-0.8141503930091858,-0.07134765386581421,-0.6177831888198853,0.600458025932312,0.7271755337715149,-1.4178625345230103
40554,33,170,30,1,170,30,54,232,-1.138369083404541,-0.06036132946610451,-0.29844725131988525,92.24931335449219,46.89511489868164,-93.73847198486328
40555,9,170,30,0,170,30,56,53,-0.5641503930091858,-0.3660253882408142,-0.6973730325698853,12.707327842712402,-1.2880916595458984,39.65083694458008
40556,1,170,30,1,170,30,51,64,-0.7653222680091858,-0.1851171851158142,-0.6241308450698853,-17.3995418548584,-23.593435287475586,23.77297592163086
40557,0,170,30,5,170,30,50,28,-0.8283105492591858,-0.1629003882408142,-0.5418554544448853,4.23404598236084,-13.333892822265625,10.444732666015625
40558,0,170,30,10,170,30,48,28,-0.7438378930091858,-0.06963866949081421,-0.6880956888198853,-0.5140458345413208,-22.84534454345703,4.8569464683532715
40559,0,170,30,14,170,30,47,19,-0.8768945336341858,-0.1348242163658142,-0.5311132669448853,-0.5751144886016846,-11.16595458984375,7.803511619567871
40560,16,170,30,19,170,30,48,69,-0.8036523461341858,-0.05767578259110451,-0.5950781106948853,23.318016052246094,-10.830076217651367,-35.12778854370117
40561,46,170,30,43,170,30,48,78,-0.8502832055091858,-0.1621679663658142,-0.6944433450698853,5.394351482391357,-34.34152603149414,-39.02091598510742
40562,60,170,30,61,170,30,48,8,-0.8505273461341858,-0.2761816382408142,-0.47715818881988525,6.692061424255371,-0.6621374487876892,-1.2957251071929932
40563,66,170,30,71,170,30,49,22,-0.8676171898841858,-0.2532324194908142,-0.48814451694488525,12.646259307861328,1.124122142791748,9.14702320098877
40564,73,170,30,85,170,30,50,47,-1.025087833404541,-0.4815039038658142,-0.6419531106948853,-13.063664436340332,-11.517099380493164,23.17755699157715
40565,80,170,30,90,170,30,51,44,-0.8781152367591858,-0.2649511694908142,-0.5045019388198853,31.241680145263672,-11.517099380493164,-1.3109923601150513
40567,81,170,30,81,170,30,52,33,-0.8827539086341858,-0.2639746069908142,-0.45445311069488525,18.798931121826172,-7.135419845581055,-7.631603240966797
40568,74,170,30,57,170,30,55,51,-0.8876367211341858,-0.0015234388411045074,-0.5709081888198853,11.531755447387695,22.925647735595703,16.582136154174805
40569,69,170,30,45,170,30,57,41,-0.9540429711341858,-0.3274511694908142,-0.6124120950698853,-14.132367134094238,14.849312782287598,12.704275131225586
40570,69,170,30,42,170,30,57,15,-0.9266992211341858,-0.2859472632408142,-0.5152441263198853,-5.949160099029541,-0.3720610737800598,-9.4941987991333
40571,78,170,30,44,170,30,57,46,-0.7758203148841858,-0.2827734351158142,-0.39390623569488525,-13.338473320007324,14.055419921875,-19.601070404052734
40572,88,170,30,46,170,30,57,16,-1.031923770904541,-0.3401464819908142,-0.47520506381988525,-4.956793785095215,10.43709945678711,0.8264122009277344
40573,69,170,30,40,170,30,57,111,-0.9552636742591858,-0.08282226324081421,-0.6607519388198853,35.379085540771484,-32.433128356933594,-44.15068817138672
40574,21,170,30,32,170,30,63,82,-0.8295312523841858,-0.3967871069908142,-0.48008787631988525,26.295114517211914,50.162288665771484,5.940916061401367
40575,6,170,30,29,170,30,60,108,-0.4818750023841858,-0.3855566382408142,-0.8892675638198853,31.54702377319336,-38.72320556640625,-38.28809356689453
40576,0,170,30,11,170,30,52,86,-0.9750390648841858,-0.1921972632408142,-0.5955663919448853,-5.4300761222839355,-62.69267272949219,18.856945037841797
40577,0,170,30,2,170,30,55,30,-0.6373925805091858,-0.4641699194908142,-0.6920019388198853,-2.056030750274658,17.902748107910156,-10.56290054321289
40578,0,170,30,0,170,30,54,59,-0.7763085961341858,-0.3220800757408142,-0.5718847513198853,-10.101832389831543,19.078319549560547,-30.41023063659668
40579,0,170,30,0,170,30,54,35,-0.7985253930091858,-0.4031347632408142,-0.5543066263198853,-19.704885482788086,-5.898778438568115,9.83404541015625
40580,0,170,30,0,170,30,52,51,-0.7992578148841858,-0.3577246069908142,-0.5074316263198853,-22.727785110473633,-6.845343589782715,22.017250061035156
40581,5,170,30,0,170,30,51,11,-0.7960839867591858,-0.2415136694908142,-0.5472265481948853,2.0203053951263428,-0.02091604471206665,9.269160270690918
40582,38,170,30,3,170,30,50,76,-0.7829003930091858,-0.1663183569908142,-0.5416113138198853,8.508854866027832,-31.303359985351562,-36.22702407836914
40583,58,170,30,17,170,30,49,11,-0.8253808617591858,-0.2754492163658142,-0.44908201694488525,-8.452977180480957,-1.944580078125,-0.7613739967346191
40584,68,170,30,27,170,30,49,7,-0.8165917992591858,-0.3132910132408142,-0.5059667825698853,3.6691603660583496,-1.074351191520691,3.1470229625701904
40585,71,170,30,38,170,30,49,96,-0.8317285180091858,-0.4807714819908142,-0.47935545444488525,61.318016052246094,-27.02855110168457,7.986717700958252
40586,73,170,30,45,170,30,50,73,-0.8014550805091858,-0.3992285132408142,-0.43248045444488525,46.172977447509766,-12.982748031616211,14.047786712646484
40587,74,170,30,45,170,30,50,6,-0.8505273461341858,-0.2627539038658142,-0.39488279819488525,-1.2010687589645386,-3.807175636291504,1.6203054189682007
40588,73,170,30,43,170,30,52,65,-0.8388085961341858,-0.3438085913658142,-0.25083982944488525,-17.903358459472656,24.147022247314453,23.757709503173828
40589,69,170,30,33,170,30,54,38,-0.7960839867591858,-0.3809179663658142,-0.5110937356948853,6.249312877655029,16.7119083404541,15.085954666137695
40590,70,170,30,27,170,30,55,6,-0.8695703148841858,-0.2461523413658142,-0.5767675638198853,-4.559847354888916,-0.23465651273727417,-1.4025954008102417
40591,82,170,30,28,170,30,55,16,-0.8312402367591858,-0.2712988257408142,-0.5042577981948853,4.508854866027832,-5.196488380432129,-6.486564636230469
40592,94,170,30,30,170,30,55,21,-0.8517480492591858,-0.2649511694908142,-0.5635839700698853,12.82946491241455,-5.975114345550537,-2.3491601943969727
40593,100,170,30,25,170,30,55,37,-0.7797265648841858,-0.1816992163658142,-0.5381933450698853,-21.41480827331543,5.597404479980469,10.551603317260742
40594,98,170,30,18,170,30,55,11,-0.8351464867591858,-0.2273535132408142,-0.5001074075698853,-5.918625831604004,4.559236526489258,-1.4025954008102417
40595,58,170,30,9,170,30,56,178,-1.382753849029541,0.1454492211341858,0.021621093153953552,14.82946491241455,41.68900680541992,-122.47129821777344
40597,17,170,30,3,170,30,61,100,-0.5206933617591858,-0.3589453101158142,-0.6827245950698853,65.60809326171875,31.67374038696289,3.1012213230133057
40598,5,170,30,0,170,30,52,152,-0.6032128930091858,-0.4041113257408142,-0.7137304544448853,-65.6590805053711,-75.66976928710938,-10.990381240844727
40599,0,170,30,0,170,30,51,113,-0.6886621117591858,-0.2605566382408142,-0.5396581888198853,25.012672424316406,8.864580154418945,-79.81481170654297
40600,0,170,30,0,170,30,47,124,-0.8002343773841858,-0.3701757788658142,-0.46080076694488525,-56.10183334350586,-30.601070404052734,37.91038131713867
40601,0,170,30,0,170,30,50,60,-0.7409082055091858,-0.4255957007408142,-0.46006834506988525,1.2722136974334717,23.505800247192383,36.047786712646484
40602,0,170,30,0,170,30,53,42,-0.8236718773841858,-0.2771582007408142,-0.6924902200698853,-19.49114418029785,17.765342712402344,5.085954189300537
40603,0,170,30,0,170,30,50,89,-0.7572656273841858,-0.2127050757408142,-0.6280370950698853,-22.7125186920166,-35.34916305541992,31.63557243347168
40604,9,170,30,2,170,30,50,34,-0.8185449242591858,-0.09795898199081421,-0.5843359231948853,-15.201069831848145,5.383664131164551,14.047786712646484
40605,43,170,30,26,170,30,49,61,-0.6718164086341858,-0.2080664038658142,-0.7186132669448853,8.982136726379395,-20.50946617126465,-31.585803985595703
40606,63,170,30,54,170,30,48,38,-0.8334375023841858,-0.1856054663658142,-0.5276952981948853,13.714961051940918,-9.807175636291504,-15.219388961791992
40607,68,170,30,59,170,30,48,1,-0.8207421898841858,-0.1987890601158142,-0.5679785013198853,-0.16290080547332764,-0.35679391026496887,-0.5781679153442383
40608,65,170,30,60,170,30,49,47,-0.7643457055091858,-0.05987304821610451,-0.48667967319488525,33.21114730834961,-10.387328147888184,-4.242290019989014
40609,69,170,30,68,170,30,48,49,-0.8458886742591858,-0.2554296851158142,-0.6448827981948853,17.638626098632812,-17.944581985473633,-13.662137031555176
40610,69,170,30,73,170,30,48,8,-0.8070703148841858,-0.2830175757408142,-0.5284277200698853,1.8065649271011353,-2.5094656944274902,-3.982748031616211
40611,71,170,30,74,170,30,49,15,-0.8417382836341858,-0.3281835913658142,-0.49156248569488525,7.256946563720703,-4.830076217651367,-3.830076217651367
40612,71,170,30,68,170,30,51,27,-0.8639550805091858,-0.3811621069908142,-0.5970312356948853,17.776031494140625,-5.410229206085205,-4.059083938598633
40613,70,170,30,60,170,30,52,36,-0.7951074242591858,-0.4837011694908142,-0.35899412631988525,13.56229019165039,-11.16595458984375,-11.295724868774414
40614,75,170,30,59,170,30,53,67,-0.7687402367591858,-0.4522070288658142,-0.37876951694488525,-38.0560302734375,12.498167991638184,16.62793731689453
40615,87,170,30,61,170,30,53,36,-0.8844628930091858,-0.3308691382408142,-0.5045019388198853,-11.811756134033203,8.498167991638184,15.986717224121094
40616,98,170,30,53,170,30,53,15,-0.6354394555091858,-0.2017187476158142,-0.43052732944488525,-3.3995418548583984,11.551603317260742,-0.639236569404602
40617,97,170,30,36,170,30,54,12,-0.8078027367591858,-0.3128027319908142,-0.5433202981948853,-7.445343494415283,2.2233588695526123,-2.547633647918701
40618,50,170,30,18,170,30,57,208,-0.9476953148841858,-0.3228124976158142,-0.22764648497104645,52.508853912353516,80.07068634033203,-76.25756072998047
40619,15,170,30,6,170,30,58,61,-0.6322656273841858,-0.3447851538658142,-0.6016699075698853,13.409618377685547,3.337862730026245,44.96381759643555
40620,3,170,30,1,170,30,52,71,-0.7081933617591858,-0.3452734351158142,-0.6614843606948853,-28.804121017456055,-37.5171012878418,4.811145305633545
40621,0,170,30,0,170,30,49,27,-0.8969140648841858,-0.3084082007408142,-0.41246092319488525,-12.285038948059082,-14.066717147827148,-1.1583205461502075
40622,0,170,30,0,170,30,48,48,-0.7829003930091858,-0.3530859351158142,-0.5591894388198853,-32.25450134277344,-16.158321380615234,-0.44076332449913025
40623,0,170,30,0,170,30,49,31,-0.7587304711341858,-0.3567480444908142,-0.5425878763198853,-5.20106840133667,10.742443084716797,15.772976875305176
40624,0,170,30,0,170,30,49,13,-0.7946191430091858,-0.2774023413658142,-0.6246191263198853,-6.285037994384766,-1.3796947002410889,5.3607635498046875
40626,7,170,30,0,170,30,48,13,-0.8363671898841858,-0.3547949194908142,-0.49864256381988525,-0.5903816223144531,-3.1812212467193604,9.650839805603027
40627,35,170,30,11,170,30,47,59,-0.7694726586341858,-0.2441992163658142,-0.49229490756988525,-11.323206901550293,-25.41023063659668,-22.36442756652832
40628,43,170,30,22,170,30,47,26,-0.8224511742591858,-0.2705664038658142,-0.48521482944488525,-12.40717601776123,-6.295725345611572,-7.692671775817871
40629,49,170,30,31,170,30,47,19,-0.8400292992591858,-0.3193945288658142,-0.5157324075698853,12.92106819152832,-5.6392364501953125,1.1164885759353638
40630,56,170,30,44,170,30,48,50,-0.8173242211341858,-0.3377050757408142,-0.46690428256988525,35.74549865722656,-10.280458450317383,4.154656410217285
40631,62,170,30,55,170,30,48,19,-0.8307519555091858,-0.3718847632408142,-0.47642576694488525,12.096640586853027,-4.433129787445068,3.2233588695526123
40632,65,170,30,60,170,30,49,9,-0.8312402367591858,-0.2830175757408142,-0.48521482944488525,-2.0865650177001953,-5.135419845581055,-2.517099142074585
40633,72,170,30,60,170,30,51,26,-0.7907128930091858,-0.3530859351158142,-0.5496679544448853,23.62335968017578,0.29969465732574463,2.4294655323028564
40634,75,170,30,59,170,30,52,47,-0.6579003930091858,-0.3701757788658142,-0.5042577981948853,-13.399541854858398,16.19282341003418,17.940916061401367
40635,77,170,30,53,170,30,53,15,-0.8368554711341858,-0.3811621069908142,-0.42515623569488525,-3.842289924621582,10.528702735900879,0.6584733128547668
40636,77,170,30,49,170,30,53,13,-0.8107324242591858,-0.1792578101158142,-0.5643163919448853,-9.231603622436523,-4.5705342292785645,-0.16595420241355896
40637,83,170,30,45,170,30,54,53,-1.084169864654541,-0.4129003882408142,-0.6024023294448853,-34.89572525024414,16.757709503173828,2.20045804977417
40638,89,170,30,43,170,30,54,21,-0.7523828148841858,-0.3621191382408142,-0.46348631381988525,-3.0483970642089844,6.33022928237915,-11.891144752502441
40639,91,170,30,41,170,30,54,12,-0.7904687523841858,-0.3994726538658142,-0.6121679544448853,4.417252063751221,3.154656410217285,-5.020915985107422
40640,87,170,30,28,170,30,54,26,-0.8090234398841858,-0.3281835913658142,-0.6009374856948853,19.0432071685791,-3.944580078125,-3.4331297874450684
40641,62,170,30,10,170,30,54,19,-0.8612695336341858,-0.3464941382408142,-0.42662107944488525,5.913435459136963,-2.5705342292785645,-11.051450729370117
40642,19,170,30,3,170,30,62,383,-0.7260156273841858,-0.4900488257408142,-0.36631834506988525,101.07373809814453,124.04015350341797,-158.48655700683594
40643,5,170,30,1,170,30,62,108,-0.3502832055091858,-0.8635839819908142,-0.5916601419448853,-16.987327575683594,66.42182922363281,-25.20412254333496
