timestamp,tipPressure,tipUpperRange,tipLowerRange,fingerPressure,fingerUpperRange,fingerLowerRange,angle,writtingSpeed,accX,accY,accZ,gyroX,gyroY,gyroZ
45094,0,170,30,0,170,30,24,35,-0.4035058617591858,0.3746972680091858,-0.9571386575698853,-25.41480827331543,4.498167991638184,5.284427642822266
45095,0,170,30,0,170,30,24,20,-0.4176660180091858,0.4088769555091858,-0.8941503763198853,-4.391908168792725,5.001984596252441,-10.776640892028809
45096,0,170,30,0,170,30,24,11,-0.4037500023841858,0.4599023461341858,-0.9009863138198853,2.5241222381591797,8.192824363708496,-0.8224426507949829
45097,0,170,30,0,170,30,23,72,-0.3766503930091858,0.3266015648841858,-0.9703222513198853,51.394351959228516,-17.80717658996582,3.0401527881622314
45098,0,170,30,0,170,30,23,45,-0.3698144555091858,0.3519921898841858,-0.9437109231948853,-37.15526580810547,-1.9293129444122314,6.872213840484619
45099,0,170,30,0,170,30,21,156,-0.4547753930091858,0.5922265648841858,-0.8650976419448853,-129.85755920410156,-22.662137985229492,-3.555267333984375
45100,0,170,30,0,170,30,21,67,-0.4154687523841858,0.6664453148841858,-0.7357031106948853,-60.86518859863281,-0.5858015418052673,6.185190677642822
45101,0,170,30,0,170,30,21,63,-0.4171777367591858,0.6266503930091858,-0.7396093606948853,-50.95679473876953,-7.822442531585693,-4.822442531585693
45102,0,170,30,0,170,30,21,17,-0.4364648461341858,0.7079492211341858,-0.6607519388198853,9.56229019165039,-5.944580078125,-2.120152711868286
45103,0,170,30,0,170,30,22,42,-0.4672265648841858,0.6261621117591858,-0.7364355325698853,23.15007781982422,18.5134334564209,1.2996946573257446
45104,0,170,30,0,170,30,23,8,-0.3971582055091858,0.5910058617591858,-0.7960058450698853,2.325648784637451,0.7729770541191101,-5.814809322357178
45106,0,170,30,0,170,30,23,26,-0.4545312523841858,0.7182031273841858,-0.6680761575698853,-16.483510971069336,-6.0361833572387695,3.7882442474365234
45107,0,170,30,0,170,30,23,13,-0.4428125023841858,0.6994042992591858,-0.6802831888198853,9.455419540405273,-1.0438168048858643,3.085954189300537
45108,0,170,30,0,170,30,24,89,-0.4252343773841858,0.6764550805091858,-0.7327734231948853,72.61572265625,10.986717224121094,-5.616335868835449
45109,0,170,30,0,170,30,23,110,-0.3688378930091858,0.5560937523841858,-1.0237890481948853,98.27984619140625,6.070687294006348,5.742442607879639
45110,0,170,30,0,170,30,22,357,0.011777345091104507,0.2941308617591858,-1.3897558450698853,204.8294677734375,-29.562902450561523,-123.26519012451172
45111,0,170,30,0,170,30,11,193,-0.3976464867591858,0.3534570336341858,-0.8025976419448853,-15.994961738586426,-95.18122100830078,-82.59343719482422
45112,0,170,30,0,170,30,9,186,-0.5856347680091858,-0.1526464819908142,-0.34166014194488525,23.48595428466797,-90.66213989257812,-72.12015533447266
45113,0,170,30,3,170,30,14,127,-0.9782128930091858,-0.2288183569908142,-0.39292967319488525,33.89816665649414,-64.49419403076172,-28.86824607849121
45114,0,170,30,10,170,30,21,76,-0.9091210961341858,-0.2327246069908142,-0.5731054544448853,68.44778442382812,-1.0438168048858643,6.597404479980469
45115,0,170,30,21,170,30,26,55,-0.6705957055091858,-0.3899511694908142,-0.5618749856948853,41.91343688964844,2.9256489276885986,-11.066717147827148
45116,0,170,30,46,170,30,29,40,-0.4806542992591858,-0.5176367163658142,-0.5701757669448853,3.4859542846679688,-6.967480659484863,-30.318626403808594
45117,0,170,30,87,170,30,32,10,-0.7296777367591858,-0.2944921851158142,-0.6446386575698853,1.1195420026779175,8.803511619567871,0.6584733128547668
45118,0,170,30,128,170,30,34,23,-0.7589746117591858,-0.2222265601158142,-0.6685644388198853,-6.590381622314453,-5.3186259269714355,11.391297340393066
45119,0,170,30,156,170,30,36,40,-0.7372460961341858,-0.2315039038658142,-0.6702734231948853,-21.59801483154297,9.841679573059082,9.34549617767334
45120,10,170,30,180,170,30,38,4,-0.7523828148841858,-0.2407812476158142,-0.7115331888198853,2.661526679992676,0.23862594366073608,-1.1125190258026123
45121,51,170,30,230,170,30,39,34,-0.7140527367591858,-0.09234374761581421,-0.8047949075698853,-2.727786064147949,-14.478931427001953,-17.32625961303711
45122,89,170,30,281,170,30,39,41,-0.6674218773841858,-0.3508886694908142,-0.49717772006988525,-11.399541854858398,-11.959847450256348,-17.96748161315918
45123,111,170,30,314,170,30,40,29,-0.7492089867591858,-0.1484960913658142,-0.6177831888198853,-23.49114418029785,3.6432061195373535,-2.440763235092163
45124,94,170,30,315,170,30,41,12,-0.7875390648841858,-0.2578710913658142,-0.6888281106948853,-7.811755657196045,-2.982748031616211,-1.9980151653289795
45125,27,170,30,228,170,30,47,132,-0.6430078148841858,-0.3911718726158142,-0.7779394388198853,65.83709716796875,57.8569450378418,-8.990381240844727
45126,7,170,30,165,170,30,47,50,-0.6127343773841858,-0.4080175757408142,-0.6912695169448853,34.111907958984375,13.139389038085938,2.8569467067718506
45127,0,170,30,141,170,30,44,16,-0.6232324242591858,-0.3572363257408142,-0.7833105325698853,2.081374168395996,-9.059083938598633,-5.280457973480225
45128,0,170,30,132,170,30,43,18,-0.6266503930091858,-0.2944921851158142,-0.6441503763198853,-0.7125190496444702,-12.249923706054688,5.147022724151611
45129,0,170,30,132,170,30,43,25,-0.7152734398841858,-0.2378515601158142,-0.6587988138198853,-16.77358627319336,5.063053607940674,3.4218320846557617
45130,0,170,30,123,170,30,43,28,-0.7326074242591858,-0.2224707007408142,-0.7217870950698853,-14.010229110717773,-4.967480659484863,9.085954666137695
45131,0,170,30,136,170,30,43,15,-0.7411523461341858,-0.1934179663658142,-0.6783300638198853,-3.2621374130249023,-6.402595520019531,5.650839805603027
45132,4,170,30,166,170,30,43,10,-0.7536035180091858,-0.2173437476158142,-0.6805273294448853,-3.888091564178467,-2.7384731769561768,-3.4636640548706055
45133,38,170,30,212,170,30,42,50,-0.7077050805091858,-0.022763673216104507,-0.9708105325698853,-5.903358459472656,-18.494199752807617,-26.333894729614258
45134,73,170,30,255,170,30,42,40,-0.7843652367591858,-0.2688574194908142,-0.6893163919448853,-1.5827480554580688,-13.089618682861328,-25.631603240966797
45135,95,170,30,293,170,30,42,35,-0.7721582055091858,-0.2205175757408142,-0.7549902200698853,-11.56748104095459,-7.059083938598633,-16.944581985473633
45136,93,170,30,305,170,30,42,36,-0.7992578148841858,-0.1931738257408142,-0.6993261575698853,-20.37664031982422,-6.097251892089844,-10.333892822265625
45137,33,170,30,263,170,30,47,151,-0.8219628930091858,-0.2149023413658142,-0.6624609231948853,41.24168014526367,81.10885620117188,-29.3873291015625
45138,9,170,30,192,170,30,50,93,-0.6339746117591858,-0.3352636694908142,-0.6819921731948853,36.84473419189453,35.15465545654297,21.345495223999023
45139,0,170,30,142,170,30,47,25,-0.5006738305091858,-0.3328222632408142,-0.7151952981948853,14.890534400939941,-7.3186259269714355,3.162290096282959
45140,0,170,30,112,170,30,44,8,-0.8126855492591858,-0.11065429449081421,-0.6485449075698853,1.0432060956954956,4.376030445098877,2.627938985824585
45141,0,170,30,103,170,30,44,28,-0.7973046898841858,-0.2185644507408142,-0.7032324075698853,-7.170534610748291,-2.662137269973755,18.826412200927734
45142,0,170,30,110,170,30,43,4,-0.7213769555091858,-0.2610449194908142,-0.6778417825698853,-0.5140458345413208,-1.6392366886138916,-1.982748031616211
45143,0,170,30,119,170,30,43,5,-0.7440820336341858,-0.2180761694908142,-0.6800390481948853,-3.3537402153015137,-1.8529770374298096,-0.3491602838039398
45145,0,170,30,138,170,30,43,18,-0.7150292992591858,-0.2603124976158142,-0.6866308450698853,-6.636183261871338,-5.898778438568115,5.711908340454102
45146,0,170,30,144,170,30,43,10,-0.7182031273841858,-0.2642187476158142,-0.7015234231948853,-3.7506871223449707,-1.3644275665283203,5.528702259063721
45147,4,170,30,160,170,30,43,2,-0.7374902367591858,-0.2224707007408142,-0.6597753763198853,1.1958779096603394,0.39129769802093506,-0.8835114240646362
45148,45,170,30,208,170,30,43,55,-0.7470117211341858,-0.3982519507408142,-0.6561132669448853,5.66916036605835,-22.26519203186035,-27.57053565979004
45149,86,170,30,260,170,30,42,39,-0.7018457055091858,-0.5686621069908142,-0.5088964700698853,0.4019847512245178,-16.448396682739258,-22.272825241088867
45150,107,170,30,301,170,30,42,28,-0.8014550805091858,-0.2993749976158142,-0.7022558450698853,-3.4758777618408203,-11.761374473571777,-13.601068496704102
45151,116,170,30,329,170,30,42,47,-0.8234277367591858,-0.2522558569908142,-0.5770117044448853,-19.353740692138672,-11.914045333862305,-15.81480884552002
45152,88,170,30,322,170,30,43,26,-0.7850976586341858,-0.2861914038658142,-0.5962988138198853,-16.208702087402344,-1.8682444095611572,8.108854293823242
45153,25,170,30,240,170,30,49,82,-0.6752343773841858,-0.4837011694908142,-0.7483984231948853,14.859999656677246,27.73480796813965,39.86457824707031
45154,7,170,30,187,170,30,48,39,-0.5541406273841858,-0.2913183569908142,-0.6373144388198853,15.653892517089844,-7.852977275848389,16.276792526245117
45155,0,170,30,159,170,30,44,37,-0.8610253930091858,-0.2002539038658142,-0.7637792825698853,-8.544580459594727,-9.990381240844727,19.39129638671875
45156,0,170,30,145,170,30,44,36,-0.7968164086341858,-0.2612890601158142,-0.6785742044448853,-10.514045715332031,-12.952213287353516,13.25389289855957
45157,0,170,30,149,170,30,43,11,-0.7382226586341858,-0.2678808569908142,-0.6441503763198853,4.554656505584717,-4.692671775817871,-2.379694700241089
45158,0,170,30,158,170,30,44,20,-0.6952539086341858,-0.3023046851158142,-0.6937109231948853,9.760763168334961,4.147022724151611,6.246259689331055
45159,0,170,30,162,170,30,43,24,-0.7409082055091858,-0.2730078101158142,-0.6495214700698853,-12.452977180480957,-7.578167915344238,4.444732666015625
45160,0,170,30,168,170,30,44,1,-0.7182031273841858,-0.3135351538658142,-0.6646581888198853,0.3561832308769226,-0.6010687351226807,0.5668702125549316
45162,15,170,30,192,170,30,45,7,-0.7443261742591858,-0.2732519507408142,-0.7051855325698853,-3.628549575805664,-0.9369466304779053,-3.158320665359497
45163,59,170,30,224,170,30,44,33,-0.8151269555091858,-0.11187499761581421,-0.8377538919448853,-3.445343494415283,-11.349160194396973,-18.776641845703125
45164,88,170,30,256,170,30,44,46,-0.6378808617591858,-0.018125001341104507,-0.6683202981948853,-9.094199180603027,-17.22702407836914,-20.22702407836914
45165,107,170,30,289,170,30,43,11,-0.7426171898841858,-0.10235351324081421,-0.7515722513198853,-5.20106840133667,0.9103816151618958,-5.158320426940918
45166,117,170,30,306,170,30,43,57,-0.6881738305091858,-0.5762304663658142,-0.5408788919448853,2.798931360244751,-29.99038314819336,-24.852977752685547
45167,114,170,30,315,170,30,43,23,-0.7599511742591858,-0.2551855444908142,-0.6907812356948853,-11.384275436401367,-4.326259613037109,-7.478931427001953
45168,44,170,30,266,170,30,47,157,-0.8651757836341858,-0.2161230444908142,-0.6985937356948853,39.012672424316406,88.74243927001953,-29.524734497070312
45169,12,170,30,192,170,30,49,59,-0.5802636742591858,-0.3093847632408142,-0.6295019388198853,10.43251895904541,-5.196488380432129,44.169921875
45170,3,170,30,161,170,30,46,27,-0.6569238305091858,-0.2661718726158142,-0.8143163919448853,14.951602935791016,-8.539999961853027,3.9714503288269043
45171,0,170,30,148,170,30,46,19,-0.7787500023841858,-0.2874121069908142,-0.6214452981948853,12.386716842651367,5.5363359451293945,1.696641206741333
45172,0,170,30,152,170,30,46,7,-0.6898828148841858,-0.3145117163658142,-0.6761327981948853,4.325648784637451,1.8722138404846191,-0.8987785577774048
45173,0,170,30,151,170,30,45,46,-0.7914453148841858,-0.2996191382408142,-0.6063085794448853,-15.903359413146973,-11.85297679901123,19.238624572753906
45174,0,170,30,150,170,30,45,12,-0.6967187523841858,-0.3423437476158142,-0.6951757669448853,7.7454962730407715,3.1393892765045166,-2.0285496711730957
45175,0,170,30,153,170,30,45,7,-0.7409082055091858,-0.2805761694908142,-0.6649023294448853,-3.4758777618408203,-3.1812212467193604,1.1928244829177856
45176,0,170,30,159,170,30,45,2,-0.8065820336341858,-0.2112402319908142,-0.7310644388198853,-0.4529770612716675,1.5821373462677002,0.36839693784713745
45177,9,170,30,181,170,30,45,18,-0.7650781273841858,-0.1973242163658142,-0.7254492044448853,-4.025496006011963,-5.410229206085205,-8.776640892028809
45178,41,170,30,229,170,30,45,13,-0.7348046898841858,-0.3936132788658142,-0.5154882669448853,-3.5674805641174316,-5.0743513107299805,-4.4254961013793945
45179,69,170,30,274,170,30,45,28,-0.6122460961341858,-0.3628515601158142,-0.6050878763198853,-1.4606107473373413,-9.944580078125,-17.00564956665039
45180,89,170,30,305,170,30,45,33,-0.6593652367591858,-0.4229101538658142,-0.5726171731948853,-22.62091636657715,-9.715572357177734,-1.3567938804626465
45181,102,170,30,334,170,30,44,17,-0.6115136742591858,-0.3992285132408142,-0.5960546731948853,-2.91099214553833,-5.883511543273926,-8.547633171081543
45182,111,170,30,354,170,30,44,17,-0.7545800805091858,-0.3906835913658142,-0.6255956888198853,-2.8957252502441406,-6.280457973480225,-8.3949613571167
45183,106,170,30,360,170,30,45,11,-0.7653222680091858,-0.2495703101158142,-0.6446386575698853,-5.933893203735352,-0.9369466304779053,-4.944580078125
45184,38,170,30,283,170,30,51,166,-0.8073144555091858,-0.2483496069908142,-0.7278906106948853,22.447786331176758,111.59740447998047,-32.16595458984375
45185,10,170,30,155,170,30,56,111,-0.5839257836341858,-0.3836035132408142,-0.8299413919448853,-0.3308396339416504,76.89511108398438,33.86457824707031
45186,2,170,30,63,170,30,55,85,-0.3864160180091858,-0.3818945288658142,-0.8987890481948853,-61.13999938964844,20.605037689208984,-3.830076217651367
45187,0,170,30,18,170,30,49,187,-0.2870507836341858,-0.11236327886581421,-1.0047460794448853,109.59282684326172,-49.88351058959961,-27.814809799194336
45188,0,170,30,1,170,30,41,150,-0.5346093773841858,-0.1362890601158142,-0.8028417825698853,58.539390563964844,-61.440765380859375,30.03251838684082
45189,0,170,30,0,170,30,35,99,-0.8607812523841858,-0.2009863257408142,-0.6470800638198853,41.440155029296875,-29.211755752563477,28.459999084472656
45190,0,170,30,0,170,30,38,34,-0.7943750023841858,-0.3733496069908142,-0.6321874856948853,18.050840377807617,9.902748107910156,6.918015480041504
45191,0,170,30,2,170,30,39,30,-0.7081933617591858,-0.3691992163658142,-0.5828710794448853,19.776031494140625,-7.1812214851379395,-3.23465633392334
45192,0,170,30,5,170,30,39,28,-0.6693750023841858,-0.3967871069908142,-0.5142675638198853,6.844732761383057,-17.074352264404297,4.47526741027832
45193,0,170,30,9,170,30,41,47,-0.5582910180091858,-0.6397070288658142,-0.46153318881988525,7.882900714874268,17.139389038085938,22.29206085205078
45194,0,170,30,12,170,30,40,56,-0.7384667992591858,-0.4002050757408142,-0.5054785013198853,-43.41481018066406,-8.61633586883545,4.20045804977417
45195,0,170,30,15,170,30,41,27,-0.6928125023841858,-0.4212011694908142,-0.6111913919448853,-19.185800552368164,-1.4712977409362793,-6.486564636230469
45196,0,170,30,18,170,30,42,29,-0.7692285180091858,-0.2791113257408142,-0.6170507669448853,-20.544580459594727,6.513435363769531,2.8874809741973877
45197,0,170,30,20,170,30,43,6,-0.7174707055091858,-0.3582128882408142,-0.6514745950698853,-1.9949618577957153,1.7958779335021973,2.3531298637390137
45198,0,170,30,24,170,30,43,29,-0.7387109398841858,-0.3098730444908142,-0.6497656106948853,-15.888091087341309,-4.005649089813232,9.360763549804688
45199,9,170,30,36,170,30,44,9,-0.7306542992591858,-0.3198828101158142,-0.6541601419448853,-3.4300761222839355,1.7195420265197754,3.9714503288269043
45200,50,170,30,86,170,30,44,17,-0.7030664086341858,-0.2405371069908142,-0.7000585794448853,7.562290191650391,-9.608702659606934,-0.3491602838039398
45201,95,170,30,162,170,30,43,12,-0.3808007836341858,0.027529295533895493,-0.32237303256988525,-3.674351215362549,0.4523664116859436,-8.425496101379395
45202,119,170,30,231,170,30,44,4,-0.8336816430091858,-0.3735937476158142,-0.7037206888198853,1.8981679677963257,2.4370992183685303,-0.5629007816314697
45203,132,170,30,282,170,30,43,3,-0.7370019555091858,-0.2922949194908142,-0.6595312356948853,-0.6361831426620483,0.8187785744667053,1.9103816747665405
45204,132,170,30,312,170,30,43,5,-0.7311425805091858,-0.2402929663658142,-0.6028906106948853,-1.903358817100525,-1.5934350490570068,-1.9216792583465576
45205,84,170,30,289,170,30,43,32,-0.8898339867591858,-0.1829199194908142,-0.40171873569488525,-11.536947250366211,-2.7537403106689453,-17.84534454345703
45206,24,170,30,209,170,30,50,91,-0.7528710961341858,-0.2256445288658142,-0.5948339700698853,32.508853912353516,57.719539642333984,1.666106939315796
45207,6,170,30,163,170,30,48,19,-0.4464746117591858,-0.4966406226158142,-0.6946874856948853,8.61572551727295,-9.944580078125,1.3302290439605713
45208,0,170,30,135,170,30,45,29,-0.6622949242591858,-0.3772558569908142,-0.7586523294448853,-11.460611343383789,4.3607635498046875,-13.769007682800293
45209,0,170,30,98,170,30,43,62,-0.7443261742591858,-0.4631933569908142,-0.6873632669448853,-16.880456924438477,-23.86824607849121,22.001983642578125
45210,0,170,30,46,170,30,44,22,-0.6061425805091858,-0.3616308569908142,-0.7044531106948853,-7.536946773529053,6.895114421844482,8.261526107788086
45211,0,170,30,18,170,30,43,32,-0.6161523461341858,-0.4053320288658142,-0.7083593606948853,-24.330839157104492,-6.830076217651367,1.8035115003585815
45212,0,170,30,5,170,30,43,19,-0.6727929711341858,-0.3201269507408142,-0.6941992044448853,-14.20870304107666,-3.0743510723114014,2.0325191020965576
45213,0,170,30,0,170,30,42,26,-0.6503320336341858,-0.2974218726158142,-0.7081152200698853,-16.926258087158203,-3.6087021827697754,6.460000038146973
45214,0,170,30,0,170,30,41,38,-0.6539941430091858,-0.3174414038658142,-0.7134863138198853,-13.521679878234863,-11.471297264099121,13.406564712524414
45215,2,170,30,0,170,30,41,7,-0.7218652367591858,-0.2322363257408142,-0.6592870950698853,-4.804121971130371,1.8722138404846191,0.9180152416229248
45216,30,170,30,12,170,30,42,13,-0.7206445336341858,-0.1753515601158142,-0.7823339700698853,-5.277404308319092,-3.272824287414551,-4.868244171142578
45217,64,170,30,46,170,30,41,15,-0.6974511742591858,-0.2717871069908142,-0.7110449075698853,6.340916156768799,-6.814809322357178,-2.4560306072235107
45219,88,170,30,86,170,30,41,12,-0.6871972680091858,-0.3660253882408142,-0.5582128763198853,0.2645801901817322,-7.349160194396973,-4.822442531585693
45220,99,170,30,118,170,30,41,22,-0.7553125023841858,-0.2183203101158142,-0.7933202981948853,-10.6056489944458,-7.043816566467285,-5.112519264221191
45221,43,170,30,79,170,30,43,118,-0.7833886742591858,-0.2344335913658142,-0.7554785013198853,29.577558517456055,47.58213806152344,-41.12778854370117
45222,13,170,30,36,170,30,48,155,-0.6054101586341858,-0.5066503882408142,-0.6546484231948853,68.32565307617188,49.52106857299805,-37.677406311035156
45223,3,170,30,14,170,30,44,46,-0.4635644555091858,-0.4502539038658142,-0.7837988138198853,9.256946563720703,-21.0438175201416,16.185190200805664
45224,0,170,30,5,170,30,41,3,-0.6630273461341858,-0.2783789038658142,-0.6658788919448853,2.325648784637451,-0.9064122438430786,-0.5018320083618164
45225,0,170,30,0,170,30,40,43,-0.8392968773841858,-0.1448339819908142,-0.6390234231948853,2.692060947418213,-4.372061252593994,36.398929595947266
45226,0,170,30,0,170,30,41,24,-0.7086816430091858,-0.3374609351158142,-0.6436620950698853,2.0355725288391113,5.872213840484619,16.73480796813965
45227,0,170,30,0,170,30,41,16,-0.7372460961341858,-0.2681249976158142,-0.6812597513198853,3.8218321800231934,9.887480735778809,3.0706870555877686
45228,0,170,30,0,170,30,41,12,-0.6806054711341858,-0.3467382788658142,-0.6851660013198853,-3.5369462966918945,-6.188854694366455,2.6890077590942383
45229,0,170,30,0,170,30,40,36,-0.7833886742591858,-0.3508886694908142,-0.7796484231948853,-17.201068878173828,10.666107177734375,8.398931503295898
45230,26,170,30,21,170,30,41,10,-0.7003808617591858,-0.2363867163658142,-0.6797949075698853,6.005038261413574,-2.524732828140259,2.2920610904693604
45231,67,170,30,86,170,30,41,15,-0.8412500023841858,-0.4058203101158142,-0.9168554544448853,1.9287023544311523,-11.85297679901123,1.9256489276885986
45232,99,170,30,164,170,30,41,14,-0.6666894555091858,-0.4133886694908142,-0.5499120950698853,13.30274772644043,-0.9674808979034424,-0.1354198157787323
45233,110,170,30,213,170,30,41,20,-0.6981835961341858,-0.4436621069908142,-0.5318456888198853,-12.972061157226562,4.666106700897217,-2.6697709560394287
45234,60,170,30,167,170,30,42,43,-0.8380761742591858,-0.1799902319908142,-0.49034178256988525,-7.170534610748291,15.887480735778809,-20.837711334228516
45235,17,170,30,75,170,30,46,95,-0.6681542992591858,-0.3980078101158142,-0.6976171731948853,14.875267028808594,40.51343536376953,-40.41022872924805
45236,4,170,30,30,170,30,47,44,-0.6256738305091858,-0.4160742163658142,-0.6873632669448853,16.188243865966797,20.84931182861328,-7.280457973480225
45237,0,170,30,12,170,30,45,37,-0.5260644555091858,-0.3723730444908142,-0.7059179544448853,4.52412223815918,-9.303359031677246,24.017250061035156
45238,0,170,30,5,170,30,42,29,-0.5707421898841858,-0.4214453101158142,-0.7684179544448853,-9.506412506103516,-5.333893299102783,14.994351387023926
45239,0,170,30,0,170,30,39,86,-0.6041894555091858,-0.3206152319908142,-0.6861425638198853,-43.67435073852539,-24.96748161315918,18.185190200805664
45240,0,170,30,0,170,30,39,24,-0.6679101586341858,-0.3316015601158142,-0.6465917825698853,3.9287023544311523,7.063053607940674,13.101221084594727
45241,0,170,30,0,170,30,40,20,-0.7045312523841858,-0.2156347632408142,-0.6878515481948853,-12.712519645690918,4.299694538116455,-3.3567938804626465
45242,0,170,30,0,170,30,40,20,-0.6220117211341858,-0.3687109351158142,-0.7620702981948853,-11.781221389770508,-4.677404403686523,-4.104885578155518
45243,0,170,30,0,170,30,40,15,-0.7174707055091858,-0.2048925757408142,-0.7137304544448853,-9.750687599182129,-4.585801601409912,0.6737404465675354
45244,0,170,30,5,170,30,39,41,-0.7184472680091858,-0.2078222632408142,-0.7515722513198853,-2.743053436279297,-20.723207473754883,18.521068572998047
45245,12,170,30,15,170,30,39,40,-0.6486230492591858,-0.2739843726158142,-0.6670995950698853,29.92870330810547,-5.272824287414551,4.902748107910156
45246,53,170,30,42,170,30,39,46,-0.6325097680091858,-0.022519532591104507,-0.6739355325698853,26.050840377807617,-12.830076217651367,8.047785758972168
45247,87,170,30,78,170,30,39,35,-0.8353906273841858,-0.3296484351158142,-0.7244726419448853,21.608091354370117,-5.868244171142578,8.063053131103516
45248,80,170,30,79,170,30,40,27,-0.7343164086341858,-0.3118261694908142,-0.6475683450698853,-4.91099214553833,-12.570534706115723,-10.349160194396973
45249,24,170,30,36,170,30,44,125,-0.7384667992591858,-0.3291601538658142,-0.6566015481948853,30.279848098754883,54.58977127075195,-40.501834869384766
45250,6,170,30,11,170,30,46,36,-0.5939355492591858,-0.4431738257408142,-0.6846777200698853,11.898167610168457,22.803510665893555,-2.08961820602417
45251,0,170,30,1,170,30,42,34,-0.4813867211341858,-0.4463476538658142,-0.7803808450698853,-2.529313087463379,-18.081985473632812,13.986717224121094
45252,0,170,30,0,170,30,39,71,-0.5297265648841858,-0.5483984351158142,-0.7464452981948853,-26.17816734313965,-29.16595458984375,16.307327270507812
45253,0,170,30,0,170,30,39,7,-0.6815820336341858,-0.2691015601158142,-0.6470800638198853,-1.4758778810501099,-1.3644275665283203,4.276793956756592
45254,0,170,30,0,170,30,39,11,-0.6945214867591858,-0.3367285132408142,-0.6898046731948853,1.4096183776855469,-2.6774046421051025,7.834045886993408
45255,0,170,30,0,170,30,40,17,-0.6730371117591858,-0.3381933569908142,-0.6771093606948853,13.974503517150879,-3.1506869792938232,0.7195420265197754
45256,0,170,30,0,170,30,40,11,-0.7162500023841858,-0.2898535132408142,-0.6548925638198853,2.447786331176758,1.20045804977417,-8.028549194335938
45257,0,170,30,0,170,30,40,20,-0.7321191430091858,-0.2908300757408142,-0.6002050638198853,-8.193435668945312,-5.059083938598633,6.948549747467041
45258,12,170,30,0,170,30,41,4,-0.6998925805091858,-0.3071874976158142,-0.6805273294448853,0.27984732389450073,1.8722138404846191,2.6432061195373535
45259,35,170,30,0,170,30,42,32,-0.6906152367591858,-0.2393164038658142,-0.6668554544448853,25.333282470703125,-1.7613739967346191,5.605038166046143
45260,64,170,30,12,170,30,42,17,-0.7509179711341858,-0.2981542944908142,-0.6321874856948853,6.860000133514404,2.162290096282959,8.582137107849121
45261,84,170,30,34,170,30,42,36,-0.7826562523841858,-0.4126562476158142,-0.6941992044448853,16.96687126159668,-11.27282428741455,8.444732666015625
45262,96,170,30,60,170,30,42,9,-0.6654687523841858,-0.3098730444908142,-0.5228124856948853,4.783664226531982,1.0783205032348633,-3.692671775817871
45263,96,170,30,76,170,30,42,8,-0.7255273461341858,-0.3657812476158142,-0.6121679544448853,5.8523664474487305,-1.700305461883545,-0.7461068630218506
45264,77,170,30,64,170,30,42,25,-0.7316308617591858,-0.3489355444908142,-0.6006933450698853,-0.7430534362792969,-15.089618682861328,-9.875877380371094
45265,26,170,30,28,170,30,46,131,-0.6693750023841858,-0.4402441382408142,-0.6282812356948853,29.42488670349121,49.27679443359375,-53.08198547363281
45267,8,170,30,8,170,30,46,23,-0.5665917992591858,-0.5291113257408142,-0.6492773294448853,-2.834656238555908,10.085954666137695,-10.303359031677246
45268,1,170,30,0,170,30,45,21,-0.6430078148841858,-0.4155859351158142,-0.6624609231948853,-11.796488761901855,8.101221084594727,-2.059083938598633
45269,0,170,30,0,170,30,43,45,-0.5287500023841858,-0.5020117163658142,-0.7178808450698853,-32.4835090637207,-8.723206520080566,-4.547633647918701
45270,0,170,30,0,170,30,41,62,-0.6022363305091858,-0.4190039038658142,-0.7303320169448853,-51.47587585449219,-6.539999961853027,-4.471297740936279
45271,0,170,30,0,170,30,40,163,-0.5390039086341858,-0.3347753882408142,-0.6951757669448853,-139.21633911132812,17.918014526367188,6.261526584625244
45272,0,170,30,0,170,30,40,63,-0.5783105492591858,-0.04302734509110451,-0.8294531106948853,-33.72015380859375,-12.14305305480957,17.437097549438477
45273,0,170,30,0,170,30,41,41,-0.5018945336341858,0.07708984613418579,-0.8812109231948853,-9.628549575805664,6.849312782287598,25.299694061279297
45274,0,170,30,0,170,30,41,49,-0.5634179711341858,-0.1406835913658142,-0.8470312356948853,27.592824935913086,12.238625526428223,-9.539999961853027
45275,0,170,30,0,170,30,39,43,-0.5387597680091858,-0.1472753882408142,-0.8289648294448853,26.951602935791016,1.7958779335021973,-14.471297264099121
45276,0,170,30,0,170,30,39,36,-0.5849023461341858,-0.2322363257408142,-0.9056249856948853,24.554656982421875,6.3607635498046875,5.269160270690918
45277,0,170,30,0,170,30,38,91,-0.5092187523841858,-0.2871679663658142,-0.7984472513198853,70.31037902832031,2.7424428462982178,-18.257558822631836
45278,0,170,30,0,170,30,37,25,-0.4960351586341858,-0.4036230444908142,-0.8358007669448853,3.4248852729797363,3.521068572998047,-18.104887008666992
45279,0,170,30,0,170,30,36,26,-0.4933496117591858,-0.3582128882408142,-0.8524023294448853,15.485954284667969,0.6050381064414978,-10.242290496826172
45280,0,170,30,0,170,30,35,50,-0.5109277367591858,-0.3838476538658142,-0.8780370950698853,-35.59801483154297,5.4294657707214355,9.040152549743652
45281,0,170,30,0,170,30,34,132,-0.4911523461341858,-0.2859472632408142,-0.8482519388198853,-97.26213836669922,7.444732666015625,27.727174758911133
45282,0,170,30,0,170,30,35,144,-0.5038476586341858,-0.11211913824081421,-0.9732519388198853,-108.40717315673828,12.986717224121094,22.79587745666504
45283,0,170,30,0,170,30,35,104,-0.4962792992591858,-0.04083007946610451,-1.0125585794448853,-69.06366729736328,18.818777084350586,16.276792526245117
45284,0,170,30,0,170,30,35,167,-0.4830957055091858,0.2472558617591858,-0.9400488138198853,-121.32320404052734,33.07831954956055,12.918015480041504
45285,0,170,30,0,170,30,35,277,-0.4354882836341858,0.3695703148841858,-0.8365331888198853,-224.5140380859375,23.200456619262695,29.77297592163086
45286,0,170,30,0,170,30,33,116,-0.3588281273841858,0.6742578148841858,-0.7064062356948853,-100.97206115722656,7.658473014831543,7.711908340454102
45287,0,170,30,0,170,30,31,69,-0.3285546898841858,0.7619042992591858,-0.6639257669448853,-65.00259399414062,3.4294657707214355,-0.7003053426742554
45288,0,170,30,0,170,30,30,375,-0.3949609398841858,0.7399316430091858,-0.6712499856948853,-292.92626953125,7.414198398590088,75.055419921875
45289,0,170,30,0,170,30,24,49,-0.3209863305091858,1.037783145904541,-0.11460937559604645,21.2874813079834,-14.967480659484863,13.024885177612305
45290,0,170,30,0,170,30,24,198,-0.2533593773841858,0.8126855492591858,-0.48790037631988525,129.89816284179688,27.04778480529785,-42.02854919433594
45291,0,170,30,0,170,30,22,298,-0.3576074242591858,0.6686425805091858,-0.8358007669448853,200.44778442382812,-12.402595520019531,-85.70793914794922
45292,0,170,30,0,170,30,24,279,-0.6776757836341858,0.4115625023841858,-0.7630468606948853,203.22640991210938,-5.715572357177734,-70.05908203125
45293,0,170,30,0,170,30,23,129,-0.5485253930091858,0.1593652367591858,-0.8709570169448853,43.28748321533203,-67.92931365966797,-18.4865665435791
45294,0,170,30,1,170,30,21,43,-0.5648828148841858,0.1569238305091858,-0.7928320169448853,-19.85755729675293,-13.089618682861328,-10.685038566589355
45295,0,170,30,9,170,30,21,67,-0.6200585961341858,0.07953125238418579,-0.8348242044448853,-12.636183738708496,-24.799543380737305,-29.96748161315918
45296,0,170,30,23,170,30,22,45,-0.7113671898841858,0.12054687738418579,-0.7772070169448853,-5.827022552490234,-13.837709426879883,-25.40259552001953
45297,0,170,30,49,170,30,24,73,-0.7853417992591858,0.09271484613418579,-0.7569433450698853,30.798931121826172,-14.891144752502441,-28.02855110168457
45298,0,170,30,66,170,30,29,181,-0.7211328148841858,-0.2595800757408142,-0.5572363138198853,84.47832489013672,32.75770950317383,63.83404541015625
45299,0,170,30,81,170,30,29,59,-0.7760644555091858,0.2059960961341858,-0.8155370950698853,-9.18580150604248,-43.28809356689453,-7.402595520019531
45300,0,170,30,105,170,30,30,112,-0.7272363305091858,-0.10406249761581421,-0.7195898294448853,38.218780517578125,-22.37206268310547,-51.952213287353516
45301,0,170,30,150,170,30,31,34,-0.7619042992591858,-0.1589941382408142,-0.6512304544448853,1.1806106567382812,-16.936946868896484,-16.0438175201416
45302,0,170,30,194,170,30,33,26,-0.7648339867591858,-0.1743749976158142,-0.6920019388198853,6.7073283195495605,-10.249923706054688,-9.265191078186035
45303,0,170,30,232,170,30,35,12,-0.7831445336341858,-0.10748046636581421,-0.6461035013198853,0.3103817105293274,-7.150687217712402,-5.020915985107422
45304,8,170,30,302,170,30,37,19,-0.7902246117591858,-0.11187499761581421,-0.6570898294448853,10.661526679992676,4.864580154418945,-4.471297740936279
45305,54,170,30,381,170,30,41,49,-0.8412500023841858,-0.1589941382408142,-0.5923925638198853,-10.452977180480957,20.17755699157715,18.81114387512207
45306,103,170,30,440,170,30,43,44,-0.9860253930091858,-0.07378906011581421,-0.8685156106948853,12.646259307861328,4.803511619567871,27.314960479736328
45307,146,170,30,498,170,30,44,48,-0.7716699242591858,-0.1621679663658142,-0.8094335794448853,31.974504470825195,-4.906412124633789,11.620305061340332
45308,172,170,30,559,170,30,44,42,-1.018984317779541,-0.0071386732161045074,-0.7264257669448853,18.081375122070312,-23.257558822631836,0.8722137212753296
45309,192,170,30,612,170,30,45,44,-0.9017968773841858,-0.1287207007408142,-0.19664062559604645,3.272213935852051,-15.914045333862305,-25.219390869140625
45310,207,170,30,659,170,30,45,23,-0.8585839867591858,0.10809570550918579,-0.7767187356948853,-7.262136936187744,-6.310992240905762,-9.891144752502441
45311,210,170,30,689,170,30,45,51,-0.7946191430091858,0.1591210961341858,-0.45274412631988525,-18.666717529296875,-8.78427505493164,-24.303359985351562
45312,206,170,30,702,170,30,46,19,-0.8466210961341858,-0.3684667944908142,-0.6038671731948853,-12.743053436279297,3.8874807357788086,-2.914045810699463
45313,193,170,30,694,170,30,49,76,-1.073671817779541,-0.2908300757408142,-0.7840429544448853,-46.651451110839844,26.421831130981445,-3.402595281600952
45314,161,170,30,629,170,30,51,101,-1.123232364654541,0.07000976800918579,-0.6441503763198853,-26.43770980834961,36.63557052612305,38.03251647949219
45315,100,170,30,575,170,30,51,28,-0.8261132836341858,0.12225586175918579,-0.7237402200698853,22.32564926147461,-2.372061014175415,4.063053131103516
45316,31,170,30,532,170,30,55,113,-0.5724511742591858,-0.3777441382408142,-0.8314062356948853,49.10427474975586,35.18518829345703,-29.555267333984375
45317,9,170,30,479,170,30,55,66,-0.5834375023841858,-0.3149999976158142,-0.8182226419448853,26.035573959350586,22.895112991333008,-17.478931427001953
45318,1,170,30,421,170,30,50,53,-0.6305566430091858,-0.3098730444908142,-0.7733007669448853,-22.681983947753906,-24.18885612487793,7.101221561431885
45319,0,170,30,326,170,30,47,53,-0.6754785180091858,-0.2092871069908142,-0.7767187356948853,-20.910991668701172,-13.349160194396973,19.559236526489258
45320,0,170,30,243,170,30,44,27,-0.7321191430091858,-0.12408202886581421,-0.7313085794448853,4.386717796325684,-10.310992240905762,12.85694694519043
45321,0,170,30,213,170,30,42,45,-0.7897363305091858,-0.04351562634110451,-0.6480566263198853,3.4248852729797363,-18.830078125,23.07068634033203
45322,0,170,30,222,170,30,42,26,-0.7426171898841858,-0.1648535132408142,-0.7452245950698853,-7.0789313316345215,-12.051450729370117,-6.929312705993652
45323,0,170,30,239,170,30,42,21,-0.7616601586341858,-0.07208007574081421,-0.6392675638198853,-6.834656238555908,3.1088550090789795,-11.936946868896484
45324,0,170,30,252,170,30,43,33,-0.7587304711341858,-0.1514257788658142,-0.7149511575698853,-23.49114418029785,-1.2117557525634766,-8.36442756652832
45325,0,170,30,278,170,30,43,13,-0.7733789086341858,-0.0073828138411045074,-0.7486425638198853,-9.613283157348633,3.6432061195373535,0.16992366313934326
45326,33,170,30,323,170,30,44,41,-0.8466210961341858,-0.1575292944908142,-0.7298437356948853,-24.300304412841797,11.780611038208008,5.498167991638184
45327,75,170,30,363,170,30,46,32,-0.7606835961341858,0.05609374865889549,-0.6912695169448853,-11.246870994567871,13.322595596313477,7.437099456787109
45328,107,170,30,406,170,30,46,47,-0.7333398461341858,-0.6162695288658142,-0.40757811069488525,-4.62091588973999,6.788244247436523,35.666107177734375
45329,138,170,30,465,170,30,46,29,-0.8593164086341858,0.2294335961341858,-0.9239355325698853,16.753129959106445,-3.0743510723114014,9.956183433532715
45330,155,170,30,532,170,30,46,44,-0.8375878930091858,-0.1426367163658142,-0.8399511575698853,33.13481140136719,-10.830076217651367,-0.5170992612838745
45331,165,170,30,599,170,30,45,47,-0.8703027367591858,0.009707029908895493,-0.8423925638198853,27.56229019165039,-19.120153427124023,0.734809160232544
45332,179,170,30,666,170,30,45,45,-0.8126855492591858,-0.08965820074081421,-0.5865331888198853,10.615724563598633,-12.81480884552002,-22.394962310791016
45333,186,170,30,715,170,30,45,67,-0.7391992211341858,0.3593164086341858,-0.9378515481948853,-22.804121017456055,-10.14305305480957,-34.08961868286133
45334,190,170,30,721,170,30,45,67,-0.7699609398841858,0.09295898675918579,-0.5484472513198853,-50.269771575927734,9.429465293884277,7.376030445098877
45335,204,170,30,709,170,30,46,32,-0.7318750023841858,0.03949218615889549,-0.6165624856948853,-18.666717529296875,4.956183433532715,-9.280458450317383
45336,215,170,30,689,170,30,47,47,-0.4706445336341858,0.08587890863418579,-0.5501562356948853,-23.460609436035156,17.35312843322754,-6.394961833953857
45337,206,170,30,652,170,30,47,17,-0.7550683617591858,-0.1882910132408142,-0.5899511575698853,7.928702354431152,9.18519115447998,0.6737404465675354
45338,119,170,30,593,170,30,49,96,-1.022402286529541,0.1701074242591858,-0.32334959506988525,40.676795959472656,45.887481689453125,-9.4941987991333
45339,37,170,30,499,170,30,53,95,-0.5504785180091858,-0.2564062476158142,-0.8899999856948853,39.95923614501953,39.75007629394531,-15.952214241027832
45340,11,170,30,419,170,30,51,21,-0.7394433617591858,-0.1358007788658142,-0.7615820169448853,5.837099552154541,7.1088547706604,8.429465293884277
45341,1,170,30,364,170,30,48,34,-0.5487695336341858,-0.2749609351158142,-0.8423925638198853,-5.277404308319092,-16.860610961914062,12.658473014831543
45342,0,170,30,313,170,30,42,75,-0.6764550805091858,-0.05352539196610451,-0.7864843606948853,-31.811756134033203,-33.318626403808594,10.85694694519043
45343,0,170,30,254,170,30,41,59,-0.7550683617591858,-0.06719726324081421,-0.7444921731948853,22.98213768005371,-11.883511543273926,24.689006805419922
45344,0,170,30,230,170,30,40,31,-0.8268457055091858,0.06390625238418579,-0.6456152200698853,-1.827022910118103,-8.61633586883545,20.750076293945312
45345,0,170,30,238,170,30,41,33,-0.7523828148841858,-0.05767578259110451,-0.7317968606948853,23.16534423828125,-8.875877380371094,1.4523664712905884
45346,0,170,30,263,170,30,41,25,-0.8051171898841858,0.0065332017838954926,-0.6719824075698853,-4.895725250244141,-7.303358554840088,-12.944580078125
45347,0,170,30,298,170,30,41,40,-0.7626367211341858,-0.09185546636581421,-0.7105566263198853,-28.865190505981445,-8.03618335723877,-3.4941983222961426
45348,0,170,30,334,170,30,42,38,-0.7575097680091858,-0.08550781011581421,-0.6607519388198853,-25.09419822692871,-8.555267333984375,4.689007759094238
45349,25,170,30,391,170,30,44,22,-0.7680078148841858,-0.04717773571610451,-0.7125097513198853,-9.918625831604004,9.078320503234863,3.024885416030884
45350,76,170,30,450,170,30,45,38,-0.6669335961341858,-0.07476562261581421,-0.7584081888198853,-19.79648780822754,11.85694694519043,7.116488456726074
45352,130,170,30,527,170,30,46,20,-0.7243066430091858,0.09149414300918579,-0.7024999856948853,9.3943510055542,3.2462596893310547,8.353129386901855
45353,165,170,30,609,170,30,46,59,-0.6544824242591858,0.03363281115889549,-0.9075781106948853,45.15007781982422,-5.517099380493164,8.368396759033203
45354,183,170,30,671,170,30,45,66,-0.8190332055091858,0.1286035180091858,-0.5440527200698853,37.9439697265625,-18.295726776123047,10.5058012008667
45355,197,170,30,711,170,30,43,55,-0.8192773461341858,-0.2200292944908142,-0.6675878763198853,33.012672424316406,-12.601068496704102,-9.631603240966797
45356,206,170,30,738,170,30,42,21,-0.7318750023841858,0.10199218988418579,-0.6058202981948853,-8.804122924804688,-4.662137508392334,-7.601068496704102
45357,189,170,30,758,170,30,43,48,-0.9013085961341858,-0.4932226538658142,-0.5723730325698853,-24.223968505859375,-6.1430535316467285,-18.440763473510742
45358,168,170,30,746,170,30,45,77,-0.5641503930091858,0.06024413928389549,-0.6243749856948853,-46.40717315673828,23.93328094482422,-7.1430535316467285
45359,143,170,30,682,170,30,47,45,-0.8349023461341858,-0.10650390386581421,-0.7230077981948853,-27.445343017578125,18.360761642456055,-0.16595420241355896
45360,57,170,30,539,170,30,51,170,-0.8410058617591858,0.0072656236588954926,-0.7891699075698853,78.61572265625,63.3683967590332,-28.82244300842285
45361,17,170,30,433,170,30,54,109,-0.5590234398841858,-0.1917089819908142,-0.8802343606948853,49.02793884277344,42.9256477355957,-18.013282775878906
45362,4,170,30,378,170,30,52,17,-0.6249414086341858,-0.2178320288658142,-0.7823339700698853,6.249312877655029,-2.524732828140259,-8.85297679901123
45363,0,170,30,346,170,30,46,77,-0.5260644555091858,-0.1306738257408142,-0.8172460794448853,-19.078929901123047,-48.6316032409668,-10.150687217712402
45364,0,170,30,309,170,30,40,59,-0.7433496117591858,-0.06768554449081421,-0.7193456888198853,-16.23923683166504,-23.120153427124023,20.276792526245117
45365,0,170,30,282,170,30,39,86,-0.8798242211341858,-0.1973242163658142,-0.7808691263198853,23.256946563720703,-17.196489334106445,46.35313034057617
45366,0,170,30,282,170,30,38,96,-0.8370996117591858,-0.05352539196610451,-0.5999609231948853,29.852367401123047,-36.70793914794922,29.620304107666016
45367,0,170,30,327,170,30,39,35,-0.7260156273841858,-0.2192968726158142,-0.7127538919448853,-22.987327575683594,-5.730839729309082,-6.410229206085205
45368,0,170,30,359,170,30,41,19,-0.8222070336341858,-0.1255468726158142,-0.6275488138198853,-3.2926716804504395,4.605038166046143,-11.188855171203613
45369,0,170,30,378,170,30,43,6,-0.7243066430091858,-0.1521582007408142,-0.7164160013198853,-4.2545037269592285,-0.46366414427757263,1.5745038986206055
45370,0,170,30,398,170,30,43,37,-0.7704492211341858,-0.05303711071610451,-0.6263281106948853,-26.45297622680664,-3.623969316482544,-7.601068496704102
45371,0,170,30,423,170,30,44,23,-0.7785058617591858,-0.10992187261581421,-0.6690527200698853,-4.773587703704834,-8.173587799072266,-10.318625450134277
45372,0,170,30,467,170,30,44,31,-0.7899804711341858,-0.09869140386581421,-0.6419531106948853,-17.201068878173828,-12.860610961914062,1.895114541053772
45373,14,170,30,524,170,30,46,23,-0.7680078148841858,-0.11578124761581421,-0.7012792825698853,-9.18580150604248,12.72717571258545,-1.9216792583465576
45374,73,170,30,581,170,30,47,16,-0.7721582055091858,-0.05376953259110451,-0.6651464700698853,-4.941526412963867,4.299694538116455,6.918015480041504
45375,122,170,30,619,170,30,48,53,-0.5917382836341858,-0.3862890601158142,-0.42393553256988525,-11.17053508758545,20.925647735595703,21.742441177368164
45376,150,170,30,652,170,30,48,47,-0.7997460961341858,-0.1326269507408142,-0.7274023294448853,30.310382843017578,-5.242290019989014,12.276793479919434
45377,168,170,30,700,170,30,48,51,-0.9271875023841858,0.11639648675918579,-0.6067968606948853,25.37908363342285,-9.242290496826172,16.750076293945312
45378,176,170,30,724,170,30,47,39,-0.6027246117591858,-0.3018164038658142,-0.25645506381988525,15.943968772888184,-17.959848403930664,-5.814809322357178
45379,185,170,30,741,170,30,46,21,-0.7523828148841858,-0.3848242163658142,-0.46788084506988525,-3.1399998664855957,-4.417862892150879,-13.662137031555176
45380,181,170,30,744,170,30,46,60,-0.7997460961341858,-0.09917968511581421,-0.6063085794448853,-36.681983947753906,3.734809398651123,-19.936946868896484
45381,160,170,30,729,170,30,47,63,-0.7125878930091858,0.0055566392838954926,-0.7894140481948853,-44.3003044128418,13.872213363647461,-5.158320426940918
45382,122,170,30,692,170,30,49,46,-0.7807031273841858,-0.2073339819908142,-0.6729589700698853,-5.017862319946289,13.032519340515137,28.23099136352539
45383,43,170,30,630,170,30,53,136,-0.8190332055091858,-0.013730470091104507,-0.6421972513198853,56.44778823852539,60.45236587524414,-19.753742218017578
45384,12,170,30,553,170,30,54,29,-0.6015039086341858,-0.3416113257408142,-0.8343359231948853,10.0508394241333,15.001984596252441,-4.517099380493164
45385,3,170,30,480,170,30,51,31,-0.6913476586341858,-0.07354491949081421,-0.7588964700698853,-5.796488285064697,-9.486564636230469,16.475265502929688
45386,0,170,30,409,170,30,46,77,-0.6940332055091858,-0.1567968726158142,-0.7999120950698853,-25.704885482788086,-40.3873291015625,11.482900619506836
45387,0,170,30,353,170,30,44,35,-0.7833886742591858,-0.1318945288658142,-0.6995702981948853,6.432519435882568,-13.74610710144043,15.391297340393066
45388,0,170,30,322,170,30,44,17,-0.7448144555091858,-0.1477636694908142,-0.7405859231948853,-0.9567939043045044,-15.822443008422852,0.429465651512146
45389,0,170,30,318,170,30,43,27,-0.7907128930091858,-0.10870116949081421,-0.7142187356948853,9.653892517089844,-7.4254961013793945,-10.10488510131836
45390,0,170,30,333,170,30,44,26,-0.7936425805091858,-0.1304296851158142,-0.6651464700698853,-11.246870994567871,-3.975114583969116,-10.990381240844727
45391,0,170,30,350,170,30,45,48,-0.7138085961341858,-0.1597265601158142,-0.7237402200698853,-38.13236618041992,-1.914045810699463,-8.425496101379395
45392,0,170,30,383,170,30,45,36,-0.8280664086341858,-0.05157226696610451,-0.7217870950698853,-20.37664031982422,6.208091735839844,-9.677404403686523
45393,21,170,30,430,170,30,47,21,-0.7601953148841858,-0.09454101324081421,-0.6951757669448853,-6.162900447845459,8.910381317138672,6.154656410217285
45394,53,170,30,452,170,30,49,66,-0.7262597680091858,0.06415039300918579,-0.7032324075698853,15.333282470703125,19.566869735717773,31.17755699157715
45395,84,170,30,467,170,30,49,79,-0.8112207055091858,0.03998046740889549,-0.6229101419448853,46.111907958984375,5.353129863739014,28.124120712280273
45396,99,170,30,524,170,30,48,49,-0.8153710961341858,-0.013974610716104507,-0.7479101419448853,35.11954116821289,-10.265191078186035,-3.738473415374756
45397,115,170,30,603,170,30,46,68,-0.6901269555091858,0.1264062523841858,-0.9817968606948853,28.279848098754883,-29.79191017150879,-10.807175636291504
45398,129,170,30,664,170,30,45,47,-0.7609277367591858,-0.4299902319908142,-0.7178808450698853,-2.6209158897399902,-21.761375427246094,-23.50946617126465
45399,134,170,30,697,170,30,45,35,-0.8244042992591858,-0.05596679821610451,-0.8223730325698853,-11.598015785217285,-5.120152473449707,-18.333894729614258
45400,125,170,30,683,170,30,47,51,-0.7445703148841858,-0.10650390386581421,-0.45225584506988525,-34.0560302734375,17.35312843322754,0.0630534291267395
45401,94,170,30,604,170,30,49,49,-0.8615136742591858,-0.013486329466104507,-0.6658788919448853,-15.781222343444824,20.757709503173828,13.101221084594727
45402,34,170,30,467,170,30,52,112,-0.8551660180091858,0.03973632678389549,-0.6324316263198853,31.776031494140625,67.5668716430664,-13.43312931060791
45403,9,170,30,364,170,30,55,80,-0.5646386742591858,-0.2588476538658142,-0.8799902200698853,25.409618377685547,42.940914154052734,-11.952213287353516
45404,1,170,30,268,170,30,54,27,-0.6329980492591858,-0.2676367163658142,-0.8641210794448853,-0.6361831426620483,25.063053131103516,1.391297698020935
45405,0,170,30,174,170,30,51,62,-0.4694238305091858,-0.2500585913658142,-0.8904882669448853,-42.78885269165039,9.582137107849121,10.124122619628906
45406,0,170,30,85,170,30,46,52,-0.5285058617591858,-0.03643554821610451,-0.8497167825698853,-28.9567928314209,-21.639238357543945,-1.4636640548706055
45407,0,170,30,35,170,30,42,78,-0.5153222680091858,-0.05254882946610451,-0.8001562356948853,30.646259307861328,-18.40259552001953,-29.50946617126465
45408,0,170,30,16,170,30,37,87,-0.6998925805091858,-0.10577148199081421,-0.7132421731948853,18.814199447631836,-61.57816696166992,7.269160270690918
45409,0,170,30,20,170,30,36,102,-0.7997460961341858,-0.1360449194908142,-0.6600195169448853,63.394351959228516,-15.56290054321289,23.910381317138672
45410,0,170,30,44,170,30,38,71,-0.7079492211341858,-0.1819433569908142,-0.6758886575698853,50.936336517333984,5.047786235809326,15.34549617767334
45411,0,170,30,83,170,30,38,45,-0.9284082055091858,-0.4756445288658142,-0.6846777200698853,14.234045028686523,-6.051450252532959,25.2691593170166
45412,0,170,30,122,170,30,39,103,-0.6954980492591858,-0.2434667944908142,-0.7418066263198853,-32.25450134277344,-25.578168869018555,45.86457824707031
45413,0,170,30,163,170,30,39,25,-0.7728906273841858,-0.2034277319908142,-0.6768652200698853,-9.964427947998047,-7.547633647918701,7.742442607879639
45414,0,170,30,193,170,30,40,26,-0.7597070336341858,-0.1836523413658142,-0.6312109231948853,-15.414809226989746,-4.998015403747559,5.940916061401367
45415,0,170,30,223,170,30,41,69,-0.7475000023841858,-0.2141699194908142,-0.7159277200698853,-25.59801483154297,-24.998016357421875,19.330228805541992
45416,52,170,30,334,170,30,41,82,-0.8568750023841858,-0.09234374761581421,-0.6483007669448853,-30.758319854736328,-22.57053565979004,-29.478931427001953
45417,98,170,30,438,170,30,42,61,-0.9113183617591858,-0.03619140759110451,-0.5674902200698853,-44.95679473876953,-1.303358793258667,-15.61633586883545
45418,36,170,30,444,170,30,46,80,-0.7775292992591858,-0.1687597632408142,-0.6705175638198853,34.66152572631836,43.169921875,-2.4712977409362793
45419,9,170,30,385,170,30,48,36,-0.7875390648841858,-0.06158203259110451,-0.7037206888198853,-9.994961738586426,14.314961433410645,12.169923782348633
45420,1,170,30,327,170,30,48,36,-0.7482324242591858,-0.1489843726158142,-0.7366796731948853,-22.010229110717773,-10.845343589782715,3.192824363708496
45421,15,170,30,333,170,30,47,8,-0.7931542992591858,-0.1348242163658142,-0.6365820169448853,-0.23923659324645996,-2.0972518920898438,-5.906412124633789
45422,88,170,30,435,170,30,46,17,-0.7892480492591858,-0.1921972632408142,-0.5965429544448853,1.0737404823303223,-7.394961833953857,-8.700304985046387
45423,160,170,30,553,170,30,45,19,-0.5360742211341858,0.07489258050918579,-0.5491796731948853,6.417252063751221,-10.769007682800293,2.475267171859741
45424,177,170,30,620,170,30,45,4,-0.8151269555091858,-0.1768164038658142,-0.5250097513198853,-1.3842748403549194,1.4294655323028564,-1.8911449909210205
45425,98,170,30,632,170,30,45,15,-0.8505273461341858,-0.07403320074081421,-0.6297460794448853,-12.865191459655762,-1.8835115432739258,-1.1735877990722656
45426,29,170,30,564,170,30,51,107,-0.7345605492591858,-0.2752050757408142,-0.6895605325698853,20.615726470947266,55.3683967590332,-31.249923706054688
45428,7,170,30,454,170,30,52,33,-0.6322656273841858,-0.3040136694908142,-0.7806249856948853,12.707327842712402,11.093587875366211,9.391297340393066
45429,0,170,30,371,170,30,49,33,-0.7106347680091858,-0.2529882788658142,-0.7305761575698853,-7.6438164710998535,-13.27282428741455,12.398931503295898
45430,0,170,30,291,170,30,46,38,-0.8370996117591858,-0.1257910132408142,-0.6614843606948853,-4.605648517608643,-16.158321380615234,17.681373596191406
45431,0,170,30,250,170,30,47,18,-0.8070703148841858,-0.1560644507408142,-0.7481542825698853,-0.40717554092407227,-4.539999961853027,13.803511619567871
45432,0,170,30,257,170,30,46,25,-0.7733789086341858,-0.05596679821610451,-0.6692968606948853,-12.834656715393066,-1.4865648746490479,10.96381664276123
45433,0,170,30,275,170,30,46,29,-0.7797265648841858,-0.12237304449081421,-0.6707617044448853,-14.056031227111816,-2.845343589782715,12.353129386901855
45434,0,170,30,301,170,30,46,37,-0.7479882836341858,-0.10528320074081421,-0.7252050638198853,-18.17816734313965,-4.539999961853027,15.131755828857422
45435,28,170,30,368,170,30,46,42,-0.8200097680091858,0.11932617425918579,-0.7308202981948853,-0.3003053665161133,-8.61633586883545,-33.158321380615234
45436,98,170,30,459,170,30,45,71,-0.8727441430091858,-0.3257421851158142,-0.9517675638198853,-4.865190505981445,-30.78427505493164,-35.76900863647461
45437,132,170,30,514,170,30,44,45,-0.8278222680091858,-0.2366308569908142,-0.7178808450698853,-11.048397064208984,-7.929312705993652,-26.883512496948242
45438,45,170,30,465,170,30,49,121,-0.7037988305091858,-0.3088964819908142,-0.5860449075698853,43.0737419128418,71.91801452636719,-6.593435287475586
45439,13,170,30,325,170,30,50,32,-0.7406640648841858,-0.10259765386581421,-0.7288671731948853,-9.65908432006836,6.742442607879639,15.757709503173828
45440,2,170,30,225,170,30,49,65,-0.6850000023841858,-0.1643652319908142,-0.8502050638198853,-27.01786231994629,-22.081985473632812,16.108854293823242
45441,24,170,30,240,170,30,46,32,-0.8048730492591858,-0.09087890386581421,-0.6302343606948853,-14.330840110778809,-4.50946569442749,-13.601068496704102
45442,112,170,30,403,170,30,44,66,-0.7189355492591858,-0.11919921636581421,-0.6951757669448853,40.569923400878906,-24.020917892456055,-2.3491601943969727
45443,184,170,30,548,170,30,44,39,-0.6688867211341858,-0.029111329466104507,-0.6229101419448853,10.371450424194336,-16.540000915527344,-13.081984519958496
45444,131,170,30,596,170,30,44,27,-0.8405175805091858,-0.09722656011581421,-0.6719824075698853,-15.9491605758667,-7.0743513107299805,-4.837709903717041
45445,38,170,30,499,170,30,51,69,-0.7582421898841858,-0.2979101538658142,-0.7259374856948853,15.699694633483887,47.124122619628906,6.7500762939453125
45446,11,170,30,356,170,30,52,51,-0.6276269555091858,-0.2625097632408142,-0.8719335794448853,10.386716842651367,19.04778480529785,21.65083885192871
45447,2,170,30,254,170,30,49,39,-0.7062402367591858,-0.1567968726158142,-0.7264257669448853,6.371450424194336,-16.723207473754883,16.536334991455078
45448,0,170,30,174,170,30,46,33,-0.6769433617591858,-0.1550878882408142,-0.7664648294448853,5.28748083114624,-16.50946617126465,11.696640968322754
45449,0,170,30,116,170,30,44,21,-0.7152734398841858,-0.1436132788658142,-0.7708593606948853,9.776030540466309,-10.356793403625488,1.666106939315796
45450,0,170,30,85,170,30,44,20,-0.7960839867591858,-0.07037109136581421,-0.6082617044448853,-5.353740215301514,0.040152668952941895,14.704275131225586
45451,0,170,30,58,170,30,45,17,-0.7702050805091858,-0.06744140386581421,-0.7007910013198853,-5.811755657196045,10.376030921936035,-1.2041220664978027
45452,0,170,30,42,170,30,46,14,-0.7819238305091858,-0.09576171636581421,-0.7440038919448853,-8.43770980834961,-1.9598474502563477,4.292060852050781
45453,0,170,30,37,170,30,46,39,-0.7299218773841858,-0.03619140759110451,-0.7357031106948853,-23.47587776184082,11.001984596252441,4.734809398651123
45454,0,170,30,33,170,30,47,25,-0.7294335961341858,-0.04937500134110451,-0.7510839700698853,-20.361373901367188,0.8187785744667053,4.460000038146973
45455,0,170,30,32,170,30,46,5,-0.7204003930091858,-0.018857423216104507,-0.7745214700698853,-0.4987785816192627,-2.692671775817871,2.2157251834869385
45456,6,170,30,54,170,30,45,38,-0.7326074242591858,0.08758789300918579,-0.6793066263198853,-24.483510971069336,-4.8911452293396,-8.85297679901123
45457,46,170,30,135,170,30,43,79,-0.7247949242591858,0.05291992053389549,-0.8465429544448853,-13.888092041015625,-22.70793914794922,-42.57816696166992
45458,83,170,30,237,170,30,41,63,-0.7299218773841858,0.06659179925918579,-0.7486425638198853,-14.88045883178711,-14.967480659484863,-33.830078125
45459,48,170,30,233,170,30,43,48,-0.8424707055091858,-0.05743164196610451,-0.5486913919448853,-11.781221389770508,29.185190200805664,-7.707939147949219
45460,13,170,30,143,170,30,47,55,-0.6771875023841858,-0.12066406011581421,-0.8206640481948853,18.020305633544922,9.918015480041504,27.528701782226562
45461,3,170,30,75,170,30,47,31,-0.7228417992591858,-0.04522461071610451,-0.7686620950698853,11.623358726501465,8.055419921875,11.528702735900879
45462,0,170,30,49,170,30,45,69,-0.7035546898841858,-0.07427734136581421,-0.7549902200698853,-24.666717529296875,-29.914047241210938,14.979084014892578
45463,40,170,30,77,170,30,45,23,-0.7350488305091858,-0.00030273571610450745,-0.7076269388198853,-20.43770980834961,-1.5018320083618164,1.6050381660461426
45464,100,170,30,200,170,30,45,29,-0.9996972680091858,-0.04205078259110451,-0.9092870950698853,-3.0178627967834473,-18.036184310913086,8.826412200927734
45465,146,170,30,354,170,30,44,12,-0.7072167992591858,-0.05767578259110451,-0.8343359231948853,4.371450424194336,-1.700305461883545,-6.593435287475586
45466,139,170,30,430,170,30,43,36,-0.8075585961341858,0.023623045533895493,-0.5196386575698853,-8.483511924743652,-5.837709903717041,-21.830078125
45467,50,170,30,352,170,30,47,125,-0.7709375023841858,0.06195312365889549,-0.7061620950698853,19.119543075561523,83.94854736328125,-22.578168869018555
45468,14,170,30,163,170,30,52,83,-0.6547265648841858,-0.09820312261581421,-0.8570410013198853,13.21114444732666,54.25389099121094,-16.0438175201416
45469,3,170,30,65,170,30,50,49,-0.4745507836341858,-0.1719335913658142,-0.9529882669448853,6.982137680053711,-21.089618682861328,21.238624572753906
45470,0,170,30,32,170,30,41,115,-0.6493554711341858,0.025576170533895493,-0.7608495950698853,20.615726470947266,-71.2728271484375,23.788244247436523
45471,0,170,30,26,170,30,39,107,-0.8568750023841858,-0.03350586071610451,-0.7313085794448853,74.24931335449219,-8.601068496704102,24.902748107910156
45472,0,170,30,37,170,30,38,64,-0.7267480492591858,-0.1602148413658142,-0.6724706888198853,23.92870330810547,-22.95221519470215,17.223358154296875
45473,0,170,30,49,170,30,39,46,-0.7755761742591858,-0.023740235716104507,-0.6597753763198853,-27.384273529052734,11.521068572998047,7.543969631195068
45474,0,170,30,59,170,30,42,25,-0.7274804711341858,-0.04034179821610451,-0.7469335794448853,-7.460610866546631,11.276793479919434,-6.776641368865967
45475,0,170,30,70,170,30,42,42,-0.7360253930091858,-0.09063476324081421,-0.7447363138198853,-17.59801483154297,-8.020915985107422,16.719541549682617
45476,13,170,30,111,170,30,43,24,-0.7921777367591858,-0.0073828138411045074,-0.7508398294448853,-1.1705342531204224,-13.761374473571777,-9.891144752502441
45477,57,170,30,207,170,30,42,64,-0.7999902367591858,-0.1279882788658142,-0.38462889194488525,-3.811755657196045,-16.219388961791992,-44.66977310180664
45478,75,170,30,268,170,30,42,53,-0.7233300805091858,-0.05743164196610451,-0.6124120950698853,-17.552213668823242,-13.07435131072998,-22.80717658996582
45479,29,170,30,249,170,30,47,131,-0.7819238305091858,-0.025205079466104507,-0.7198339700698853,41.13481140136719,80.284423828125,-10.547633171081543
45480,7,170,30,153,170,30,49,38,-0.6581445336341858,-0.1987890601158142,-0.7549902200698853,-7.933892726898193,5.322595596313477,25.330228805541992
45481,0,170,30,94,170,30,47,68,-0.6681542992591858,-0.1665624976158142,-0.7662206888198853,-20.758319854736328,-18.799543380737305,28.444732666015625
45482,18,170,30,88,170,30,45,46,-0.8244042992591858,0.025820311158895493,-0.8629003763198853,29.852367401123047,-4.998015403747559,11.956183433532715
45483,105,170,30,199,170,30,44,76,-0.9486718773841858,0.2062402367591858,-0.6761327981948853,-53.888092041015625,-17.975114822387695,4.246259689331055
45484,184,170,30,335,170,30,43,43,-0.8214746117591858,-0.10479491949081421,-0.5442968606948853,12.81419849395752,-17.944581985473633,-13.173587799072266
45485,151,170,30,367,170,30,43,27,-0.7880273461341858,-0.2075781226158142,-0.6553808450698853,-7.262136936187744,-9.669771194458008,-10.715572357177734
45486,47,170,30,281,170,30,50,159,-0.7797265648841858,-0.09307616949081421,-0.6417089700698853,40.38671875,86.62030792236328,-32.120155334472656
45487,14,170,30,163,170,30,53,56,-0.7145410180091858,-0.1389746069908142,-0.7923437356948853,14.539388656616211,37.07831954956055,-5.112519264221191
45489,3,170,30,89,170,30,52,39,-0.5841699242591858,-0.1836523413658142,-0.8257910013198853,-23.704885482788086,3.017251968383789,12.750076293945312
45490,0,170,30,45,170,30,46,62,-0.7118554711341858,-0.1448339819908142,-0.8502050638198853,-17.567480087280273,-37.19649124145508,7.834045886993408
45491,0,170,30,24,170,30,42,87,-0.8539453148841858,0.07147461175918579,-0.6045995950698853,-28.926258087158203,-26.097251892089844,32.322593688964844
45492,0,170,30,13,170,30,42,41,-0.8041406273841858,0.1847558617591858,-0.6456152200698853,-13.140000343322754,8.574503898620605,20.246257781982422
45493,0,170,30,20,170,30,44,37,-0.7492089867591858,-0.12383788824081421,-0.7503515481948853,16.050840377807617,20.620304107666016,0.6584733128547668
45494,0,170,30,37,170,30,45,11,-0.7238183617591858,-0.03912109509110451,-0.7606054544448853,6.844732761383057,1.7195420265197754,2.9027481079101562
45495,0,170,30,54,170,30,44,18,-0.7228417992591858,-0.11211913824081421,-0.7818456888198853,8.310381889343262,-1.7461068630218506,8.750076293945312
45496,0,170,30,74,170,30,44,19,-0.7216210961341858,-0.07305663824081421,-0.7593847513198853,-5.124732494354248,-6.478931427001953,7.864580154418945
45497,2,170,30,115,170,30,42,21,-0.7506738305091858,0.2894921898841858,-0.8707128763198853,-18.23923683166504,-2.020915985107422,-0.8835114240646362
45498,42,170,30,226,170,30,41,108,-0.6776757836341858,0.1339746117591858,-0.7508398294448853,-3.4606103897094727,-22.70793914794922,-82.19648742675781
45499,96,170,30,348,170,30,42,54,-0.7684960961341858,-0.05401367321610451,-0.44151365756988525,-14.101832389831543,-11.898778915405273,-28.944581985473633
45500,68,170,30,395,170,30,43,39,-0.7724023461341858,-0.2295507788658142,-0.5738378763198853,3.1042747497558594,16.314960479736328,20.29206085205078
45501,20,170,30,312,170,30,48,49,-0.6923242211341858,-0.11968749761581421,-0.8130956888198853,1.4096183776855469,20.77297592163086,26.87221336364746
45502,4,170,30,219,170,30,48,23,-0.7311425805091858,-0.09039062261581421,-0.7361913919448853,-4.422442436218262,14.92564868927002,4.353129863739014
45503,0,170,30,190,170,30,47,38,-0.7460351586341858,-0.017392579466104507,-0.7979589700698853,-13.002595901489258,-22.32625961303711,3.513435125350952
45504,6,170,30,239,170,30,45,15,-0.8314843773841858,0.025087889283895493,-0.6373144388198853,-13.094199180603027,-2.081984758377075,0.7500763535499573
45505,65,170,30,346,170,30,45,16,-0.7411523461341858,0.2050195336341858,-0.43809568881988525,2.7378625869750977,-10.173587799072266,-3.127786159515381
45506,132,170,30,477,170,30,44,30,-0.6571679711341858,-0.06084961071610451,-0.33189451694488525,-16.590381622314453,-5.7461066246032715,-7.677404403686523
45507,146,170,30,555,170,30,43,27,-0.7802148461341858,-0.06036132946610451,-0.5130468606948853,12.81419849395752,2.024885416030884,-13.127786636352539
45508,60,170,30,574,170,30,46,87,-0.8756738305091858,-0.0049414075911045074,-0.5970312356948853,15.440152168273926,48.07068634033203,-23.814809799194336
45509,17,170,30,520,170,30,51,113,-0.6215234398841858,-0.2954687476158142,-0.8045507669448853,24.218778610229492,41.459999084472656,-47.43313217163086
45510,4,170,30,438,170,30,51,44,-0.6288476586341858,-0.2964453101158142,-0.7767187356948853,9.333282470703125,22.116487503051758,-12.669771194458008
45511,0,170,30,349,170,30,50,16,-0.6290917992591858,-0.2500585913658142,-0.7791601419448853,0.6767939329147339,14.696640968322754,-0.944580078125
45512,0,170,30,252,170,30,48,33,-0.6056542992591858,-0.2871679663658142,-0.8191992044448853,-15.643816947937012,5.276793956756592,12.093587875366211
45513,0,170,30,164,170,30,46,33,-0.5922265648841858,-0.2778906226158142,-0.8619238138198853,-19.582748413085938,0.22335875034332275,13.803511619567871
45514,0,170,30,105,170,30,45,21,-0.5568261742591858,-0.11529296636581421,-0.8084570169448853,-11.07893180847168,8.910381317138672,1.6355725526809692
45515,0,170,30,66,170,30,43,6,-0.5946679711341858,-0.2146582007408142,-0.8729101419448853,-4.193435192108154,-1.3644275665283203,0.9332824945449829
45516,0,170,30,28,170,30,41,37,-0.5536523461341858,-0.2246679663658142,-0.8519140481948853,-17.61328125,7.734808921813965,11.849312782287598
45517,0,170,30,9,170,30,41,68,-0.6159082055091858,-0.024472657591104507,-0.8878027200698853,-21.15526580810547,27.62793731689453,19.940916061401367
45518,0,170,30,2,170,30,38,81,-0.5914941430091858,-0.1672949194908142,-0.7652441263198853,60.69206237792969,5.704274654388428,15.34549617767334
45519,0,170,30,1,170,30,34,130,-0.6718164086341858,-0.4517187476158142,-0.6563574075698853,47.730228424072266,-49.7003059387207,33.543968200683594
45520,0,170,30,4,170,30,33,126,-0.7223535180091858,-0.4180273413658142,-0.5889745950698853,52.26457977294922,-28.310993194580078,45.956180572509766
45521,0,170,30,8,170,30,34,103,-0.7792382836341858,-0.1890234351158142,-0.5062109231948853,18.6004581451416,-22.70793914794922,62.10885238647461
45522,0,170,30,16,170,30,37,61,-0.8024316430091858,-0.3818945288658142,-0.47544920444488525,46.26457977294922,-0.23465651273727417,15.482900619506836
45523,0,170,30,33,170,30,41,23,-0.8178125023841858,-0.3975195288658142,-0.5506445169448853,-0.48351144790649414,9.5058012008667,13.803511619567871
45524,0,170,30,63,170,30,45,28,-0.7008691430091858,-0.4990820288658142,-0.7098242044448853,10.188243865966797,10.589771270751953,-7.341526508331299
45525,0,170,30,86,170,30,44,90,-0.8107324242591858,-0.2893652319908142,-0.5906835794448853,-28.132366180419922,-15.3949613571167,47.37602996826172
45526,0,170,30,92,170,30,44,21,-0.8351464867591858,-0.1609472632408142,-0.6038671731948853,4.798931121826172,-11.501832008361816,5.238626003265381
45527,0,170,30,80,170,30,45,31,-0.8449121117591858,-0.2302832007408142,-0.5379492044448853,7.272213935852051,-2.6774046421051025,21.37602996826172
45528,0,170,30,56,170,30,46,39,-0.8156152367591858,-0.1607031226158142,-0.5228124856948853,2.9821372032165527,-15.089618682861328,21.055418014526367
45529,0,170,30,49,170,30,48,23,-0.9196191430091858,-0.2400488257408142,-0.35655272006988525,15.318015098571777,-7.623969554901123,-0.944580078125
45530,0,170,30,50,170,30,50,50,-0.8676171898841858,-0.1729101538658142,-0.5923925638198853,15.745495796203613,12.818778991699219,-22.15068817138672
45531,0,170,30,48,170,30,51,18,-0.7902246117591858,-0.2258886694908142,-0.5599218606948853,8.295114517211914,-5.303358554840088,-5.387328147888184
45532,0,170,30,39,170,30,51,37,-0.8493066430091858,-0.1777929663658142,-0.5545507669448853,22.035573959350586,1.4905343055725098,-14.27282428741455
45533,0,170,30,34,170,30,53,50,-0.9196191430091858,-0.2454199194908142,-0.5169531106948853,18.493587493896484,19.887479782104492,12.368396759033203
45534,0,170,30,35,170,30,55,32,-0.8549218773841858,-0.3110937476158142,-0.5779882669448853,5.501221656799316,16.83404541015625,10.200458526611328
45535,0,170,30,37,170,30,56,54,-0.8515039086341858,-0.4085058569908142,-0.5943456888198853,16.40198516845703,27.063053131103516,10.76534366607666
45536,0,170,30,42,170,30,57,41,-0.8222070336341858,-0.2664160132408142,-0.6932226419448853,5.974503993988037,16.879846572875977,18.29206085205078
45537,0,170,30,57,170,30,56,31,-0.8112207055091858,-0.3096289038658142,-0.5743261575698853,-7.323206424713135,3.6432061195373535,21.024885177612305
45538,0,170,30,90,170,30,55,39,-0.8358789086341858,-0.1904882788658142,-0.5262304544448853,-15.704886436462402,-3.975114583969116,20.001983642578125
45539,58,170,30,163,170,30,55,72,-0.6901269555091858,0.12030273675918579,-0.6522070169448853,-21.918624877929688,-18.00564956665039,-32.501834869384766
45540,139,170,30,217,170,30,53,47,-0.6937890648841858,0.1398339867591858,-0.7317968606948853,-34.89572525024414,-0.2499236762523651,-12.547633171081543
45541,197,170,30,244,170,30,51,69,-0.9242578148841858,-0.3054785132408142,-0.8108984231948853,-26.865190505981445,-13.623969078063965,-29.50946617126465
45542,205,170,30,246,170,30,50,28,-0.8153710961341858,-0.5161718726158142,-0.5506445169448853,0.05083972215652466,-7.715572357177734,-20.883512496948242
45544,90,170,30,177,170,30,52,120,-0.7589746117591858,-0.2075781226158142,-0.6661230325698853,55.0737419128418,19.42946434020996,-45.72320556640625
45545,29,170,30,110,170,30,51,32,-0.6530175805091858,-0.5906347632408142,-0.49400389194488525,14.386716842651367,-16.555267333984375,-1.8911449909210205
45546,8,170,30,89,170,30,50,55,-0.7462792992591858,-0.4734472632408142,-0.5230566263198853,-12.346107482910156,-12.845343589782715,29.864580154418945
45547,1,170,30,89,170,30,50,24,-0.8117089867591858,-0.2774023413658142,-0.5672460794448853,3.165343761444092,-3.1812212467193604,17.681373596191406
45548,0,170,30,97,170,30,50,12,-0.8400292992591858,-0.2676367163658142,-0.5110937356948853,5.058473587036133,-1.0132825374603271,6.154656410217285
45549,0,170,30,111,170,30,52,29,-0.8097558617591858,-0.2275976538658142,-0.5140234231948853,12.066106796264648,8.223359107971191,8.979084014892578
45550,0,170,30,130,170,30,53,36,-0.8021875023841858,-0.2766699194908142,-0.6241308450698853,22.035573959350586,7.841679573059082,7.116488456726074
45551,0,170,30,153,170,30,53,8,-0.7975488305091858,-0.3340429663658142,-0.5853124856948853,-7.582747936248779,0.4065648913383484,0.8264122009277344
45552,0,170,30,170,170,30,53,4,-0.8256250023841858,-0.2124609351158142,-0.5547949075698853,1.3027480840682983,-1.5781679153442383,1.6355725526809692
45553,1,170,30,192,170,30,53,3,-0.8280664086341858,-0.1489843726158142,-0.5875097513198853,-0.5903816223144531,-0.875877857208252,1.7577099800109863
45554,23,170,30,221,170,30,53,3,-0.8397851586341858,-0.1992773413658142,-0.5755468606948853,-1.2010687589645386,0.4981679320335388,-2.2575571537017822
45555,41,170,30,232,170,30,53,3,-0.8278222680091858,-0.2092871069908142,-0.5806738138198853,2.9974045753479004,-0.06671756505966187,-0.3033587634563446
45556,31,170,30,221,170,30,53,34,-0.8734765648841858,-0.1629003882408142,-0.5604101419448853,15.272212982177734,10.376030921936035,-8.45603084564209
45557,8,170,30,179,170,30,54,27,-0.7882714867591858,-0.2559179663658142,-0.6534277200698853,1.2569465637207031,3.124122142791748,22.902748107910156
45558,1,170,30,151,170,30,54,18,-0.8029199242591858,-0.1765722632408142,-0.5450292825698853,-12.468244552612305,-2.234656572341919,-3.585801601409912
45559,0,170,30,152,170,30,53,18,-0.8278222680091858,-0.1763281226158142,-0.5977636575698853,-8.743053436279297,-5.242290019989014,4.658473491668701
45560,9,170,30,168,170,30,52,9,-0.8341699242591858,-0.1755957007408142,-0.6163183450698853,2.508854866027832,-3.2575571537017822,-4.104885578155518
45561,51,170,30,191,170,30,52,40,-0.8226953148841858,-0.05791992321610451,-0.5809179544448853,-14.239236831665039,-9.639236450195312,-16.776641845703125
45562,103,170,30,214,170,30,50,50,-0.6554589867591858,-0.2671484351158142,-0.7859960794448853,-5.231603145599365,-21.135419845581055,-24.36442756652832
45563,116,170,30,224,170,30,50,31,-0.7526269555091858,-0.4951757788658142,-0.47227537631988525,-31.414810180664062,-0.35679391026496887,-0.12015268206596375
45564,54,170,30,195,170,30,52,85,-0.9318261742591858,-0.05352539196610451,-0.6089941263198853,26.52412223815918,38.65083694458008,-20.242290496826172
45565,16,170,30,153,170,30,55,99,-0.8056054711341858,-0.1738867163658142,-0.6238867044448853,53.74549865722656,29.750076293945312,-16.013282775878906
45566,4,170,30,109,170,30,56,70,-0.7692285180091858,-0.4258398413658142,-0.47007811069488525,37.791297912597656,18.925647735595703,13.482900619506836
45567,0,170,30,76,170,30,55,13,-0.6002832055091858,-0.4636816382408142,-0.6302343606948853,0.29511451721191406,1.5974047183990479,11.574503898620605
45568,0,170,30,57,170,30,52,51,-0.6806054711341858,-0.3279394507408142,-0.6290136575698853,-43.97969436645508,-4.310992240905762,3.635572671890259
45569,0,170,30,51,170,30,50,50,-0.7719140648841858,-0.1951269507408142,-0.6412206888198853,-22.19343376159668,-20.219390869140625,8.108854293823242
45570,0,170,30,56,170,30,49,47,-0.8419824242591858,-0.2280859351158142,-0.5464941263198853,22.997406005859375,-13.623969078063965,10.704275131225586
45571,0,170,30,72,170,30,49,23,-0.8297753930091858,-0.2449316382408142,-0.6551367044448853,0.5393893718719482,-2.188854932785034,21.101221084594727
45572,0,170,30,85,170,30,49,24,-0.8283105492591858,-0.2178320288658142,-0.5723730325698853,-3.842289924621582,-6.3567938804626465,14.032519340515137
45573,24,170,30,112,170,30,51,15,-0.8253808617591858,-0.2014746069908142,-0.5772558450698853,-1.9796947240829468,6.986717700958252,6.627938747406006
45574,88,170,30,166,170,30,50,26,-0.6520410180091858,-0.3894628882408142,-0.5806738138198853,2.6309924125671387,-6.326259613037109,-17.723207473754883
45575,163,170,30,200,170,30,49,46,-0.8153710961341858,-0.2922949194908142,-0.5694433450698853,-25.99496078491211,-2.158320665359497,18.521068572998047
45576,198,170,30,216,170,30,48,119,-1.144716739654541,-0.06988281011581421,-0.46519529819488525,-50.605648040771484,-21.685039520263672,-47.40259552001953
45577,171,170,30,212,170,30,49,22,-0.8073144555091858,-0.3584570288658142,-0.5240331888198853,-2.9720611572265625,-4.3567938804626465,-15.158320426940918
45578,68,170,30,160,170,30,51,188,-0.9176660180091858,-0.08916991949081421,-0.5919042825698853,87.4554214477539,43.70427322387695,-57.41786193847656
45579,21,170,30,121,170,30,54,107,-0.7020898461341858,-0.7546972632408142,-0.46397459506988525,70.70732879638672,15.795878410339355,-21.433130264282227
45580,6,170,30,106,170,30,50,109,-1.005556583404541,0.2802148461341858,-1.0003515481948853,68.61572265625,0.3302289843559265,-41.02091598510742
45581,0,170,30,104,170,30,50,56,-0.7306542992591858,-0.5252050757408142,-0.42833006381988525,13.821831703186035,0.5592365860939026,41.97145080566406
45582,0,170,30,106,170,30,49,43,-0.7377343773841858,-0.3936132788658142,-0.5433202981948853,-19.552213668823242,-11.578167915344238,12.001984596252441
45583,0,170,30,108,170,30,49,28,-0.8392968773841858,-0.2595800757408142,-0.5159765481948853,-21.323205947875977,-5.776641368865967,1.4523664712905884
45584,0,170,30,99,170,30,48,33,-0.7936425805091858,-0.2520117163658142,-0.5335546731948853,-21.67435073852539,-8.81480884552002,-2.7155725955963135
45585,0,170,30,90,170,30,50,49,-0.8883691430091858,-0.2986425757408142,-0.44566404819488525,31.653894424438477,12.910381317138672,5.085954189300537
45586,0,170,30,99,170,30,51,33,-0.8615136742591858,-0.1438574194908142,-0.6024023294448853,16.081375122070312,8.070687294006348,-9.112519264221191
45587,0,170,30,112,170,30,51,21,-0.7599511742591858,-0.4019140601158142,-0.5562597513198853,3.730228900909424,-4.265191078186035,13.54396915435791
45588,0,170,30,126,170,30,50,48,-0.8141503930091858,-0.2915624976158142,-0.5403906106948853,-8.758320808410645,-13.578167915344238,25.986717224121094
45589,26,170,30,155,170,30,51,16,-0.8300195336341858,-0.2109960913658142,-0.5933691263198853,-12.178168296813965,-2.616335868835449,1.9714504480361938
45590,83,170,30,182,170,30,51,52,-0.7450585961341858,-0.2232031226158142,-0.6319433450698853,-35.399539947509766,4.757709980010986,-11.982748031616211
45591,138,170,30,191,170,30,49,117,-0.9291406273841858,-0.022031251341104507,-0.6275488138198853,-60.223968505859375,-17.715574264526367,-39.952213287353516
45592,145,170,30,193,170,30,50,64,-0.7277246117591858,0.03143554553389549,-0.5879980325698853,-41.68961715698242,-6.402595520019531,-16.196489334106445
45593,90,170,30,176,170,30,51,42,-0.9765039086341858,-0.1795019507408142,-0.40269529819488525,17.409618377685547,10.131755828857422,-15.051450729370117
45594,28,170,30,137,170,30,55,122,-0.7016015648841858,-0.5713476538658142,-0.5394140481948853,58.58518981933594,37.169921875,-26.639238357543945
45595,8,170,30,108,170,30,54,30,-0.7528710961341858,-0.4627050757408142,-0.5416113138198853,16.646259307861328,-5.288091659545898,8.689007759094238
45596,2,170,30,91,170,30,53,43,-0.7941308617591858,-0.3467382788658142,-0.49205076694488525,9.226411819458008,-6.601068496704102,27.9561824798584
45597,0,170,30,85,170,30,52,28,-0.8800683617591858,-0.09698241949081421,-0.49107420444488525,-5.796488285064697,-0.2957252264022827,22.59740447998047
45598,0,170,30,84,170,30,52,24,-0.8458886742591858,-0.3247656226158142,-0.45860350131988525,13.287480354309082,3.2462596893310547,7.940916061401367
45599,0,170,30,88,170,30,53,30,-0.7858300805091858,-0.3523535132408142,-0.49253904819488525,13.485954284667969,3.337862730026245,13.43709945678711
45600,0,170,30,94,170,30,53,12,-0.8319726586341858,-0.3108496069908142,-0.47300779819488525,3.440152645111084,3.276793956756592,5.482900619506836
45601,3,170,30,108,170,30,54,20,-0.8737207055091858,-0.2588476538658142,-0.5377050638198853,-5.781221389770508,0.5745038390159607,14.124122619628906
45602,40,170,30,135,170,30,54,35,-0.7221093773841858,-0.07037109136581421,-0.5486913919448853,-12.376641273498535,-13.242290496826172,-9.936946868896484
45603,92,170,30,158,170,30,52,76,-0.9579492211341858,-0.4895605444908142,-0.47129881381988525,-36.14763259887695,-20.64687156677246,-19.540000915527344
45604,118,170,30,175,170,30,51,37,-0.9074121117591858,-0.1963476538658142,-0.11729492247104645,-27.979694366455078,-1.6545038223266602,-8.288091659545898
45605,92,170,30,177,170,30,52,31,-0.8764062523841858,-0.2698339819908142,-0.5357519388198853,-3.3537402153015137,-8.662137031555176,-19.662137985229492
45606,30,170,30,149,170,30,55,133,-0.8771386742591858,-0.2598242163658142,-0.49839842319488525,47.92870330810547,36.02488327026367,-49.89114761352539
45607,8,170,30,94,170,30,57,74,-0.7643457055091858,-0.5347265601158142,-0.5091406106948853,19.669160842895508,29.307327270507812,-25.95221519470215
45608,1,170,30,53,170,30,56,31,-0.6928125023841858,-0.4175390601158142,-0.5508886575698853,-18.880456924438477,10.574503898620605,-1.7232060432434082
45609,0,170,30,25,170,30,54,32,-0.6691308617591858,-0.5012792944908142,-0.5396581888198853,-15.491145133972168,-3.6392366886138916,-13.830076217651367
45611,0,170,30,10,170,30,51,70,-0.6754785180091858,-0.3989843726158142,-0.5687109231948853,-30.65144920349121,-22.494199752807617,-17.036184310913086
45612,0,170,30,4,170,30,48,86,-0.7274804711341858,-0.4243749976158142,-0.5355077981948853,-62.239234924316406,-7.242290019989014,-17.37206268310547
45613,0,170,30,1,170,30,45,103,-0.6884179711341858,-0.2749609351158142,-0.6575781106948853,-75.2163314819336,-19.700305938720703,-8.410228729248047
45614,0,170,30,4,170,30,43,84,-0.6918359398841858,-0.4395117163658142,-0.5420995950698853,-14.025496482849121,-24.020917892456055,-46.898780822753906
45615,0,170,30,12,170,30,42,91,-0.8073144555091858,-0.3516210913658142,-0.38047850131988525,28.951602935791016,-21.242290496826172,-41.35679626464844
45616,0,170,30,23,170,30,40,33,-0.6793847680091858,-0.5298437476158142,-0.41514647006988525,-6.544579982757568,-24.540000915527344,2.0783205032348633
45617,0,170,30,41,170,30,39,133,-0.6532617211341858,-0.7642187476158142,-0.46104490756988525,-48.46824264526367,-34.570533752441406,50.444732666015625
45618,0,170,30,61,170,30,41,20,-0.8898339867591858,-0.2549414038658142,-0.5066992044448853,-8.300305366516113,-3.761373996734619,8.734808921813965
45619,2,170,30,87,170,30,43,42,-1.448915958404541,0.028749998658895493,-0.10069335997104645,-11.674351692199707,11.139389038085938,19.437097549438477
45620,35,170,30,128,170,30,46,61,-0.7108789086341858,-0.3897070288658142,-0.45347654819488525,27.42488670349121,14.070687294006348,19.7119083404541
45621,78,170,30,186,170,30,48,48,-0.8309960961341858,-0.3892187476158142,-0.5408788919448853,28.58519172668457,8.89511489868164,11.208091735839844
45622,112,170,30,235,170,30,49,17,-0.8173242211341858,-0.3416113257408142,-0.47154295444488525,10.585190773010254,-1.7766411304473877,5.2538933753967285
45623,140,170,30,281,170,30,50,19,-0.8217187523841858,-0.3272070288658142,-0.47447264194488525,14.111907958984375,-4.280457973480225,-0.7766411304473877
45624,157,170,30,325,170,30,50,21,-0.8786035180091858,-0.3814062476158142,-0.49498045444488525,10.066106796264648,-8.127786636352539,3.376030683517456
45625,192,170,30,383,170,30,50,17,-0.7921777367591858,-0.3582128882408142,-0.12681640684604645,9.180610656738281,-7.898778438568115,-0.8071755170822144
45626,213,170,30,434,170,30,50,6,-0.8248925805091858,-0.4116796851158142,-0.44834959506988525,-2.6209158897399902,2.559236764907837,1.1164885759353638
45627,212,170,30,465,170,30,51,3,-0.8434472680091858,-0.3665136694908142,-0.44639647006988525,0.27984732389450073,-2.830076217651367,0.4447328448295593
45628,215,170,30,484,170,30,52,5,-0.9498925805091858,-0.5684179663658142,-0.5589452981948853,-2.1018319129943848,0.34549617767333984,2.7500762939453125
45629,224,170,30,489,170,30,52,2,-0.8351464867591858,-0.3655371069908142,-0.42124998569488525,2.0966410636901855,-0.0819847583770752,0.09358778595924377
45630,236,170,30,479,170,30,53,10,-0.8517480492591858,-0.3633398413658142,-0.44297850131988525,-5.0789313316345215,2.6813740730285645,2.948549747467041
45631,244,170,30,468,170,30,53,97,-0.9152246117591858,0.2399316430091858,-1.2806249856948853,-5.170534133911133,-49.34916305541992,-43.3873291015625
45632,247,170,30,451,170,30,51,78,-0.8024316430091858,-0.4041113257408142,-0.8091894388198853,-15.262137413024902,-36.12778854370117,-26.639238357543945
45633,244,170,30,436,170,30,51,7,-0.8397851586341858,-0.3665136694908142,-0.41490232944488525,-2.6209158897399902,-0.4483969807624817,-4.776641368865967
45634,238,170,30,432,170,30,52,3,-0.8380761742591858,-0.3604101538658142,-0.43907225131988525,1.76076340675354,-0.6010687351226807,-1.066717505455017
45635,236,170,30,413,170,30,53,8,-0.8114648461341858,-0.3774999976158142,-0.39122068881988525,-2.4071755409240723,5.627938747406006,0.16992366313934326
45636,228,170,30,389,170,30,54,30,-1.004091739654541,-0.8379492163658142,-0.7444921731948853,-6.315572261810303,12.54396915435791,11.192824363708496
45637,229,170,30,320,170,30,54,20,-0.6657128930091858,-0.08843749761581421,-0.6319433450698853,-13.063664436340332,2.192824363708496,5.605038166046143
45638,185,170,30,225,170,30,55,21,-0.8058496117591858,-0.4375585913658142,-0.47300779819488525,-11.552213668823242,8.406564712524414,-1.0972518920898438
45639,66,170,30,147,170,30,56,133,-0.8185449242591858,-0.3176855444908142,-0.47837889194488525,39.0737419128418,28.37602996826172,-65.60106658935547
45640,25,170,30,105,170,30,55,23,-0.6015039086341858,-0.6582617163658142,-0.5809179544448853,9.134808540344238,0.26916027069091797,-14.16595458984375
45641,7,170,30,74,170,30,52,32,-0.7826562523841858,-0.3557714819908142,-0.46006834506988525,-8.865191459655762,-9.349160194396973,14.460000038146973
45642,1,170,30,53,170,30,52,13,-0.7526269555091858,-0.4514746069908142,-0.41075193881988525,3.623358726501465,1.7500762939453125,8.551603317260742
45643,0,170,30,36,170,30,52,55,-0.6415429711341858,-0.5481542944908142,-0.5228124856948853,17.134809494018555,13.795877456665039,24.35312843322754
45644,0,170,30,26,170,30,50,38,-0.6676660180091858,-0.4656347632408142,-0.6212011575698853,9.043206214904785,7.551603317260742,22.108854293823242
45645,0,170,30,18,170,30,51,56,-0.8065820336341858,-0.4566015601158142,-0.46592772006988525,20.463054656982422,11.169923782348633,24.979082107543945
45646,0,170,30,13,170,30,53,54,-0.7931542992591858,-0.3608984351158142,-0.5513769388198853,-19.002593994140625,25.704273223876953,9.314961433410645
45647,0,170,30,12,170,30,54,38,-0.8290429711341858,-0.2778906226158142,-0.5482031106948853,-5.781221389770508,30.25389289855957,2.2462594509124756
45648,0,170,30,12,170,30,54,71,-0.7423730492591858,-0.3635839819908142,-0.6756445169448853,-50.11709976196289,13.307328224182129,-8.318625450134277
45649,0,170,30,14,170,30,53,36,-0.7509179711341858,-0.3110937476158142,-0.6553808450698853,-26.132366180419922,-9.425496101379395,-1.3873281478881836
45650,9,170,30,35,170,30,49,58,-0.7653222680091858,-0.3545507788658142,-0.6602636575698853,6.966870307922363,-27.120153427124023,-24.86824607849121
45651,50,170,30,95,170,30,46,92,-0.8864160180091858,-0.2903417944908142,-0.5875097513198853,-26.422441482543945,-34.05145263671875,-31.76900863647461
45652,81,170,30,135,170,30,46,19,-0.7716699242591858,-0.3547949194908142,-0.5442968606948853,-16.391908645629883,1.2462594509124756,-1.6316030025482178
45653,100,170,30,149,170,30,47,26,-0.7785058617591858,-0.3501562476158142,-0.5333105325698853,9.79129695892334,7.078320503234863,9.956183433532715
45654,113,170,30,168,170,30,47,33,-0.7894921898841858,-0.09795898199081421,-0.5938574075698853,17.058473587036133,-6.769007682800293,9.879847526550293
45655,131,170,30,227,170,30,46,49,-0.7628808617591858,-0.5457128882408142,-0.49449217319488525,30.951602935791016,-8.005648612976074,10.5058012008667
45656,144,170,30,280,170,30,46,12,-0.7951074242591858,-0.3879980444908142,-0.5145117044448853,8.081374168395996,-3.9598472118377686,0.7500763535499573
45657,150,170,30,308,170,30,47,7,-0.7995019555091858,-0.3555273413658142,-0.5203710794448853,6.111908435821533,-0.3720610737800598,1.4370992183685303
45658,154,170,30,323,170,30,49,21,-0.7997460961341858,-0.4634374976158142,-0.5018163919448853,16.6004581451416,4.559236526489258,-0.0590839684009552
45659,156,170,30,341,170,30,51,50,-0.8119531273841858,-0.6118749976158142,-0.6107031106948853,34.554656982421875,8.986717224121094,6.719542026519775
45660,162,170,30,356,170,30,52,50,-0.8705468773841858,-0.2449316382408142,-0.44859373569488525,16.12717628479004,15.76534366607666,18.21572494506836
45661,176,170,30,365,170,30,52,1,-0.7955957055091858,-0.3738378882408142,-0.49522459506988525,0.05083972215652466,1.2615265846252441,0.4752671718597412
45662,191,170,30,361,170,30,51,7,-0.7875390648841858,-0.3640722632408142,-0.5125585794448853,7.333282470703125,0.116488516330719,0.24625955522060394
45663,198,170,30,318,170,30,52,30,-0.7775292992591858,-0.3306249976158142,-0.6773535013198853,-18.361373901367188,5.76534366607666,-5.921679496765137
45664,194,170,30,221,170,30,52,28,-0.4205957055091858,-0.2749609351158142,-0.48838865756988525,-8.056031227111816,16.77297592163086,-3.295725107192993
45665,116,170,30,108,170,30,52,64,-0.8468652367591858,-0.2573828101158142,-0.6517187356948853,13.241679191589355,-31.41023063659668,-19.830078125
45666,43,170,30,58,170,30,53,167,-0.6308007836341858,-0.5745214819908142,-0.5589452981948853,90.76839447021484,13.811144828796387,-63.219390869140625
45668,14,170,30,39,170,30,51,14,-0.6881738305091858,-0.5535253882408142,-0.43199217319488525,12.783663749694824,-0.18885499238967896,-1.3567938804626465
45669,3,170,30,30,170,30,48,31,-0.6102929711341858,-0.6477636694908142,-0.47642576694488525,6.203511714935303,-6.585801601409912,18.459999084472656
45670,0,170,30,24,170,30,46,43,-0.6417871117591858,-0.5659765601158142,-0.5040136575698853,-19.552213668823242,-1.9598474502563477,22.04778480529785
45671,0,170,30,17,170,30,46,42,-0.7855859398841858,-0.3936132788658142,-0.47300779819488525,-8.69725227355957,10.024885177612305,23.666105270385742
45672,0,170,30,12,170,30,47,74,-0.7052636742591858,-0.5725683569908142,-0.5240331888198853,-32.80412292480469,5.017251968383789,36.765342712402344
45673,1,170,30,20,170,30,48,30,-0.8244042992591858,-0.3860449194908142,-0.6414648294448853,-16.559846878051758,9.21572494506836,4.918015480041504
45674,40,170,30,60,170,30,46,56,-0.7042871117591858,-0.3943457007408142,-0.6197363138198853,-9.323206901550293,-31.975114822387695,-15.097251892089844
45675,99,170,30,127,170,30,43,38,-0.8427148461341858,-0.4531835913658142,-0.30430662631988525,-11.689619064331055,-11.181221008300781,-15.509465217590332
45676,136,170,30,198,170,30,43,5,-0.7965722680091858,-0.4456152319908142,-0.39537107944488525,0.1424427628517151,-4.0361833572387695,-1.4331297874450684
45677,162,170,30,248,170,30,45,6,-0.7907128930091858,-0.3850683569908142,-0.48130857944488525,4.249312877655029,-1.9903817176818848,-0.07435116171836853
45678,171,170,30,301,170,30,45,56,-0.5580468773841858,-0.1921972632408142,-0.48960936069488525,25.592824935913086,-21.104887008666992,9.314961433410645
45679,180,170,30,371,170,30,46,10,-0.8851953148841858,-0.3174414038658142,-0.36265623569488525,-3.1247329711914062,-2.6468701362609863,4.246259689331055
45680,186,170,30,411,170,30,47,17,-0.8048730492591858,-0.3521093726158142,-0.46202147006988525,9.470686912536621,-6.875877857208252,-1.6316030025482178
45681,196,170,30,425,170,30,48,6,-0.8131738305091858,-0.4109472632408142,-0.46275389194488525,5.989770889282227,0.08595418930053711,0.7500763535499573
45682,193,170,30,431,170,30,50,57,-0.8598046898841858,-0.3809179663658142,-0.6006933450698853,25.440153121948242,15.979083061218262,15.711908340454102
45683,193,170,30,448,170,30,51,90,-0.7814355492591858,-0.2913183569908142,-0.38414061069488525,41.455421447753906,30.162288665771484,18.99435043334961
45684,198,170,30,470,170,30,52,51,-0.9511132836341858,-0.2285742163658142,-0.49205076694488525,20.035573959350586,21.368396759033203,10.154656410217285
45685,205,170,30,484,170,30,52,12,-0.8082910180091858,-0.4265722632408142,-0.44419920444488525,9.134808540344238,-2.3567938804626465,1.0706870555877686
45686,220,170,30,487,170,30,52,6,-0.7992578148841858,-0.4153417944908142,-0.43638670444488525,4.615725040435791,-1.4712977409362793,-0.028549611568450928
45687,230,170,30,467,170,30,53,6,-0.8497949242591858,-0.5454687476158142,-0.46128904819488525,-1.3079389333724976,2.1775572299957275,-3.158320665359497
45688,215,170,30,330,170,30,53,79,-0.9323144555091858,-0.4104589819908142,-0.36460936069488525,-47.62854766845703,8.14702320098877,-23.70793914794922
45689,90,170,30,151,170,30,54,194,-0.8324609398841858,-0.3853124976158142,-0.44834959506988525,31.898168563842773,33.96381759643555,-128.66976928710938
45690,30,170,30,59,170,30,54,74,-0.5267968773841858,-0.8276953101158142,-0.5474706888198853,17.16534423828125,13.521068572998047,-44.19649124145508
45691,10,170,30,27,170,30,51,32,-0.4828515648841858,-0.7439550757408142,-0.49839842319488525,10.905800819396973,6.223358631134033,-15.310992240905762
45692,2,170,30,12,170,30,47,21,-0.5614648461341858,-0.6370214819908142,-0.39854490756988525,2.6767940521240234,-3.6850380897521973,15.63557243347168
45693,0,170,30,7,170,30,44,58,-0.5658593773841858,-0.6919531226158142,-0.43565428256988525,-10.361374855041504,1.3531298637390137,46.47526550292969
45694,0,170,30,4,170,30,42,61,-0.6212792992591858,-0.5571874976158142,-0.5206152200698853,-15.582749366760254,-10.662137031555176,35.43709945678711
45695,0,170,30,3,170,30,43,43,-0.7389550805091858,-0.4768652319908142,-0.41221678256988525,-10.804122924804688,9.001984596252441,23.925647735595703
45696,0,170,30,3,170,30,43,35,-0.6886621117591858,-0.4263281226158142,-0.47374022006988525,-4.819389343261719,-3.3949618339538574,26.841678619384766
45697,0,170,30,5,170,30,43,94,-0.6796289086341858,-0.5095800757408142,-0.47715818881988525,-35.23160171508789,-8.463664054870605,50.30732727050781
45698,0,170,30,11,170,30,45,45,-0.7880273461341858,-0.2764257788658142,-0.5137792825698853,-17.323205947875977,17.15465545654297,-11.372060775756836
45699,0,170,30,12,170,30,46,43,-0.7677636742591858,-0.3728613257408142,-0.5867773294448853,-26.23923683166504,12.666107177734375,-4.959847450256348
45700,0,170,30,15,170,30,47,62,-0.7587304711341858,-0.3460058569908142,-0.6353613138198853,-50.52931213378906,7.5363359451293945,-4.486564636230469
45701,0,170,30,19,170,30,47,48,-0.7348046898841858,-0.3262304663658142,-0.6448827981948853,-35.048397064208984,-6.265190601348877,6.78061056137085
45702,7,170,30,27,170,30,46,52,-0.6984277367591858,-0.3543066382408142,-0.5386816263198853,36.676795959472656,-10.417862892150879,-5.204122066497803
45703,40,170,30,65,170,30,45,51,-0.7487207055091858,-0.1992773413658142,-0.6629492044448853,-14.223969459533691,-21.379695892333984,-15.692671775817871
45704,76,170,30,135,170,30,43,52,-0.8707910180091858,-0.3042578101158142,-0.7115331888198853,8.661526679992676,-25.74610710144043,-18.2880916595459
45705,93,170,30,179,170,30,43,14,-0.7660546898841858,-0.3494238257408142,-0.6817480325698853,-11.56748104095459,1.7806107997894287,1.0554198026657104
45706,97,170,30,201,170,30,44,3,-0.7619042992591858,-0.3657812476158142,-0.5408788919448853,2.7683968544006348,0.3607633113861084,-0.21175572276115417
45707,100,170,30,231,170,30,45,17,-0.8434472680091858,0.03412109240889549,-0.33921873569488525,-0.6819846630096436,-6.127786159515381,-10.608702659606934
45708,115,170,30,291,170,30,45,33,-0.9708886742591858,-0.4785742163658142,-0.7210546731948853,-17.61328125,0.17755722999572754,15.376030921936035
45709,120,170,30,326,170,30,46,22,-0.7636132836341858,-0.4417089819908142,-0.5853124856948853,-14.071297645568848,6.208091735839844,1.8798474073410034
45710,120,170,30,346,170,30,47,21,-0.7738671898841858,-0.3035253882408142,-0.5689550638198853,18.371450424194336,1.8874809741973877,0.8722137212753296
45711,127,170,30,346,170,30,48,38,-0.7704492211341858,-0.3787207007408142,-0.39683592319488525,13.226411819458008,14.116488456726074,10.902748107910156
45713,133,170,30,355,170,30,50,42,-0.8344140648841858,-0.05547851696610451,-0.9971777200698853,16.12717628479004,13.979084014892578,12.139389038085938
45714,143,170,30,362,170,30,50,39,-0.7059960961341858,-0.3997167944908142,-0.5279394388198853,19.058473587036133,12.34549617767334,8.21572494506836
45715,151,170,30,363,170,30,50,3,-0.7655664086341858,-0.3235449194908142,-0.6126562356948853,1.4248855113983154,0.6966411471366882,1.284427523612976
45716,168,170,30,343,170,30,49,109,-0.7487207055091858,-0.5471777319908142,-0.5220800638198853,-76.25450134277344,13.21572494506836,-19.64687156677246
45717,163,170,30,240,170,30,49,78,-1.316591739654541,-0.6965917944908142,-0.5049902200698853,-65.6590805053711,11.490534782409668,-0.8682442903518677
45718,129,170,30,127,170,30,50,38,-0.8200097680091858,-0.024716798216104507,-0.7212988138198853,-25.078929901123047,1.5058016777038574,-11.570534706115723
45719,47,170,30,47,170,30,52,223,-0.8036523461341858,-0.1624121069908142,-0.6087499856948853,75.4554214477539,58.33022689819336,-89.3873291015625
45720,15,170,30,16,170,30,54,129,-0.4704003930091858,-0.5813574194908142,-0.7654882669448853,55.85236740112305,27.6126708984375,-45.81481170654297
45721,5,170,30,7,170,30,50,24,-0.5695214867591858,-0.5642675757408142,-0.6148535013198853,13.440152168273926,-1.3491603136062622,9.666107177734375
45722,0,170,30,4,170,30,44,74,-0.4061914086341858,-0.6272558569908142,-0.7110449075698853,-7.048396587371826,-29.639238357543945,37.46763229370117
45723,0,170,30,4,170,30,39,102,-0.6251855492591858,-0.4065527319908142,-0.6941992044448853,-10.010229110717773,-27.593435287475586,65.20809173583984
45724,0,170,30,6,170,30,40,57,-0.7555566430091858,-0.3965429663658142,-0.7039648294448853,14.371450424194336,2.5745038986206055,40.53633499145508
45725,0,170,30,12,170,30,39,70,-0.7155175805091858,-0.3694433569908142,-0.5774999856948853,-23.93389320373535,-21.333894729614258,24.841678619384766
45726,2,170,30,27,170,30,40,33,-1.413027286529541,0.11883789300918579,-0.0020605474710464478,-16.697250366210938,-2.3262596130371094,14.139389038085938
45727,64,170,30,127,170,30,40,110,-0.6808496117591858,-0.3623632788658142,-0.5840917825698853,18.463054656982422,-49.41022872924805,-42.63923645019531
45728,121,170,30,251,170,30,38,58,-0.7672753930091858,-0.4634374976158142,-0.41514647006988525,10.707327842712402,-23.517099380493164,-24.211755752563477
45729,141,170,30,332,170,30,39,7,-0.7789941430091858,-0.4226660132408142,-0.5140234231948853,3.653892993927002,-0.7995420098304749,-2.8224427700042725
45730,148,170,30,385,170,30,41,6,-0.7909570336341858,-0.4153417944908142,-0.48326170444488525,1.0890076160430908,2.803511381149292,2.6432061195373535
45731,161,170,30,438,170,30,42,68,-0.8261132836341858,-0.7957128882408142,-0.6224218606948853,41.89816665649414,-14.020915985107422,12.353129386901855
45732,182,170,30,483,170,30,41,100,-0.8720117211341858,-0.4976171851158142,-0.44371092319488525,71.4554214477539,-25.0438175201416,-4.196488380432129
45733,187,170,30,494,170,30,42,23,-0.8222070336341858,-0.4815039038658142,-0.30918943881988525,18.860000610351562,-2.4636640548706055,-1.9980151653289795
45734,187,170,30,497,170,30,44,13,-0.8078027367591858,-0.4487890601158142,-0.35826170444488525,10.417251586914062,-2.0361831188201904,-0.9293129444122314
45735,188,170,30,496,170,30,46,36,-0.8016992211341858,-0.5308203101158142,-0.37193357944488525,29.241680145263672,-6.79954195022583,0.8111450672149658
45736,185,170,30,503,170,30,49,54,-0.8527246117591858,-0.7920507788658142,-0.44859373569488525,38.1882438659668,8.299695014953613,7.5745038986206055
45737,194,170,30,506,170,30,50,15,-0.8002343773841858,-0.4773535132408142,-0.34190428256988525,15.195877075195312,-0.14305344223976135,0.0630534291267395
45738,203,170,30,498,170,30,52,12,-0.8370996117591858,-0.4558691382408142,-0.45054686069488525,5.302748203277588,4.513435363769531,-2.410228967666626
45739,223,170,30,477,170,30,52,6,-0.8029199242591858,-0.4734472632408142,-0.37608397006988525,-4.697251796722412,1.521068811416626,-0.21175572276115417
45740,228,170,30,434,170,30,52,67,-0.8693261742591858,-0.6025976538658142,-0.32237303256988525,-33.03313064575195,-12.43312931060791,-21.936946868896484
45741,227,170,30,336,170,30,52,11,-0.7418847680091858,-0.8101171851158142,-0.28501951694488525,-0.3766411542892456,3.5363359451293945,-7.433129787445068
45742,177,170,30,234,170,30,52,71,-0.8080468773841858,-0.2771582007408142,-0.6822363138198853,-39.96442794799805,-12.219388961791992,-19.249923706054688
45743,64,170,30,133,170,30,53,160,-0.8073144555091858,-0.4348730444908142,-0.30088865756988525,48.6309928894043,30.13175392150879,-82.16595458984375
45744,23,170,30,77,170,30,53,78,-0.5646386742591858,-0.6663183569908142,-0.44273436069488525,18.12717628479004,7.047786235809326,-53.70793914794922
45745,7,170,30,37,170,30,48,114,-0.5521875023841858,-0.6902441382408142,-0.39390623569488525,-18.89572525024414,-28.234657287597656,-67.67740631103516
45746,1,170,30,18,170,30,44,91,-0.4601464867591858,-0.7019628882408142,-0.5379492044448853,-65.03312683105469,8.452366828918457,-18.074352264404297
45747,0,170,30,18,170,30,40,77,-0.5094628930091858,-0.7349218726158142,-0.6370702981948853,50.27984619140625,-25.02855110168457,2.4905343055725098
45748,0,170,30,24,170,30,38,19,-0.5267968773841858,-0.6240820288658142,-0.5167089700698853,-13.430076599121094,3.0783207416534424,3.192824363708496
45749,0,170,30,26,170,30,38,139,-0.4730859398841858,-0.7073339819908142,-0.5806738138198853,63.10427474975586,-24.051450729370117,-52.120155334472656
